18 4
18 6
18 7
18 8
18 9
18 11
18 13
18 15
18 16
19 18
20 16
20 17
20 18
21 6
21 18
21 20
23 18
26 18
28 18
29 18
29 20
30 20
30 27
30 29
31 18
33 16
33 18
33 20
35 18
36 1
36 5
36 6
36 7
36 11
36 13
36 16
36 18
36 20
36 21
36 26
36 28
36 33
37 36
39 18
40 18
41 18
44 18
44 21
45 2
45 6
45 18
45 36
46 18
46 20
48 36
50 18
51 18
51 36
52 36
53 18
54 22
54 33
55 18
57 32
57 54
59 18
59 36
61 12
61 34
61 45
62 18
62 40
63 18
64 18
64 26
64 33
64 35
64 36
64 40
64 45
64 54
64 62
66 36
67 54
68 18
68 20
68 21
68 46
69 30
70 32
70 54
70 57
71 36
72 18
72 22
72 24
72 25
72 28
72 30
72 32
72 33
72 36
72 37
72 38
72 47
72 49
72 54
72 56
72 57
72 64
72 67
72 70
73 32
73 57
73 70
73 72
74 3
74 6
74 7
74 11
74 14
74 16
74 17
74 18
74 19
74 20
74 21
74 29
74 30
74 33
74 36
74 44
74 45
74 46
74 59
74 60
74 65
74 68
74 72
75 18
75 74
76 18
76 36
76 51
77 32
77 36
77 37
77 54
77 57
77 67
77 70
77 72
77 73
78 14
78 17
78 18
78 19
78 20
78 21
78 33
78 74
79 18
79 28
79 36
79 72
80 18
80 36
81 7
81 18
81 36
81 74
82 45
82 61
83 9
83 18
83 36
83 59
83 63
83 74
84 47
84 72
85 18
85 36
85 53
85 58
85 72
85 74
86 69
87 18
88 18
89 9
89 18
89 19
89 33
89 36
89 58
89 72
89 74
89 78
89 83
89 85
90 18
90 35
90 64
91 7
91 18
91 36
91 74
91 81
92 18
92 20
92 21
92 55
92 74
92 78
93 36
93 72
94 34
94 61
95 10
95 12
95 18
95 20
95 22
95 25
95 26
95 29
95 30
95 33
95 34
95 36
95 37
95 38
95 45
95 47
95 51
95 54
95 61
95 64
95 65
95 70
95 72
95 74
95 76
95 77
95 79
95 82
95 93
95 94
96 18
96 50
97 93
97 95
98 10
98 95
99 7
99 18
99 36
99 51
99 74
99 76
99 78
99 81
99 91
99 95
100 18
100 33
100 34
100 36
100 51
100 54
100 61
100 72
100 76
100 94
100 95
100 99
101 32
101 57
101 70
101 72
101 73
101 77
102 72
102 84
103 13
103 18
103 36
104 12
104 61
104 95
105 18
105 74
106 36
106 52
106 72
106 95
107 18
108 18
108 36
108 72
108 74
108 85
108 89
108 95
108 106
109 72
109 95
110 72
110 95
110 100
111 72
112 72
113 18
114 18
115 36
115 45
115 93
115 95
115 97
116 7
116 18
116 24
116 36
116 37
116 49
116 52
116 70
116 72
116 74
116 77
116 81
116 91
116 95
116 99
116 106
116 109
116 112
117 60
117 74
118 7
118 18
118 36
118 53
118 85
119 74
120 33
120 54
120 64
120 72
120 95
120 112
121 18
122 25
122 43
122 72
122 95
123 18
123 55
123 74
123 78
123 92
124 95
124 98
125 36
126 58
126 85
126 89
126 118
127 18
127 29
127 36
127 41
127 45
127 74
128 116
130 18
130 20
130 46
130 68
130 74
131 49
131 72
131 116
132 8
132 18
133 36
133 42
133 49
133 72
133 106
133 109
133 111
133 116
133 128
133 131
134 53
134 85
135 7
135 9
135 14
135 17
135 18
135 20
135 29
135 36
135 59
135 60
135 65
135 74
135 78
135 81
135 83
135 85
135 89
135 91
135 95
135 99
135 108
135 116
135 117
135 119
135 129
136 6
136 7
136 9
136 18
136 19
136 20
136 21
136 26
136 36
136 45
136 59
136 64
136 74
136 78
136 81
136 83
136 85
136 89
136 91
136 93
136 95
136 99
136 108
136 115
136 116
136 135
137 36
137 49
137 109
137 116
138 7
138 9
138 16
138 18
138 19
138 20
138 21
138 29
138 33
138 36
138 45
138 46
138 47
138 53
138 54
138 58
138 59
138 64
138 68
138 72
138 74
138 78
138 81
138 83
138 85
138 89
138 91
138 95
138 99
138 108
138 112
138 116
138 118
138 120
138 126
138 127
138 130
138 134
138 135
138 136
11