2 1
3 1
3 2
4 1
4 2
4 3
5 1
5 2
5 3
5 4
6 1
6 2
6 3
6 4
6 5
7 1
7 2
7 3
7 4
7 5
7 6
8 1
8 2
8 3
8 4
8 5
8 6
8 7
9 1
9 2
9 3
9 4
9 5
9 6
9 7
9 8
10 1
10 2
10 3
10 4
10 5
10 6
10 7
10 8
10 9
11 1
11 2
11 3
11 4
11 5
11 6
11 7
11 8
11 9
11 10
12 1
12 2
12 3
12 4
12 5
12 6
12 7
12 8
12 9
12 10
12 11
13 1
13 2
13 3
13 4
13 5
13 6
13 7
13 8
13 9
13 10
13 11
13 12
14 1
14 2
14 3
14 4
14 5
14 6
14 7
14 8
14 9
14 10
14 11
14 12
14 13
15 1
15 2
15 3
15 4
15 5
15 6
15 7
15 8
15 9
15 10
15 11
15 12
15 13
15 14
16 1
16 2
16 3
16 4
16 5
16 6
16 7
16 8
16 9
16 10
16 11
16 12
16 13
16 14
16 15
18 17
19 17
19 18
20 17
20 18
20 19
21 17
21 18
21 19
21 20
22 17
22 18
22 19
22 20
22 21
23 17
23 18
23 19
23 20
23 21
23 22
24 17
24 18
24 19
24 20
24 21
24 22
24 23
25 17
25 18
25 19
25 20
25 21
25 22
25 23
25 24
26 17
26 18
26 19
26 20
26 21
26 22
26 23
26 24
26 25
27 17
27 18
27 19
27 20
27 21
27 22
27 23
27 24
27 25
27 26
28 17
28 18
28 19
28 20
28 21
28 22
28 23
28 24
28 25
28 26
28 27
29 17
29 18
29 19
29 20
29 21
29 22
29 23
29 24
29 25
29 26
29 27
29 28
30 17
30 18
30 19
30 20
30 21
30 22
30 23
30 24
30 25
30 26
30 27
30 28
30 29
31 17
31 18
31 19
31 20
31 21
31 22
31 23
31 24
31 25
31 26
31 27
31 28
31 29
31 30
32 17
32 18
32 19
32 20
32 21
32 22
32 23
32 24
32 25
32 26
32 27
32 28
32 29
32 30
32 31
33 1
33 2
33 13
33 14
33 17
33 18
33 19
33 20
33 21
33 22
33 23
33 24
33 25
33 26
33 27
33 28
33 29
33 30
33 31
33 32
38 1
38 2
38 17
38 18
38 19
38 20
38 21
38 22
38 23
38 24
38 25
38 26
38 27
38 28
38 29
38 30
38 31
38 32
43 1
43 2
43 11
43 12
43 13
43 14
43 15
43 16
43 17
43 18
43 19
43 20
43 21
43 22
43 23
43 24
43 25
43 26
43 27
43 28
43 29
43 30
43 31
43 32
43 33
44 1
44 2
44 11
44 12
44 13
44 14
44 15
44 16
44 17
44 18
44 19
44 20
44 21
44 22
44 23
44 24
44 25
44 26
44 27
44 28
44 29
44 30
44 31
44 32
44 38
45 1
45 2
45 17
45 18
45 19
45 20
45 21
45 22
45 23
45 24
45 25
45 26
45 27
45 28
45 29
45 30
45 31
45 32
45 33
45 43
50 1
50 2
50 3
50 4
50 5
50 6
50 7
50 8
50 9
50 10
50 11
50 12
50 13
50 14
50 15
50 16
50 17
52 1
52 2
52 17
52 18
52 19
52 20
52 21
52 22
52 23
52 24
52 25
52 26
52 27
52 28
52 29
52 30
52 31
52 32
52 38
52 44
56 1
56 2
56 17
56 18
56 19
56 20
56 21
56 22
56 23
56 24
56 25
56 26
56 27
56 28
56 29
56 30
56 31
56 32
56 38
56 52
57 1
57 2
57 11
57 12
57 13
57 14
57 15
57 16
57 17
57 18
57 19
57 20
57 21
57 22
57 23
57 24
57 25
57 26
57 27
57 28
57 29
57 30
57 31
57 32
57 38
57 44
57 52
58 1
58 2
58 17
58 18
58 19
58 20
58 21
58 22
58 23
58 24
58 25
58 26
58 27
58 28
58 29
58 30
58 31
58 32
58 38
58 52
59 1
59 2
59 17
59 18
59 19
59 20
59 21
59 22
59 23
59 24
59 25
59 26
59 27
59 28
59 29
59 30
59 31
59 32
59 33
60 1
60 2
60 17
60 18
60 19
60 20
60 21
60 22
60 23
60 24
60 25
60 26
60 27
60 28
60 29
60 30
60 31
60 32
60 33
60 59
61 1
61 2
61 17
61 18
61 19
61 20
61 21
61 22
61 23
61 24
61 25
61 26
61 27
61 28
61 29
61 30
61 31
61 32
61 33
61 59
61 60
62 1
62 2
62 17
62 18
62 19
62 20
62 21
62 22
62 23
62 24
62 25
62 26
62 27
62 28
62 29
62 30
62 31
62 32
62 33
62 43
62 45
63 1
63 2
63 17
63 18
63 19
63 20
63 21
63 22
63 23
63 24
63 25
63 26
63 27
63 28
63 29
63 30
63 31
63 32
63 33
63 43
63 45
64 1
64 2
64 17
64 18
64 19
64 20
64 21
64 22
64 23
64 24
64 25
64 26
64 27
64 28
64 29
64 30
64 31
64 32
64 33
64 45
65 1
65 2
65 17
65 18
65 19
65 20
65 21
65 22
65 23
65 24
65 25
65 26
65 27
65 28
65 29
65 30
65 31
65 32
65 38
65 52
66 1
66 2
66 17
66 18
66 19
66 20
66 21
66 22
66 23
66 24
66 25
66 26
66 27
66 28
66 29
66 30
66 31
66 32
66 38
66 52
66 56
67 1
67 2
67 17
67 18
67 19
67 20
67 21
67 22
67 23
67 24
67 25
67 26
67 27
67 28
67 29
67 30
67 31
67 32
67 38
67 52
67 58
68 1
68 2
68 17
68 18
68 19
68 20
68 21
68 22
68 23
68 24
68 25
68 26
68 27
68 28
68 29
68 30
68 31
68 32
68 38
68 44
68 57
69 1
69 2
69 17
69 18
69 19
69 20
69 21
69 22
69 23
69 24
69 25
69 26
69 27
69 28
69 29
69 30
69 31
69 32
69 38
69 44
69 52
69 57
70 1
70 2
70 5
70 6
70 7
70 8
70 9
70 10
70 11
70 12
70 13
70 14
70 16
70 17
70 18
70 19
70 20
70 21
70 22
70 23
70 24
70 25
70 26
70 27
70 28
70 29
70 30
70 31
70 32
71 1
71 2
71 6
71 7
71 8
71 9
71 10
71 11
71 12
71 13
71 14
71 16
71 17
71 18
71 19
71 20
71 21
71 22
71 23
71 24
71 25
71 26
71 27
71 28
71 29
71 30
71 31
71 32
72 1
72 2
72 7
72 8
72 9
72 10
72 11
72 12
72 13
72 14
72 16
72 17
72 18
72 19
72 20
72 21
72 22
72 23
72 24
72 25
72 26
72 27
72 28
72 29
72 30
72 31
72 32
73 1
73 2
73 8
73 9
73 10
73 11
73 12
73 13
73 14
73 16
73 17
73 18
73 19
73 20
73 21
73 22
73 23
73 24
73 25
73 26
73 27
73 28
73 29
73 30
73 31
73 32
74 1
74 2
74 9
74 10
74 11
74 12
74 13
74 14
74 16
74 17
74 18
74 19
74 20
74 21
74 22
74 23
74 24
74 25
74 26
74 27
74 28
74 29
74 30
74 31
74 32
75 1
75 2
75 10
75 11
75 12
75 13
75 14
75 16
75 17
75 18
75 19
75 20
75 21
75 22
75 23
75 24
75 25
75 26
75 27
75 28
75 29
75 30
75 31
75 32
76 1
76 2
76 11
76 12
76 13
76 14
76 16
76 17
76 18
76 19
76 20
76 21
76 22
76 23
76 24
76 25
76 26
76 27
76 28
76 29
76 30
76 31
76 32
77 1
77 2
77 11
77 12
77 13
77 14
77 17
77 18
77 19
77 20
77 21
77 22
77 23
77 24
77 25
77 26
77 27
77 28
77 29
77 30
77 31
77 32
78 1
78 2
78 3
78 4
78 5
78 6
78 7
78 8
78 9
78 10
78 11
78 12
78 13
78 14
78 15
78 16
78 17
78 19
78 20
78 21
78 22
78 23
78 24
78 25
78 26
78 27
78 28
78 29
78 30
78 31
78 32
78 50
79 1
79 2
79 3
79 4
79 5
79 6
79 7
79 8
79 9
79 10
79 11
79 12
79 13
79 14
79 15
79 16
79 17
79 20
79 21
79 22
79 23
79 24
79 25
79 26
79 27
79 28
79 29
79 30
79 31
79 32
79 50
79 78
80 1
80 2
80 3
80 4
80 5
80 6
80 7
80 8
80 9
80 10
80 11
80 12
80 13
80 14
80 15
80 16
80 17
80 21
80 22
80 23
80 24
80 25
80 26
80 27
80 28
80 29
80 30
80 31
80 32
80 50
80 78
80 79
81 1
81 2
81 3
81 4
81 5
81 6
81 7
81 8
81 9
81 10
81 11
81 12
81 13
81 14
81 15
81 16
81 17
81 22
81 23
81 24
81 25
81 26
81 27
81 28
81 29
81 30
81 31
81 32
81 50
81 78
81 79
81 80
82 1
82 2
82 3
82 4
82 5
82 6
82 7
82 8
82 9
82 10
82 11
82 12
82 13
82 14
82 15
82 16
82 17
82 23
82 24
82 25
82 26
82 27
82 28
82 29
82 30
82 31
82 32
82 50
82 78
82 79
82 80
82 81
83 1
83 2
83 3
83 4
83 5
83 6
83 7
83 8
83 9
83 10
83 11
83 12
83 13
83 14
83 15
83 16
83 17
83 24
83 25
83 26
83 27
83 28
83 29
83 30
83 31
83 32
83 50
83 78
83 79
83 80
83 81
83 82
84 1
84 2
84 3
84 4
84 5
84 6
84 7
84 8
84 9
84 10
84 11
84 12
84 13
84 14
84 15
84 16
84 17
84 25
84 26
84 27
84 28
84 29
84 30
84 31
84 32
84 50
84 78
84 79
84 80
84 81
84 82
84 83
85 1
85 2
85 3
85 4
85 5
85 6
85 7
85 8
85 9
85 10
85 11
85 12
85 13
85 14
85 15
85 16
85 17
85 26
85 27
85 28
85 29
85 30
85 31
85 32
85 50
85 78
85 79
85 80
85 81
85 82
85 83
85 84
86 1
86 2
86 3
86 4
86 5
86 6
86 7
86 8
86 9
86 10
86 11
86 12
86 13
86 14
86 15
86 16
86 17
86 27
86 28
86 29
86 30
86 31
86 32
86 50
86 78
86 79
86 80
86 81
86 82
86 83
86 84
86 85
87 1
87 2
87 12
87 13
87 14
87 17
87 18
87 19
87 20
87 21
87 22
87 23
87 24
87 25
87 26
87 27
87 28
87 29
87 30
87 31
87 32
88 1
88 2
88 12
88 13
88 14
88 17
88 18
88 19
88 20
88 21
88 22
88 23
88 24
88 25
88 26
88 27
88 28
88 29
88 30
88 31
88 32
89 1
89 2
89 11
89 12
89 13
89 14
89 15
89 16
89 17
89 18
89 19
89 20
89 21
89 22
89 23
89 24
89 25
89 26
89 27
89 28
89 29
89 30
89 31
89 32
89 33
89 38
89 43
89 44
89 45
89 52
89 56
89 57
89 58
89 59
89 60
89 61
89 62
89 63
89 64
89 65
89 66
89 67
89 68
89 69
91 1
91 2
91 14
91 17
91 18
91 19
91 20
91 21
91 22
91 23
91 24
91 25
91 26
91 27
91 28
91 29
91 30
91 31
91 32
91 33
91 89
92 1
92 2
92 14
92 17
92 18
92 19
92 20
92 21
92 22
92 23
92 24
92 25
92 26
92 27
92 28
92 29
92 30
92 31
92 32
92 33
92 89
93 1
93 2
93 17
93 18
93 19
93 20
93 21
93 22
93 23
93 24
93 25
93 26
93 27
93 28
93 29
93 30
93 31
93 32
93 33
93 89
93 92
94 1
94 2
94 17
94 18
94 19
94 20
94 21
94 22
94 23
94 24
94 25
94 26
94 27
94 28
94 29
94 30
94 31
94 32
94 33
94 89
94 92
95 1
95 2
95 11
95 12
95 13
95 14
95 15
95 16
95 17
95 18
95 19
95 20
95 21
95 22
95 23
95 24
95 25
95 26
95 27
95 28
95 29
95 30
95 31
95 32
95 33
95 38
95 43
95 44
95 45
95 52
95 57
95 58
95 59
95 60
95 61
95 62
95 63
95 64
95 65
95 67
95 68
95 69
95 89
95 92
96 1
96 2
96 17
96 18
96 19
96 20
96 21
96 22
96 23
96 24
96 25
96 26
96 27
96 28
96 29
96 30
96 31
96 32
96 33
96 89
96 95
97 1
97 2
97 17
97 18
97 19
97 20
97 21
97 22
97 23
97 24
97 25
97 26
97 27
97 28
97 29
97 30
97 31
97 32
97 33
97 89
97 95
98 1
98 2
98 17
98 18
98 19
98 20
98 21
98 22
98 23
98 24
98 25
98 26
98 27
98 28
98 29
98 30
98 31
98 32
98 33
98 89
98 95
98 97
99 1
99 2
99 17
99 18
99 19
99 20
99 21
99 22
99 23
99 24
99 25
99 26
99 27
99 28
99 29
99 30
99 31
99 32
99 33
99 89
99 95
99 97
99 98
100 1
100 2
100 17
100 18
100 19
100 20
100 21
100 22
100 23
100 24
100 25
100 26
100 27
100 28
100 29
100 30
100 31
100 32
100 33
100 59
100 60
100 61
100 89
100 95
100 97
100 98
101 1
101 2
101 17
101 18
101 19
101 20
101 21
101 22
101 23
101 24
101 25
101 26
101 27
101 28
101 29
101 30
101 31
101 32
101 33
101 89
101 95
101 98
101 100
102 1
102 2
102 17
102 18
102 19
102 20
102 21
102 22
102 23
102 24
102 25
102 26
102 27
102 28
102 29
102 30
102 31
102 32
102 33
102 59
102 60
102 89
102 95
102 98
102 100
102 101
103 1
103 2
103 17
103 18
103 19
103 20
103 21
103 22
103 23
103 24
103 25
103 26
103 27
103 28
103 29
103 30
103 31
103 32
103 33
103 59
103 60
103 89
103 95
103 100
103 101
103 102
104 1
104 2
104 17
104 18
104 19
104 20
104 21
104 22
104 23
104 24
104 25
104 26
104 27
104 28
104 29
104 30
104 31
104 32
104 33
104 59
104 60
104 61
104 89
104 95
104 100
104 102
104 103
105 1
105 2
105 17
105 18
105 19
105 20
105 21
105 22
105 23
105 24
105 25
105 26
105 27
105 28
105 29
105 30
105 31
105 32
105 33
105 89
105 95
105 100
105 102
105 103
105 104
109 1
109 2
109 17
109 18
109 19
109 20
109 21
109 22
109 23
109 24
109 25
109 26
109 27
109 28
109 29
109 30
109 31
109 32
109 33
109 59
109 60
109 89
109 95
109 100
109 103
109 104
110 1
110 2
110 17
110 18
110 19
110 20
110 21
110 22
110 23
110 24
110 25
110 26
110 27
110 28
110 29
110 30
110 31
110 32
110 33
110 59
110 60
110 89
110 95
110 100
110 104
110 109
111 1
111 2
111 17
111 18
111 19
111 20
111 21
111 22
111 23
111 24
111 25
111 26
111 27
111 28
111 29
111 30
111 31
111 32
111 33
111 59
111 60
111 89
111 95
111 100
111 104
111 109
111 110
112 1
112 2
112 17
112 18
112 19
112 20
112 21
112 22
112 23
112 24
112 25
112 26
112 27
112 28
112 29
112 30
112 31
112 32
112 33
112 59
112 60
112 89
112 95
112 100
112 104
112 109
112 110
112 111
113 1
113 2
113 17
113 18
113 19
113 20
113 21
113 22
113 23
113 24
113 25
113 26
113 27
113 28
113 29
113 30
113 31
113 32
113 33
113 59
113 60
113 61
113 89
113 95
113 100
113 104
113 109
113 110
113 112
114 1
114 2
114 17
114 18
114 19
114 20
114 21
114 22
114 23
114 24
114 25
114 26
114 27
114 28
114 29
114 30
114 31
114 32
114 33
114 59
114 60
114 61
114 89
114 95
114 100
114 104
114 109
114 113
115 1
115 2
115 17
115 18
115 19
115 20
115 21
115 22
115 23
115 24
115 25
115 26
115 27
115 28
115 29
115 30
115 31
115 32
115 33
115 59
115 60
115 89
115 95
115 100
115 104
115 109
115 113
115 114
116 1
116 2
116 17
116 18
116 19
116 20
116 21
116 22
116 23
116 24
116 25
116 26
116 27
116 28
116 29
116 30
116 31
116 32
116 33
116 59
116 60
116 89
116 95
116 100
116 104
116 113
116 114
117 1
117 2
117 17
117 18
117 19
117 20
117 21
117 22
117 23
117 24
117 25
117 26
117 27
117 28
117 29
117 30
117 31
117 32
117 33
117 59
117 60
117 89
117 95
117 100
117 104
117 113
117 114
118 1
118 2
118 17
118 18
118 19
118 20
118 21
118 22
118 23
118 24
118 25
118 26
118 27
118 28
118 29
118 30
118 31
118 32
118 33
118 59
118 60
118 89
118 95
118 100
118 104
118 113
118 114
121 1
121 2
121 17
121 18
121 19
121 20
121 21
121 22
121 23
121 24
121 25
121 26
121 27
121 28
121 29
121 30
121 31
121 32
121 33
121 59
121 60
121 89
121 95
121 100
121 104
121 113
121 114
122 1
122 2
122 17
122 18
122 19
122 20
122 21
122 22
122 23
122 24
122 25
122 26
122 27
122 28
122 29
122 30
122 31
122 32
122 33
122 59
122 60
122 61
122 89
122 95
122 100
122 104
122 113
122 114
124 1
124 2
124 17
124 18
124 19
124 20
124 21
124 22
124 23
124 24
124 25
124 26
124 27
124 28
124 29
124 30
124 31
124 32
124 33
124 59
124 60
124 61
124 89
124 95
124 100
124 104
124 113
124 114
124 122
125 1
125 2
125 17
125 18
125 19
125 20
125 21
125 22
125 23
125 24
125 25
125 26
125 27
125 28
125 29
125 30
125 31
125 32
125 33
125 59
125 60
125 61
125 89
125 95
125 100
125 104
125 113
125 114
125 122
125 124
126 1
126 2
126 17
126 18
126 19
126 20
126 21
126 22
126 23
126 24
126 25
126 26
126 27
126 28
126 29
126 30
126 31
126 32
126 33
126 59
126 60
126 61
126 89
126 95
126 100
126 104
126 113
126 114
126 124
126 125
128 1
128 2
128 3
128 4
128 5
128 6
128 7
128 8
128 9
128 10
128 11
128 12
128 13
128 14
128 15
128 16
128 17
128 78
128 79
128 80
128 81
128 82
128 83
128 84
128 85
128 86
130 1
130 2
130 17
130 18
130 19
130 20
130 21
130 22
130 23
130 24
130 25
130 26
130 27
130 28
130 29
130 30
130 31
130 32
130 33
130 59
130 60
130 61
130 89
130 95
130 100
130 104
130 113
130 114
130 124
130 125
130 126
131 1
131 2
131 17
131 18
131 19
131 20
131 21
131 22
131 23
131 24
131 25
131 26
131 27
131 28
131 29
131 30
131 31
131 32
131 33
131 89
131 95
132 1
132 2
132 17
132 18
132 19
132 20
132 21
132 22
132 23
132 24
132 25
132 26
132 27
132 28
132 29
132 30
132 31
132 32
132 33
132 89
132 95
132 131
133 1
133 2
133 17
133 18
133 19
133 20
133 21
133 22
133 23
133 24
133 25
133 26
133 27
133 28
133 29
133 30
133 31
133 32
133 33
133 89
133 95
133 132
134 1
134 2
134 17
134 18
134 19
134 20
134 21
134 22
134 23
134 24
134 25
134 26
134 27
134 28
134 29
134 30
134 31
134 32
134 33
134 89
134 95
135 1
135 2
135 17
135 18
135 19
135 20
135 21
135 22
135 23
135 24
135 25
135 26
135 27
135 28
135 29
135 30
135 31
135 32
135 33
135 89
135 95
135 134
136 1
136 2
136 17
136 18
136 19
136 20
136 21
136 22
136 23
136 24
136 25
136 26
136 27
136 28
136 29
136 30
136 31
136 32
136 33
136 89
136 95
137 1
137 2
137 17
137 18
137 19
137 20
137 21
137 22
137 23
137 24
137 25
137 26
137 27
137 28
137 29
137 30
137 31
137 32
137 33
137 89
137 95
138 1
138 2
138 17
138 18
138 19
138 20
138 21
138 22
138 23
138 24
138 25
138 26
138 27
138 28
138 29
138 30
138 31
138 32
138 33
138 89
138 95
139 1
139 2
139 17
139 18
139 19
139 20
139 21
139 22
139 23
139 24
139 25
139 26
139 27
139 28
139 29
139 30
139 31
139 32
139 33
139 89
139 95
139 138
141 1
141 2
141 17
141 18
141 19
141 20
141 21
141 22
141 23
141 24
141 25
141 26
141 27
141 28
141 29
141 30
141 31
141 32
141 33
141 89
141 95
142 1
142 2
142 11
142 12
142 13
142 14
142 15
142 16
142 17
142 18
142 19
142 20
142 21
142 22
142 23
142 24
142 25
142 26
142 27
142 28
142 29
142 30
142 31
142 32
142 33
142 43
142 45
142 62
142 63
142 89
142 95
142 141
146 1
146 2
146 17
146 18
146 19
146 20
146 21
146 22
146 23
146 24
146 25
146 26
146 27
146 28
146 29
146 30
146 31
146 32
146 33
146 45
146 89
146 95
146 142
147 1
147 2
147 17
147 18
147 19
147 20
147 21
147 22
147 23
147 24
147 25
147 26
147 27
147 28
147 29
147 30
147 31
147 32
147 33
147 45
147 89
147 95
147 142
148 1
148 2
148 17
148 18
148 19
148 20
148 21
148 22
148 23
148 24
148 25
148 26
148 27
148 28
148 29
148 30
148 31
148 32
148 33
148 45
148 89
148 95
148 142
149 1
149 2
149 17
149 18
149 19
149 20
149 21
149 22
149 23
149 24
149 25
149 26
149 27
149 28
149 29
149 30
149 31
149 32
149 33
149 45
149 89
149 95
149 142
149 148
151 1
151 2
151 17
151 18
151 19
151 20
151 21
151 22
151 23
151 24
151 25
151 26
151 27
151 28
151 29
151 30
151 31
151 32
151 33
151 45
151 89
151 95
151 142
152 1
152 2
152 17
152 18
152 19
152 20
152 21
152 22
152 23
152 24
152 25
152 26
152 27
152 28
152 29
152 30
152 31
152 32
152 33
152 45
152 89
152 95
152 142
153 1
153 2
153 17
153 18
153 19
153 20
153 21
153 22
153 23
153 24
153 25
153 26
153 27
153 28
153 29
153 30
153 31
153 32
153 33
153 45
153 89
153 95
153 142
154 1
154 2
154 17
154 18
154 19
154 20
154 21
154 22
154 23
154 24
154 25
154 26
154 27
154 28
154 29
154 30
154 31
154 32
154 33
154 45
154 89
154 95
154 142
154 153
155 1
155 2
155 17
155 18
155 19
155 20
155 21
155 22
155 23
155 24
155 25
155 26
155 27
155 28
155 29
155 30
155 31
155 32
155 33
155 45
155 89
155 95
155 142
156 1
156 2
156 17
156 18
156 19
156 20
156 21
156 22
156 23
156 24
156 25
156 26
156 27
156 28
156 29
156 30
156 31
156 32
156 33
156 45
156 89
156 95
156 142
158 1
158 2
158 17
158 18
158 19
158 20
158 21
158 22
158 23
158 24
158 25
158 26
158 27
158 28
158 29
158 30
158 31
158 32
158 33
158 45
158 89
158 95
158 142
159 1
159 2
159 17
159 18
159 19
159 20
159 21
159 22
159 23
159 24
159 25
159 26
159 27
159 28
159 29
159 30
159 31
159 32
159 33
159 45
159 89
159 95
159 142
160 1
160 2
160 17
160 18
160 19
160 20
160 21
160 22
160 23
160 24
160 25
160 26
160 27
160 28
160 29
160 30
160 31
160 32
160 33
160 45
160 89
160 95
160 142
160 159
161 1
161 2
161 17
161 18
161 19
161 20
161 21
161 22
161 23
161 24
161 25
161 26
161 27
161 28
161 29
161 30
161 31
161 32
161 33
161 45
161 89
161 95
161 142
162 1
162 2
162 17
162 18
162 19
162 20
162 21
162 22
162 23
162 24
162 25
162 26
162 27
162 28
162 29
162 30
162 31
162 32
162 33
162 45
162 89
162 95
163 1
163 2
163 17
163 18
163 19
163 20
163 21
163 22
163 23
163 24
163 25
163 26
163 27
163 28
163 29
163 30
163 31
163 32
163 33
163 45
163 89
163 95
163 142
165 1
165 2
165 17
165 18
165 19
165 20
165 21
165 22
165 23
165 24
165 25
165 26
165 27
165 28
165 29
165 30
165 31
165 32
165 33
165 43
165 45
165 89
165 95
165 142
166 1
166 2
166 17
166 18
166 19
166 20
166 21
166 22
166 23
166 24
166 25
166 26
166 27
166 28
166 29
166 30
166 31
166 32
166 33
166 43
166 45
166 89
166 95
166 142
167 1
167 2
167 11
167 12
167 13
167 14
167 15
167 16
167 17
167 18
167 19
167 20
167 21
167 22
167 23
167 24
167 25
167 26
167 27
167 28
167 29
167 30
167 31
167 32
167 33
167 43
167 45
167 62
167 89
167 95
167 142
168 1
168 2
168 17
168 18
168 19
168 20
168 21
168 22
168 23
168 24
168 25
168 26
168 27
168 28
168 29
168 30
168 31
168 32
168 33
168 43
168 45
168 89
168 95
168 142
168 167
169 1
169 2
169 17
169 18
169 19
169 20
169 21
169 22
169 23
169 24
169 25
169 26
169 27
169 28
169 29
169 30
169 31
169 32
169 33
169 43
169 45
169 89
169 95
169 142
169 167
169 168
170 1
170 2
170 11
170 12
170 13
170 14
170 15
170 16
170 17
170 18
170 19
170 20
170 21
170 22
170 23
170 24
170 25
170 26
170 27
170 28
170 29
170 30
170 31
170 32
170 33
170 43
170 45
170 62
170 89
170 95
170 142
170 167
170 168
170 169
171 1
171 2
171 17
171 18
171 19
171 20
171 21
171 22
171 23
171 24
171 25
171 26
171 27
171 28
171 29
171 30
171 31
171 32
171 33
171 43
171 45
171 89
171 95
171 142
171 167
171 169
171 170
176 1
176 2
176 17
176 18
176 19
176 20
176 21
176 22
176 23
176 24
176 25
176 26
176 27
176 28
176 29
176 30
176 31
176 32
176 33
176 43
176 45
176 89
176 95
176 142
176 167
176 170
178 1
178 2
178 17
178 18
178 19
178 20
178 21
178 22
178 23
178 24
178 25
178 26
178 27
178 28
178 29
178 30
178 31
178 32
178 33
178 43
178 45
178 89
178 95
178 142
179 1
179 2
179 17
179 18
179 19
179 20
179 21
179 22
179 23
179 24
179 25
179 26
179 27
179 28
179 29
179 30
179 31
179 32
179 33
179 43
179 45
179 89
179 95
179 142
180 1
180 2
180 17
180 18
180 19
180 20
180 21
180 22
180 23
180 24
180 25
180 26
180 27
180 28
180 29
180 30
180 31
180 32
180 33
180 43
180 45
180 89
180 95
180 142
180 167
180 170
181 1
181 2
181 3
181 4
181 5
181 6
181 7
181 8
181 9
181 10
181 11
181 12
181 13
181 14
181 15
181 16
181 17
181 78
181 79
181 80
181 81
181 82
181 83
181 84
181 85
181 86
182 1
182 2
182 17
182 18
182 19
182 20
182 21
182 22
182 23
182 24
182 25
182 26
182 27
182 28
182 29
182 30
182 31
182 32
182 33
182 43
182 45
182 89
182 95
182 142
182 167
182 170
183 1
183 2
183 17
183 18
183 19
183 20
183 21
183 22
183 23
183 24
183 25
183 26
183 27
183 28
183 29
183 30
183 31
183 32
183 33
183 43
183 45
183 89
183 95
183 142
183 170
183 182
184 1
184 2
184 17
184 18
184 19
184 20
184 21
184 22
184 23
184 24
184 25
184 26
184 27
184 28
184 29
184 30
184 31
184 32
184 33
184 43
184 45
184 89
184 95
184 142
184 182
184 183
185 1
185 2
185 17
185 18
185 19
185 20
185 21
185 22
185 23
185 24
185 25
185 26
185 27
185 28
185 29
185 30
185 31
185 32
185 33
185 43
185 45
185 89
185 95
185 142
185 182
185 183
185 184
186 1
186 2
186 17
186 18
186 19
186 20
186 21
186 22
186 23
186 24
186 25
186 26
186 27
186 28
186 29
186 30
186 31
186 32
186 33
186 43
186 45
186 89
186 95
186 142
186 182
186 183
186 184
187 1
187 2
187 17
187 18
187 19
187 20
187 21
187 22
187 23
187 24
187 25
187 26
187 27
187 28
187 29
187 30
187 31
187 32
187 33
187 43
187 45
187 89
187 95
187 142
187 182
187 183
187 184
188 1
188 2
188 17
188 18
188 19
188 20
188 21
188 22
188 23
188 24
188 25
188 26
188 27
188 28
188 29
188 30
188 31
188 32
188 33
188 43
188 45
188 89
188 95
188 142
188 182
188 183
188 187
189 1
189 2
189 17
189 18
189 19
189 20
189 21
189 22
189 23
189 24
189 25
189 26
189 27
189 28
189 29
189 30
189 31
189 32
189 33
189 43
189 45
189 89
189 95
189 142
189 182
189 183
189 188
190 1
190 2
190 17
190 18
190 19
190 20
190 21
190 22
190 23
190 24
190 25
190 26
190 27
190 28
190 29
190 30
190 31
190 32
190 33
190 43
190 45
190 89
190 95
190 142
190 183
190 188
190 189
191 1
191 2
191 17
191 18
191 19
191 20
191 21
191 22
191 23
191 24
191 25
191 26
191 27
191 28
191 29
191 30
191 31
191 32
191 33
191 43
191 45
191 89
191 95
191 142
191 188
191 189
191 190
192 1
192 2
192 17
192 18
192 19
192 20
192 21
192 22
192 23
192 24
192 25
192 26
192 27
192 28
192 29
192 30
192 31
192 32
192 33
192 43
192 45
192 63
192 89
192 95
192 142
192 188
192 189
192 190
192 191
193 1
193 2
193 17
193 18
193 19
193 20
193 21
193 22
193 23
193 24
193 25
193 26
193 27
193 28
193 29
193 30
193 31
193 32
193 33
193 43
193 45
193 89
193 95
193 142
193 189
193 190
193 191
193 192
194 1
194 2
194 17
194 18
194 19
194 20
194 21
194 22
194 23
194 24
194 25
194 26
194 27
194 28
194 29
194 30
194 31
194 32
194 33
194 43
194 45
194 89
194 95
194 142
194 190
194 191
194 192
194 193
195 1
195 2
195 17
195 18
195 19
195 20
195 21
195 22
195 23
195 24
195 25
195 26
195 27
195 28
195 29
195 30
195 31
195 32
195 33
195 43
195 45
195 89
195 95
195 142
195 191
195 192
195 193
195 194
196 1
196 2
196 17
196 18
196 19
196 20
196 21
196 22
196 23
196 24
196 25
196 26
196 27
196 28
196 29
196 30
196 31
196 32
196 33
196 43
196 45
196 89
196 95
196 142
196 192
196 193
196 194
196 195
197 1
197 2
197 17
197 18
197 19
197 20
197 21
197 22
197 23
197 24
197 25
197 26
197 27
197 28
197 29
197 30
197 31
197 32
197 33
197 43
197 45
197 89
197 95
197 142
197 192
197 193
197 194
197 195
197 196
198 1
198 2
198 17
198 18
198 19
198 20
198 21
198 22
198 23
198 24
198 25
198 26
198 27
198 28
198 29
198 30
198 31
198 32
198 33
198 43
198 45
198 63
198 89
198 95
198 142
198 192
198 194
198 195
198 196
199 1
199 2
199 17
199 18
199 19
199 20
199 21
199 22
199 23
199 24
199 25
199 26
199 27
199 28
199 29
199 30
199 31
199 32
199 33
199 43
199 45
199 89
199 95
199 142
199 192
199 194
199 195
199 196
199 198
200 1
200 2
200 17
200 18
200 19
200 20
200 21
200 22
200 23
200 24
200 25
200 26
200 27
200 28
200 29
200 30
200 31
200 32
200 33
200 43
200 45
200 89
200 95
200 142
200 192
200 194
200 195
200 196
200 198
200 199
201 1
201 2
201 17
201 18
201 19
201 20
201 21
201 22
201 23
201 24
201 25
201 26
201 27
201 28
201 29
201 30
201 31
201 32
201 33
201 43
201 45
201 63
201 89
201 95
201 142
201 192
201 194
201 195
201 196
201 198
201 200
202 1
202 2
202 17
202 18
202 19
202 20
202 21
202 22
202 23
202 24
202 25
202 26
202 27
202 28
202 29
202 30
202 31
202 32
202 33
202 43
202 45
202 63
202 89
202 95
202 142
202 192
202 194
202 196
202 198
202 201
203 1
203 2
203 17
203 18
203 19
203 20
203 21
203 22
203 23
203 24
203 25
203 26
203 27
203 28
203 29
203 30
203 31
203 32
203 33
203 43
203 45
203 89
203 95
203 142
203 192
203 194
203 196
203 198
203 201
203 202
204 1
204 2
204 17
204 18
204 19
204 20
204 21
204 22
204 23
204 24
204 25
204 26
204 27
204 28
204 29
204 30
204 31
204 32
204 33
204 43
204 45
204 63
204 89
204 95
204 142
204 192
204 194
204 198
204 201
204 202
205 1
205 2
205 17
205 18
205 19
205 20
205 21
205 22
205 23
205 24
205 25
205 26
205 27
205 28
205 29
205 30
205 31
205 32
205 33
205 43
205 45
205 89
205 95
205 142
205 192
205 194
205 198
205 201
205 202
205 204
206 1
206 2
206 17
206 18
206 19
206 20
206 21
206 22
206 23
206 24
206 25
206 26
206 27
206 28
206 29
206 30
206 31
206 32
206 33
206 43
206 45
206 63
206 89
206 95
206 142
206 192
206 198
206 201
206 202
206 204
209 1
209 2
209 3
209 4
209 5
209 6
209 7
209 8
209 9
209 10
209 11
209 12
209 13
209 14
209 15
209 16
209 17
209 78
209 79
209 80
209 81
209 82
209 83
209 84
209 85
209 86
209 181
210 1
210 2
210 3
210 4
210 5
210 6
210 7
210 8
210 9
210 10
210 11
210 12
210 13
210 14
210 15
210 16
210 17
210 78
210 79
210 80
210 81
210 82
210 83
210 84
210 85
210 86
210 181
210 209
211 1
211 2
211 3
211 4
211 5
211 6
211 7
211 8
211 9
211 10
211 11
211 12
211 13
211 14
211 15
211 16
211 17
211 78
211 79
211 80
211 81
211 82
211 83
211 84
211 85
211 86
211 181
212 1
212 2
212 3
212 4
212 5
212 6
212 7
212 8
212 9
212 10
212 11
212 12
212 13
212 14
212 15
212 16
212 17
212 78
212 79
212 80
212 81
212 82
212 83
212 84
212 85
212 86
212 181
212 211
213 1
213 2
213 3
213 4
213 5
213 6
213 7
213 8
213 9
213 10
213 11
213 12
213 13
213 14
213 15
213 16
213 17
213 78
213 79
213 80
213 81
213 82
213 83
213 84
213 85
213 86
213 181
213 211
213 212
214 1
214 2
214 3
214 4
214 5
214 6
214 7
214 8
214 9
214 10
214 11
214 12
214 13
214 14
214 15
214 16
214 17
214 78
214 79
214 80
214 81
214 82
214 83
214 84
214 85
214 86
214 181
214 211
215 1
215 2
215 3
215 4
215 5
215 6
215 7
215 8
215 9
215 10
215 11
215 12
215 13
215 14
215 15
215 16
215 17
215 78
215 79
215 80
215 81
215 82
215 83
215 84
215 85
215 86
215 181
215 214
216 1
216 2
216 3
216 4
216 5
216 6
216 7
216 8
216 9
216 10
216 11
216 12
216 13
216 14
216 15
216 16
216 17
216 78
216 79
216 80
216 81
216 82
216 83
216 84
216 85
216 86
216 181
218 1
218 2
218 17
218 18
218 19
218 20
218 21
218 22
218 23
218 24
218 25
218 26
218 27
218 28
218 29
218 30
218 31
218 32
218 33
218 43
218 45
218 63
218 89
218 95
218 142
218 192
218 198
218 201
218 202
218 204
218 206
219 1
219 2
219 17
219 18
219 19
219 20
219 21
219 22
219 23
219 24
219 25
219 26
219 27
219 28
219 29
219 30
219 31
219 32
219 33
219 43
219 45
219 89
219 95
219 142
219 167
219 170
220 1
220 2
220 17
220 18
220 19
220 20
220 21
220 22
220 23
220 24
220 25
220 26
220 27
220 28
220 29
220 30
220 31
220 32
220 33
220 43
220 45
220 89
220 95
220 142
220 167
220 170
221 1
221 2
221 17
221 18
221 19
221 20
221 21
221 22
221 23
221 24
221 25
221 26
221 27
221 28
221 29
221 30
221 31
221 32
221 33
221 43
221 45
221 89
221 95
221 142
221 167
221 170
221 220
222 1
222 2
222 17
222 18
222 19
222 20
222 21
222 22
222 23
222 24
222 25
222 26
222 27
222 28
222 29
222 30
222 31
222 32
222 33
222 43
222 45
222 89
222 95
222 142
222 167
222 170
222 220
222 221
223 1
223 2
223 17
223 18
223 19
223 20
223 21
223 22
223 23
223 24
223 25
223 26
223 27
223 28
223 29
223 30
223 31
223 32
223 33
223 43
223 45
223 89
223 95
223 142
223 167
223 170
223 221
223 222
224 1
224 2
224 17
224 18
224 19
224 20
224 21
224 22
224 23
224 24
224 25
224 26
224 27
224 28
224 29
224 30
224 31
224 32
224 33
224 43
224 45
224 89
224 95
224 142
224 167
224 170
224 222
224 223
225 1
225 2
225 17
225 18
225 19
225 20
225 21
225 22
225 23
225 24
225 25
225 26
225 27
225 28
225 29
225 30
225 31
225 32
225 33
225 43
225 45
225 89
225 95
225 142
225 167
225 170
225 223
225 224
226 1
226 2
226 17
226 18
226 19
226 20
226 21
226 22
226 23
226 24
226 25
226 26
226 27
226 28
226 29
226 30
226 31
226 32
226 33
226 43
226 45
226 62
226 89
226 95
226 142
226 167
226 170
226 223
226 224
226 225
227 1
227 2
227 17
227 18
227 19
227 20
227 21
227 22
227 23
227 24
227 25
227 26
227 27
227 28
227 29
227 30
227 31
227 32
227 33
227 43
227 45
227 89
227 95
227 142
227 167
227 170
227 223
227 224
227 226
228 1
228 2
228 17
228 18
228 19
228 20
228 21
228 22
228 23
228 24
228 25
228 26
228 27
228 28
228 29
228 30
228 31
228 32
228 33
228 43
228 45
228 89
228 95
228 142
228 167
228 170
228 224
228 226
228 227
229 1
229 2
229 17
229 18
229 19
229 20
229 21
229 22
229 23
229 24
229 25
229 26
229 27
229 28
229 29
229 30
229 31
229 32
229 33
229 43
229 45
229 89
229 95
229 142
229 167
229 170
229 226
229 227
229 228
230 1
230 2
230 17
230 18
230 19
230 20
230 21
230 22
230 23
230 24
230 25
230 26
230 27
230 28
230 29
230 30
230 31
230 32
230 33
230 43
230 45
230 89
230 95
230 142
230 167
230 170
230 226
230 227
230 228
230 229
231 1
231 2
231 17
231 18
231 19
231 20
231 21
231 22
231 23
231 24
231 25
231 26
231 27
231 28
231 29
231 30
231 31
231 32
231 33
231 43
231 45
231 62
231 89
231 95
231 142
231 167
231 170
231 226
231 227
231 229
232 1
232 2
232 17
232 18
232 19
232 20
232 21
232 22
232 23
232 24
232 25
232 26
232 27
232 28
232 29
232 30
232 31
232 32
232 33
232 43
232 45
232 89
232 95
232 142
232 167
232 170
232 226
232 227
232 229
232 231
233 1
233 2
233 17
233 18
233 19
233 20
233 21
233 22
233 23
233 24
233 25
233 26
233 27
233 28
233 29
233 30
233 31
233 32
233 33
233 43
233 45
233 62
233 89
233 95
233 142
233 167
233 170
233 226
233 227
233 231
234 1
234 2
234 17
234 18
234 19
234 20
234 21
234 22
234 23
234 24
234 25
234 26
234 27
234 28
234 29
234 30
234 31
234 32
234 33
234 43
234 45
234 89
234 95
234 142
234 167
234 170
234 226
234 227
234 231
234 233
235 1
235 2
235 17
235 18
235 19
235 20
235 21
235 22
235 23
235 24
235 25
235 26
235 27
235 28
235 29
235 30
235 31
235 32
235 33
235 43
235 45
235 62
235 89
235 95
235 142
235 167
235 170
235 226
235 231
235 233
238 1
238 2
238 3
238 4
238 5
238 6
238 7
238 8
238 9
238 10
238 11
238 12
238 13
238 14
238 15
238 16
238 17
238 78
238 79
238 80
238 81
238 82
238 83
238 84
238 85
238 86
239 1
239 2
239 3
239 4
239 5
239 6
239 7
239 8
239 9
239 10
239 11
239 12
239 13
239 14
239 15
239 16
239 17
239 78
239 79
239 80
239 81
239 82
239 83
239 84
239 85
239 86
239 238
240 1
240 2
240 3
240 4
240 5
240 6
240 7
240 8
240 9
240 10
240 11
240 12
240 13
240 14
240 15
240 16
240 17
240 78
240 79
240 80
240 81
240 82
240 83
240 84
240 85
240 86
241 1
241 2
241 3
241 4
241 5
241 6
241 7
241 8
241 9
241 10
241 11
241 12
241 13
241 14
241 15
241 16
241 17
241 78
241 79
241 80
241 81
241 82
241 83
241 84
241 85
241 86
241 240
242 1
242 2
242 3
242 4
242 5
242 6
242 7
242 8
242 9
242 10
242 11
242 12
242 13
242 14
242 15
242 16
242 17
242 78
242 79
242 80
242 81
242 82
242 83
242 84
242 85
242 86
244 1
244 2
244 17
244 18
244 19
244 20
244 21
244 22
244 23
244 24
244 25
244 26
244 27
244 28
244 29
244 30
244 31
244 32
244 33
244 43
244 45
244 62
244 89
244 95
244 142
244 167
244 170
244 226
244 231
244 233
244 235
245 1
245 2
245 17
245 18
245 19
245 20
245 21
245 22
245 23
245 24
245 25
245 26
245 27
245 28
245 29
245 30
245 31
245 32
245 33
245 45
245 89
245 95
248 1
248 2
248 17
248 18
248 19
248 20
248 21
248 22
248 23
248 24
248 25
248 26
248 27
248 28
248 29
248 30
248 31
248 32
248 89
248 95
249 1
249 2
249 17
249 18
249 19
249 20
249 21
249 22
249 23
249 24
249 25
249 26
249 27
249 28
249 29
249 30
249 31
249 32
249 89
249 95
252 1
252 2
252 17
252 18
252 19
252 20
252 21
252 22
252 23
252 24
252 25
252 26
252 27
252 28
252 29
252 30
252 31
252 32
252 38
252 52
252 89
252 95
253 1
253 2
253 17
253 18
253 19
253 20
253 21
253 22
253 23
253 24
253 25
253 26
253 27
253 28
253 29
253 30
253 31
253 32
253 38
253 52
253 89
254 1
254 2
254 17
254 18
254 19
254 20
254 21
254 22
254 23
254 24
254 25
254 26
254 27
254 28
254 29
254 30
254 31
254 32
254 38
254 89
255 1
255 2
255 17
255 18
255 19
255 20
255 21
255 22
255 23
255 24
255 25
255 26
255 27
255 28
255 29
255 30
255 31
255 32
255 38
255 89
255 254
256 1
256 2
256 17
256 18
256 19
256 20
256 21
256 22
256 23
256 24
256 25
256 26
256 27
256 28
256 29
256 30
256 31
256 32
257 1
257 2
257 17
257 18
257 19
257 20
257 21
257 22
257 23
257 24
257 25
257 26
257 27
257 28
257 29
257 30
257 31
257 32
257 256
258 1
258 2
258 17
258 18
258 19
258 20
258 21
258 22
258 23
258 24
258 25
258 26
258 27
258 28
258 29
258 30
258 31
258 32
259 1
259 2
259 17
259 18
259 19
259 20
259 21
259 22
259 23
259 24
259 25
259 26
259 27
259 28
259 29
259 30
259 31
259 32
259 258
260 1
260 2
260 17
260 18
260 19
260 20
260 21
260 22
260 23
260 24
260 25
260 26
260 27
260 28
260 29
260 30
260 31
260 32
261 1
261 2
261 16
261 17
261 18
261 19
261 20
261 21
261 22
261 23
261 24
261 25
261 26
261 27
261 28
261 29
261 30
261 31
261 32
261 260
262 1
262 2
262 10
262 16
262 17
262 18
262 19
262 20
262 21
262 22
262 23
262 24
262 25
262 26
262 27
262 28
262 29
262 30
262 31
262 32
262 260
262 261
263 1
263 2
263 9
263 10
263 16
263 17
263 18
263 19
263 20
263 21
263 22
263 23
263 24
263 25
263 26
263 27
263 28
263 29
263 30
263 31
263 32
263 260
263 261
263 262
264 1
264 2
264 8
264 9
264 10
264 16
264 17
264 18
264 19
264 20
264 21
264 22
264 23
264 24
264 25
264 26
264 27
264 28
264 29
264 30
264 31
264 32
264 260
264 261
264 262
264 263
265 1
265 2
265 7
265 8
265 9
265 10
265 16
265 17
265 18
265 19
265 20
265 21
265 22
265 23
265 24
265 25
265 26
265 27
265 28
265 29
265 30
265 31
265 32
265 260
265 261
265 262
265 263
265 264
266 1
266 2
266 6
266 7
266 8
266 9
266 10
266 16
266 17
266 18
266 19
266 20
266 21
266 22
266 23
266 24
266 25
266 26
266 27
266 28
266 29
266 30
266 31
266 32
266 260
266 261
266 262
266 263
266 264
266 265
267 1
267 2
267 5
267 6
267 7
267 8
267 9
267 10
267 16
267 17
267 18
267 19
267 20
267 21
267 22
267 23
267 24
267 25
267 26
267 27
267 28
267 29
267 30
267 31
267 32
267 260
267 261
267 262
267 263
267 264
267 265
267 266
268 1
268 2
268 17
268 18
268 19
268 20
268 21
268 22
268 23
268 24
268 25
268 26
268 27
268 28
268 29
268 30
268 31
268 32
268 38
268 52
268 89
269 1
269 2
269 17
269 18
269 19
269 20
269 21
269 22
269 23
269 24
269 25
269 26
269 27
269 28
269 29
269 30
269 31
269 32
269 38
269 52
269 89
269 268
270 1
270 2
270 17
270 18
270 19
270 20
270 21
270 22
270 23
270 24
270 25
270 26
270 27
270 28
270 29
270 30
270 31
270 32
270 38
270 52
270 56
270 66
270 89
270 268
270 269
271 1
271 2
271 17
271 18
271 19
271 20
271 21
271 22
271 23
271 24
271 25
271 26
271 27
271 28
271 29
271 30
271 31
271 32
271 38
271 52
271 89
271 269
271 270
272 1
272 2
272 17
272 18
272 19
272 20
272 21
272 22
272 23
272 24
272 25
272 26
272 27
272 28
272 29
272 30
272 31
272 32
272 38
272 52
272 56
272 89
272 270
272 271
273 1
273 2
273 17
273 18
273 19
273 20
273 21
273 22
273 23
273 24
273 25
273 26
273 27
273 28
273 29
273 30
273 31
273 32
273 38
273 52
273 56
273 66
273 89
273 270
273 272
274 1
274 2
274 17
274 18
274 19
274 20
274 21
274 22
274 23
274 24
274 25
274 26
274 27
274 28
274 29
274 30
274 31
274 32
274 38
274 52
274 89
274 270
274 272
274 273
275 1
275 2
275 17
275 18
275 19
275 20
275 21
275 22
275 23
275 24
275 25
275 26
275 27
275 28
275 29
275 30
275 31
275 32
275 38
275 52
275 56
275 66
275 89
275 270
275 272
275 273
277 1
277 2
277 17
277 18
277 19
277 20
277 21
277 22
277 23
277 24
277 25
277 26
277 27
277 28
277 29
277 30
277 31
277 32
277 38
277 52
277 56
277 89
277 270
277 273
277 275
278 1
278 2
278 17
278 18
278 19
278 20
278 21
278 22
278 23
278 24
278 25
278 26
278 27
278 28
278 29
278 30
278 31
278 32
278 38
278 52
278 56
278 89
278 270
278 273
278 275
278 277
279 1
279 2
279 17
279 18
279 19
279 20
279 21
279 22
279 23
279 24
279 25
279 26
279 27
279 28
279 29
279 30
279 31
279 32
279 38
279 52
279 56
279 66
279 89
279 270
279 273
279 275
281 1
281 2
281 17
281 18
281 19
281 20
281 21
281 22
281 23
281 24
281 25
281 26
281 27
281 28
281 29
281 30
281 31
281 32
281 38
281 52
281 56
281 89
281 270
281 273
281 275
281 279
283 1
283 2
283 17
283 18
283 19
283 20
283 21
283 22
283 23
283 24
283 25
283 26
283 27
283 28
283 29
283 30
283 31
283 32
283 38
283 52
283 56
283 66
283 89
283 270
283 273
283 275
283 279
285 1
285 2
285 3
285 4
285 5
285 6
285 7
285 8
285 9
285 10
285 11
285 12
285 13
285 14
285 15
285 16
285 17
285 78
285 79
285 80
285 81
285 82
285 83
285 84
285 85
285 86
286 1
286 2
286 3
286 4
286 5
286 6
286 7
286 8
286 9
286 10
286 11
286 12
286 13
286 14
286 15
286 16
286 17
286 78
286 79
286 80
286 81
286 82
286 83
286 84
286 85
286 86
288 1
288 2
288 17
288 18
288 19
288 20
288 21
288 22
288 23
288 24
288 25
288 26
288 27
288 28
288 29
288 30
288 31
288 32
288 38
288 52
288 56
288 66
288 89
288 270
288 273
288 275
288 279
288 283
289 1
289 2
289 17
289 18
289 19
289 20
289 21
289 22
289 23
289 24
289 25
289 26
289 27
289 28
289 29
289 30
289 31
289 32
289 38
289 52
289 89
289 95
290 1
290 2
290 17
290 18
290 19
290 20
290 21
290 22
290 23
290 24
290 25
290 26
290 27
290 28
290 29
290 30
290 31
290 32
290 38
290 52
290 89
290 95
290 289
291 1
291 2
291 17
291 18
291 19
291 20
291 21
291 22
291 23
291 24
291 25
291 26
291 27
291 28
291 29
291 30
291 31
291 32
291 38
291 52
291 89
291 95
291 289
292 1
292 2
292 17
292 18
292 19
292 20
292 21
292 22
292 23
292 24
292 25
292 26
292 27
292 28
292 29
292 30
292 31
292 32
292 38
292 52
292 89
292 95
292 291
293 1
293 2
293 17
293 18
293 19
293 20
293 21
293 22
293 23
293 24
293 25
293 26
293 27
293 28
293 29
293 30
293 31
293 32
293 38
293 52
293 89
293 95
294 1
294 2
294 17
294 18
294 19
294 20
294 21
294 22
294 23
294 24
294 25
294 26
294 27
294 28
294 29
294 30
294 31
294 32
294 38
294 52
294 89
294 95
294 293
295 1
295 2
295 17
295 18
295 19
295 20
295 21
295 22
295 23
295 24
295 25
295 26
295 27
295 28
295 29
295 30
295 31
295 32
295 38
295 52
295 89
295 95
295 293
295 294
296 1
296 2
296 17
296 18
296 19
296 20
296 21
296 22
296 23
296 24
296 25
296 26
296 27
296 28
296 29
296 30
296 31
296 32
296 38
296 52
296 89
296 95
296 293
296 294
296 295
297 1
297 2
297 11
297 12
297 13
297 14
297 15
297 16
297 17
297 18
297 19
297 20
297 21
297 22
297 23
297 24
297 25
297 26
297 27
297 28
297 29
297 30
297 31
297 32
297 38
297 44
297 52
297 57
297 58
297 67
297 68
297 69
297 89
297 95
297 293
297 294
297 295
298 1
298 2
298 17
298 18
298 19
298 20
298 21
298 22
298 23
298 24
298 25
298 26
298 27
298 28
298 29
298 30
298 31
298 32
298 38
298 52
298 89
298 95
298 293
298 295
298 297
299 1
299 2
299 17
299 18
299 19
299 20
299 21
299 22
299 23
299 24
299 25
299 26
299 27
299 28
299 29
299 30
299 31
299 32
299 38
299 52
299 89
299 95
299 297
300 1
300 2
300 17
300 18
300 19
300 20
300 21
300 22
300 23
300 24
300 25
300 26
300 27
300 28
300 29
300 30
300 31
300 32
300 38
300 52
300 89
300 95
300 297
303 1
303 2
303 17
303 18
303 19
303 20
303 21
303 22
303 23
303 24
303 25
303 26
303 27
303 28
303 29
303 30
303 31
303 32
303 38
303 52
303 89
303 95
303 297
304 1
304 2
304 17
304 18
304 19
304 20
304 21
304 22
304 23
304 24
304 25
304 26
304 27
304 28
304 29
304 30
304 31
304 32
304 38
304 52
304 89
304 95
304 297
305 1
305 2
305 17
305 18
305 19
305 20
305 21
305 22
305 23
305 24
305 25
305 26
305 27
305 28
305 29
305 30
305 31
305 32
305 38
305 52
305 89
305 95
305 297
306 1
306 2
306 17
306 18
306 19
306 20
306 21
306 22
306 23
306 24
306 25
306 26
306 27
306 28
306 29
306 30
306 31
306 32
306 38
306 52
306 89
306 95
306 297
306 305
307 1
307 2
307 17
307 18
307 19
307 20
307 21
307 22
307 23
307 24
307 25
307 26
307 27
307 28
307 29
307 30
307 31
307 32
307 38
307 52
307 89
307 95
307 297
308 1
308 2
308 17
308 18
308 19
308 20
308 21
308 22
308 23
308 24
308 25
308 26
308 27
308 28
308 29
308 30
308 31
308 32
308 38
308 52
308 89
308 95
308 297
309 1
309 2
309 17
309 18
309 19
309 20
309 21
309 22
309 23
309 24
309 25
309 26
309 27
309 28
309 29
309 30
309 31
309 32
309 38
309 52
309 89
309 95
309 297
310 1
310 2
310 17
310 18
310 19
310 20
310 21
310 22
310 23
310 24
310 25
310 26
310 27
310 28
310 29
310 30
310 31
310 32
310 38
310 52
310 89
310 95
310 297
311 1
311 2
311 17
311 18
311 19
311 20
311 21
311 22
311 23
311 24
311 25
311 26
311 27
311 28
311 29
311 30
311 31
311 32
311 38
311 52
311 89
311 95
311 297
311 310
312 1
312 2
312 17
312 18
312 19
312 20
312 21
312 22
312 23
312 24
312 25
312 26
312 27
312 28
312 29
312 30
312 31
312 32
312 38
312 52
312 89
312 95
312 297
312 310
312 311
313 1
313 2
313 17
313 18
313 19
313 20
313 21
313 22
313 23
313 24
313 25
313 26
313 27
313 28
313 29
313 30
313 31
313 32
313 38
313 52
313 89
313 95
313 297
313 310
314 1
314 2
314 17
314 18
314 19
314 20
314 21
314 22
314 23
314 24
314 25
314 26
314 27
314 28
314 29
314 30
314 31
314 32
314 38
314 52
314 89
314 95
314 297
314 310
315 1
315 2
315 17
315 18
315 19
315 20
315 21
315 22
315 23
315 24
315 25
315 26
315 27
315 28
315 29
315 30
315 31
315 32
315 38
315 52
315 89
315 95
315 297
316 1
316 2
316 17
316 18
316 19
316 20
316 21
316 22
316 23
316 24
316 25
316 26
316 27
316 28
316 29
316 30
316 31
316 32
316 38
316 52
316 89
316 95
316 297
317 1
317 2
317 17
317 18
317 19
317 20
317 21
317 22
317 23
317 24
317 25
317 26
317 27
317 28
317 29
317 30
317 31
317 32
317 38
317 52
317 89
317 95
317 297
318 1
318 2
318 17
318 18
318 19
318 20
318 21
318 22
318 23
318 24
318 25
318 26
318 27
318 28
318 29
318 30
318 31
318 32
318 38
318 52
318 89
318 95
318 297
318 317
319 1
319 2
319 17
319 18
319 19
319 20
319 21
319 22
319 23
319 24
319 25
319 26
319 27
319 28
319 29
319 30
319 31
319 32
319 38
319 52
319 89
319 95
319 297
320 1
320 2
320 17
320 18
320 19
320 20
320 21
320 22
320 23
320 24
320 25
320 26
320 27
320 28
320 29
320 30
320 31
320 32
320 38
320 52
320 89
321 1
321 2
321 17
321 18
321 19
321 20
321 21
321 22
321 23
321 24
321 25
321 26
321 27
321 28
321 29
321 30
321 31
321 32
321 38
321 52
321 89
321 95
321 297
322 1
322 2
322 17
322 18
322 19
322 20
322 21
322 22
322 23
322 24
322 25
322 26
322 27
322 28
322 29
322 30
322 31
322 32
322 38
322 52
322 89
322 95
322 297
322 321
323 1
323 2
323 17
323 18
323 19
323 20
323 21
323 22
323 23
323 24
323 25
323 26
323 27
323 28
323 29
323 30
323 31
323 32
323 38
323 52
323 89
323 95
323 297
324 1
324 2
324 17
324 18
324 19
324 20
324 21
324 22
324 23
324 24
324 25
324 26
324 27
324 28
324 29
324 30
324 31
324 32
324 38
324 52
324 89
324 95
324 297
326 1
326 2
326 17
326 18
326 19
326 20
326 21
326 22
326 23
326 24
326 25
326 26
326 27
326 28
326 29
326 30
326 31
326 32
326 38
326 52
326 57
326 89
326 95
326 297
329 1
329 2
329 17
329 18
329 19
329 20
329 21
329 22
329 23
329 24
329 25
329 26
329 27
329 28
329 29
329 30
329 31
329 32
329 38
329 44
329 52
329 57
329 89
329 95
329 297
330 1
330 2
330 17
330 18
330 19
330 20
330 21
330 22
330 23
330 24
330 25
330 26
330 27
330 28
330 29
330 30
330 31
330 32
330 38
330 44
330 52
330 57
330 89
330 95
330 297
330 329
331 1
331 2
331 17
331 18
331 19
331 20
331 21
331 22
331 23
331 24
331 25
331 26
331 27
331 28
331 29
331 30
331 31
331 32
331 38
331 44
331 52
331 57
331 89
331 95
331 297
331 329
331 330
332 1
332 2
332 11
332 12
332 13
332 14
332 15
332 16
332 17
332 18
332 19
332 20
332 21
332 22
332 23
332 24
332 25
332 26
332 27
332 28
332 29
332 30
332 31
332 32
332 38
332 44
332 52
332 57
332 68
332 89
332 95
332 297
332 330
332 331
333 1
333 2
333 17
333 18
333 19
333 20
333 21
333 22
333 23
333 24
333 25
333 26
333 27
333 28
333 29
333 30
333 31
333 32
333 38
333 44
333 52
333 57
333 89
333 95
333 297
333 331
333 332
334 1
334 2
334 17
334 18
334 19
334 20
334 21
334 22
334 23
334 24
334 25
334 26
334 27
334 28
334 29
334 30
334 31
334 32
334 38
334 44
334 57
334 89
334 95
334 297
334 332
335 1
335 2
335 17
335 18
335 19
335 20
335 21
335 22
335 23
335 24
335 25
335 26
335 27
335 28
335 29
335 30
335 31
335 32
335 38
335 44
335 57
335 89
335 95
335 297
335 332
335 334
338 1
338 2
338 17
338 18
338 19
338 20
338 21
338 22
338 23
338 24
338 25
338 26
338 27
338 28
338 29
338 30
338 31
338 32
338 44
338 57
338 89
338 95
338 297
338 332
339 1
339 2
339 17
339 18
339 19
339 20
339 21
339 22
339 23
339 24
339 25
339 26
339 27
339 28
339 29
339 30
339 31
339 32
339 44
339 57
339 89
339 95
339 297
339 332
343 1
343 2
343 17
343 18
343 19
343 20
343 21
343 22
343 23
343 24
343 25
343 26
343 27
343 28
343 29
343 30
343 31
343 32
343 38
343 44
343 52
343 57
343 89
343 95
343 297
345 1
345 2
345 17
345 18
345 19
345 20
345 21
345 22
345 23
345 24
345 25
345 26
345 27
345 28
345 29
345 30
345 31
345 32
345 38
345 44
345 52
345 57
345 89
345 95
345 297
346 1
346 2
346 17
346 18
346 19
346 20
346 21
346 22
346 23
346 24
346 25
346 26
346 27
346 28
346 29
346 30
346 31
346 32
346 38
346 44
346 52
346 57
346 89
346 95
346 297
347 1
347 2
347 17
347 18
347 19
347 20
347 21
347 22
347 23
347 24
347 25
347 26
347 27
347 28
347 29
347 30
347 31
347 32
347 38
347 44
347 52
347 57
347 89
347 95
347 297
347 332
348 1
348 2
348 17
348 18
348 19
348 20
348 21
348 22
348 23
348 24
348 25
348 26
348 27
348 28
348 29
348 30
348 31
348 32
348 38
348 44
348 52
348 57
348 89
348 95
348 297
348 332
349 1
349 2
349 17
349 18
349 19
349 20
349 21
349 22
349 23
349 24
349 25
349 26
349 27
349 28
349 29
349 30
349 31
349 32
349 38
349 44
349 52
349 57
349 89
349 95
349 297
349 332
350 1
350 2
350 17
350 18
350 19
350 20
350 21
350 22
350 23
350 24
350 25
350 26
350 27
350 28
350 29
350 30
350 31
350 32
350 38
350 44
350 52
350 57
350 89
350 95
350 297
350 332
351 1
351 2
351 17
351 18
351 19
351 20
351 21
351 22
351 23
351 24
351 25
351 26
351 27
351 28
351 29
351 30
351 31
351 32
351 38
351 44
351 52
351 57
351 69
351 89
351 95
351 297
351 332
351 350
352 1
352 2
352 17
352 18
352 19
352 20
352 21
352 22
352 23
352 24
352 25
352 26
352 27
352 28
352 29
352 30
352 31
352 32
352 38
352 44
352 52
352 57
352 89
352 95
352 297
352 332
352 351
353 1
353 2
353 17
353 18
353 19
353 20
353 21
353 22
353 23
353 24
353 25
353 26
353 27
353 28
353 29
353 30
353 31
353 32
353 38
353 44
353 52
353 57
353 89
353 95
353 297
353 332
353 351
353 352
354 1
354 2
354 17
354 18
354 19
354 20
354 21
354 22
354 23
354 24
354 25
354 26
354 27
354 28
354 29
354 30
354 31
354 32
354 38
354 44
354 52
354 57
354 69
354 89
354 95
354 297
354 332
354 351
355 1
355 2
355 17
355 18
355 19
355 20
355 21
355 22
355 23
355 24
355 25
355 26
355 27
355 28
355 29
355 30
355 31
355 32
355 38
355 44
355 52
355 57
355 89
355 95
355 297
355 332
355 351
355 354
356 1
356 2
356 17
356 18
356 19
356 20
356 21
356 22
356 23
356 24
356 25
356 26
356 27
356 28
356 29
356 30
356 31
356 32
356 38
356 44
356 52
356 57
356 69
356 89
356 95
356 297
356 351
356 354
359 1
359 2
359 3
359 4
359 5
359 6
359 7
359 8
359 9
359 10
359 11
359 12
359 13
359 14
359 15
359 16
359 17
359 78
359 79
359 80
359 81
359 82
359 83
359 84
359 85
359 86
360 1
360 2
360 3
360 4
360 5
360 6
360 7
360 8
360 9
360 10
360 11
360 12
360 13
360 14
360 15
360 16
360 17
360 78
360 79
360 80
360 81
360 82
360 83
360 84
360 85
360 86
360 359
361 1
361 2
361 3
361 4
361 5
361 6
361 7
361 8
361 9
361 10
361 11
361 12
361 13
361 14
361 15
361 16
361 17
361 78
361 79
361 80
361 81
361 82
361 83
361 84
361 85
361 86
363 1
363 2
363 17
363 18
363 19
363 20
363 21
363 22
363 23
363 24
363 25
363 26
363 27
363 28
363 29
363 30
363 31
363 32
363 38
363 44
363 52
363 57
363 69
363 89
363 95
363 297
363 351
363 354
363 356
364 1
364 2
364 17
364 18
364 19
364 20
364 21
364 22
364 23
364 24
364 25
364 26
364 27
364 28
364 29
364 30
364 31
364 32
364 38
364 44
364 57
364 89
364 95
364 297
364 331
364 332
365 1
365 2
365 17
365 18
365 19
365 20
365 21
365 22
365 23
365 24
365 25
365 26
365 27
365 28
365 29
365 30
365 31
365 32
365 38
365 44
365 57
365 89
365 95
365 297
365 331
365 332
366 1
366 2
366 17
366 18
366 19
366 20
366 21
366 22
366 23
366 24
366 25
366 26
366 27
366 28
366 29
366 30
366 31
366 32
366 38
366 44
366 57
366 89
366 95
366 297
366 331
366 332
367 1
367 2
367 17
367 18
367 19
367 20
367 21
367 22
367 23
367 24
367 25
367 26
367 27
367 28
367 29
367 30
367 31
367 32
367 38
367 44
367 57
367 89
367 95
367 297
367 331
367 332
367 366
368 1
368 2
368 17
368 18
368 19
368 20
368 21
368 22
368 23
368 24
368 25
368 26
368 27
368 28
368 29
368 30
368 31
368 32
368 38
368 44
368 57
368 68
368 89
368 95
368 297
368 331
368 332
368 366
369 1
369 2
369 17
369 18
369 19
369 20
369 21
369 22
369 23
369 24
369 25
369 26
369 27
369 28
369 29
369 30
369 31
369 32
369 38
369 44
369 57
369 89
369 95
369 297
369 331
369 332
369 368
370 1
370 2
370 17
370 18
370 19
370 20
370 21
370 22
370 23
370 24
370 25
370 26
370 27
370 28
370 29
370 30
370 31
370 32
370 38
370 44
370 57
370 68
370 89
370 95
370 297
370 331
370 332
370 368
370 369
371 1
371 2
371 17
371 18
371 19
371 20
371 21
371 22
371 23
371 24
371 25
371 26
371 27
371 28
371 29
371 30
371 31
371 32
371 38
371 44
371 57
371 89
371 95
371 297
371 331
371 332
371 368
371 370
372 1
372 2
372 17
372 18
372 19
372 20
372 21
372 22
372 23
372 24
372 25
372 26
372 27
372 28
372 29
372 30
372 31
372 32
372 38
372 44
372 57
372 89
372 95
372 297
372 331
372 332
372 368
372 370
372 371
373 1
373 2
373 17
373 18
373 19
373 20
373 21
373 22
373 23
373 24
373 25
373 26
373 27
373 28
373 29
373 30
373 31
373 32
373 38
373 44
373 57
373 68
373 89
373 95
373 297
373 332
373 368
373 370
373 371
374 1
374 2
374 17
374 18
374 19
374 20
374 21
374 22
374 23
374 24
374 25
374 26
374 27
374 28
374 29
374 30
374 31
374 32
374 38
374 44
374 57
374 89
374 95
374 297
374 332
374 368
374 370
374 371
374 373
375 1
375 2
375 17
375 18
375 19
375 20
375 21
375 22
375 23
375 24
375 25
375 26
375 27
375 28
375 29
375 30
375 31
375 32
375 38
375 44
375 57
375 89
375 95
375 297
375 332
375 368
375 370
375 371
375 373
375 374
376 1
376 2
376 17
376 18
376 19
376 20
376 21
376 22
376 23
376 24
376 25
376 26
376 27
376 28
376 29
376 30
376 31
376 32
376 38
376 44
376 57
376 68
376 89
376 95
376 297
376 332
376 368
376 370
376 371
376 373
376 375
377 1
377 2
377 17
377 18
377 19
377 20
377 21
377 22
377 23
377 24
377 25
377 26
377 27
377 28
377 29
377 30
377 31
377 32
377 38
377 44
377 57
377 68
377 89
377 95
377 297
377 332
377 368
377 370
377 373
377 376
380 1
380 2
380 17
380 18
380 19
380 20
380 21
380 22
380 23
380 24
380 25
380 26
380 27
380 28
380 29
380 30
380 31
380 32
380 38
380 44
380 57
380 68
380 89
380 95
380 297
380 332
380 368
380 370
380 373
380 376
380 377
383 1
383 2
383 17
383 18
383 19
383 20
383 21
383 22
383 23
383 24
383 25
383 26
383 27
383 28
383 29
383 30
383 31
383 32
383 38
383 44
383 57
383 68
383 89
383 95
383 297
383 332
383 368
383 370
383 373
383 376
383 377
384 1
384 2
384 3
384 4
384 5
384 6
384 7
384 8
384 9
384 10
384 11
384 12
384 13
384 14
384 15
384 16
384 17
384 50
384 78
384 79
384 80
384 81
384 82
384 83
384 84
384 85
384 86
386 1
386 2
386 3
386 4
386 5
386 6
386 7
386 8
386 9
386 10
386 11
386 12
386 13
386 14
386 15
386 16
386 17
386 50
386 78
386 79
386 80
386 81
386 82
386 83
386 84
386 85
386 86
388 1
388 2
388 17
388 18
388 19
388 20
388 21
388 22
388 23
388 24
388 25
388 26
388 27
388 28
388 29
388 30
388 31
388 32
388 38
388 52
388 89
388 95
388 297
389 1
389 2
389 17
389 18
389 19
389 20
389 21
389 22
389 23
389 24
389 25
389 26
389 27
389 28
389 29
389 30
389 31
389 32
389 38
389 52
389 89
389 95
389 297
389 388
390 1
390 2
390 17
390 18
390 19
390 20
390 21
390 22
390 23
390 24
390 25
390 26
390 27
390 28
390 29
390 30
390 31
390 32
390 38
390 52
390 58
390 67
390 89
390 95
390 297
390 388
390 389
391 1
391 2
391 17
391 18
391 19
391 20
391 21
391 22
391 23
391 24
391 25
391 26
391 27
391 28
391 29
391 30
391 31
391 32
391 38
391 52
391 89
391 95
391 297
391 388
391 389
391 390
392 1
392 2
392 17
392 18
392 19
392 20
392 21
392 22
392 23
392 24
392 25
392 26
392 27
392 28
392 29
392 30
392 31
392 32
392 38
392 52
392 89
392 95
392 297
392 389
392 390
392 391
393 1
393 2
393 17
393 18
393 19
393 20
393 21
393 22
393 23
393 24
393 25
393 26
393 27
393 28
393 29
393 30
393 31
393 32
393 38
393 52
393 58
393 89
393 95
393 297
393 390
393 392
394 1
394 2
394 17
394 18
394 19
394 20
394 21
394 22
394 23
394 24
394 25
394 26
394 27
394 28
394 29
394 30
394 31
394 32
394 38
394 52
394 58
394 67
394 89
394 95
394 297
394 390
394 393
397 1
397 2
397 17
397 18
397 19
397 20
397 21
397 22
397 23
397 24
397 25
397 26
397 27
397 28
397 29
397 30
397 31
397 32
397 38
397 52
397 58
397 67
397 89
397 95
397 297
397 390
397 394
398 1
398 2
398 17
398 18
398 19
398 20
398 21
398 22
398 23
398 24
398 25
398 26
398 27
398 28
398 29
398 30
398 31
398 32
398 38
398 52
398 58
398 89
398 95
398 297
398 390
398 394
398 397
399 1
399 2
399 17
399 18
399 19
399 20
399 21
399 22
399 23
399 24
399 25
399 26
399 27
399 28
399 29
399 30
399 31
399 32
399 38
399 52
399 58
399 89
399 95
399 297
399 390
399 394
399 397
399 398
400 1
400 2
400 17
400 18
400 19
400 20
400 21
400 22
400 23
400 24
400 25
400 26
400 27
400 28
400 29
400 30
400 31
400 32
400 38
400 52
400 58
400 89
400 95
400 297
400 390
400 394
400 397
402 1
402 2
402 17
402 18
402 19
402 20
402 21
402 22
402 23
402 24
402 25
402 26
402 27
402 28
402 29
402 30
402 31
402 32
402 38
402 52
402 58
402 89
402 95
402 297
402 390
402 394
402 397
403 1
403 2
403 17
403 18
403 19
403 20
403 21
403 22
403 23
403 24
403 25
403 26
403 27
403 28
403 29
403 30
403 31
403 32
403 38
403 52
403 58
403 89
403 95
403 297
403 390
403 394
403 397
403 398
403 399
404 1
404 2
404 17
404 18
404 19
404 20
404 21
404 22
404 23
404 24
404 25
404 26
404 27
404 28
404 29
404 30
404 31
404 32
404 38
404 52
404 58
404 67
404 89
404 95
404 297
404 390
404 394
404 397
404 399
405 1
405 2
405 17
405 18
405 19
405 20
405 21
405 22
405 23
405 24
405 25
405 26
405 27
405 28
405 29
405 30
405 31
405 32
405 38
405 52
405 58
405 89
405 95
405 297
405 390
405 394
405 397
405 399
405 404
406 1
406 2
406 17
406 18
406 19
406 20
406 21
406 22
406 23
406 24
406 25
406 26
406 27
406 28
406 29
406 30
406 31
406 32
406 38
406 52
406 58
406 67
406 89
406 95
406 297
406 390
406 394
406 397
406 404
409 1
409 2
409 3
409 4
409 5
409 6
409 7
409 8
409 9
409 10
409 11
409 12
409 13
409 14
409 15
409 16
409 17
409 78
409 79
409 80
409 81
409 82
409 83
409 84
409 85
409 86
411 1
411 2
411 17
411 18
411 19
411 20
411 21
411 22
411 23
411 24
411 25
411 26
411 27
411 28
411 29
411 30
411 31
411 32
411 38
411 52
411 58
411 67
411 89
411 95
411 297
411 390
411 394
411 397
411 404
411 406
412 1
412 2
412 17
412 18
412 19
412 20
412 21
412 22
412 23
412 24
412 25
412 26
412 27
412 28
412 29
412 30
412 31
412 32
412 38
412 52
412 89
412 95
413 1
413 2
413 17
413 18
413 19
413 20
413 21
413 22
413 23
413 24
413 25
413 26
413 27
413 28
413 29
413 30
413 31
413 32
413 38
413 52
413 89
413 95
414 1
414 2
414 17
414 18
414 19
414 20
414 21
414 22
414 23
414 24
414 25
414 26
414 27
414 28
414 29
414 30
414 31
414 32
414 38
414 52
414 89
414 95
415 1
415 2
415 17
415 18
415 19
415 20
415 21
415 22
415 23
415 24
415 25
415 26
415 27
415 28
415 29
415 30
415 31
415 32
415 38
415 52
415 89
415 95
416 1
416 2
416 17
416 18
416 19
416 20
416 21
416 22
416 23
416 24
416 25
416 26
416 27
416 28
416 29
416 30
416 31
416 32
416 38
416 52
416 65
416 89
416 95
416 415
417 1
417 2
417 17
417 18
417 19
417 20
417 21
417 22
417 23
417 24
417 25
417 26
417 27
417 28
417 29
417 30
417 31
417 32
417 38
417 52
417 89
417 95
417 416
418 1
418 2
418 17
418 18
418 19
418 20
418 21
418 22
418 23
418 24
418 25
418 26
418 27
418 28
418 29
418 30
418 31
418 32
418 38
418 52
418 89
418 95
418 416
418 417
419 1
419 2
419 17
419 18
419 19
419 20
419 21
419 22
419 23
419 24
419 25
419 26
419 27
419 28
419 29
419 30
419 31
419 32
419 38
419 52
419 65
419 89
419 95
419 416
420 1
420 2
420 17
420 18
420 19
420 20
420 21
420 22
420 23
420 24
420 25
420 26
420 27
420 28
420 29
420 30
420 31
420 32
420 38
420 52
420 65
420 89
420 95
420 416
420 419
422 1
422 2
422 17
422 18
422 19
422 20
422 21
422 22
422 23
422 24
422 25
422 26
422 27
422 28
422 29
422 30
422 31
422 32
422 38
422 52
422 65
422 89
422 95
422 416
422 419
422 420
423 1
423 2
423 17
423 18
423 19
423 20
423 21
423 22
423 23
423 24
423 25
423 26
423 27
423 28
423 29
423 30
423 31
423 32
423 38
423 52
423 65
423 89
423 95
423 416
423 419
423 422
425 1
425 2
425 3
425 4
425 5
425 6
425 7
425 8
425 9
425 10
425 11
425 12
425 13
425 14
425 15
425 16
425 17
425 78
425 79
425 80
425 81
425 82
425 83
425 84
425 85
425 86
426 1
426 2
426 3
426 4
426 5
426 6
426 7
426 8
426 9
426 10
426 11
426 12
426 13
426 14
426 15
426 16
426 17
426 78
426 79
426 80
426 81
426 82
426 83
426 84
426 85
426 86
426 425
427 1
427 2
427 3
427 4
427 5
427 6
427 7
427 8
427 9
427 10
427 11
427 12
427 13
427 14
427 15
427 16
427 17
427 78
427 79
427 80
427 81
427 82
427 83
427 84
427 85
427 86
429 1
429 2
429 17
429 18
429 19
429 20
429 21
429 22
429 23
429 24
429 25
429 26
429 27
429 28
429 29
429 30
429 31
429 32
429 38
429 52
429 65
429 89
429 95
429 416
429 419
429 422
429 423
430 1
430 2
430 17
430 18
430 19
430 20
430 21
430 22
430 23
430 24
430 25
430 26
430 27
430 28
430 29
430 30
430 31
430 32
430 33
430 45
430 89
430 95
431 1
431 2
431 17
431 18
431 19
431 20
431 21
431 22
431 23
431 24
431 25
431 26
431 27
431 28
431 29
431 30
431 31
431 32
431 33
431 45
431 89
431 95
432 1
432 2
432 17
432 18
432 19
432 20
432 21
432 22
432 23
432 24
432 25
432 26
432 27
432 28
432 29
432 30
432 31
432 32
432 33
432 45
432 89
432 95
433 1
433 2
433 17
433 18
433 19
433 20
433 21
433 22
433 23
433 24
433 25
433 26
433 27
433 28
433 29
433 30
433 31
433 32
433 33
433 45
433 89
433 95
434 1
434 2
434 17
434 18
434 19
434 20
434 21
434 22
434 23
434 24
434 25
434 26
434 27
434 28
434 29
434 30
434 31
434 32
434 33
434 45
434 64
434 89
434 95
434 433
435 1
435 2
435 17
435 18
435 19
435 20
435 21
435 22
435 23
435 24
435 25
435 26
435 27
435 28
435 29
435 30
435 31
435 32
435 33
435 45
435 89
435 95
435 434
436 1
436 2
436 17
436 18
436 19
436 20
436 21
436 22
436 23
436 24
436 25
436 26
436 27
436 28
436 29
436 30
436 31
436 32
436 33
436 45
436 89
436 95
436 434
436 435
437 1
437 2
437 17
437 18
437 19
437 20
437 21
437 22
437 23
437 24
437 25
437 26
437 27
437 28
437 29
437 30
437 31
437 32
437 33
437 45
437 64
437 89
437 95
437 434
439 1
439 2
439 17
439 18
439 19
439 20
439 21
439 22
439 23
439 24
439 25
439 26
439 27
439 28
439 29
439 30
439 31
439 32
439 33
439 45
439 64
439 89
439 95
439 434
439 437
441 1
441 2
441 3
441 4
441 5
441 6
441 7
441 8
441 9
441 10
441 11
441 12
441 13
441 14
441 15
441 16
441 17
441 78
441 79
441 80
441 81
441 82
441 83
441 84
441 85
441 86
443 1
443 2
443 17
443 18
443 19
443 20
443 21
443 22
443 23
443 24
443 25
443 26
443 27
443 28
443 29
443 30
443 31
443 32
443 33
443 45
443 64
443 89
443 95
443 434
443 437
443 439
444 1
444 2
444 17
444 18
444 19
444 20
444 21
444 22
444 23
444 24
444 25
444 26
444 27
444 28
444 29
444 30
444 31
444 32
444 33
444 89
444 95
445 1
445 2
445 17
445 18
445 19
445 20
445 21
445 22
445 23
445 24
445 25
445 26
445 27
445 28
445 29
445 30
445 31
445 32
445 33
445 89
445 95
448 1
448 2
448 17
448 18
448 19
448 20
448 21
448 22
448 23
448 24
448 25
448 26
448 27
448 28
448 29
448 30
448 31
448 32
448 33
448 89
448 95
451 1
451 2
451 17
451 18
451 19
451 20
451 21
451 22
451 23
451 24
451 25
451 26
451 27
451 28
451 29
451 30
451 31
451 32
451 33
451 89
451 95
30