2 1
3 1
3 2
4 1
4 2
4 3
5 1
5 2
5 3
5 4
6 1
6 2
6 3
6 4
6 5
7 1
7 2
7 3
7 4
7 5
7 6
8 1
8 2
8 3
8 4
8 5
8 6
8 7
9 1
9 2
9 3
9 4
9 5
9 6
9 7
9 8
10 1
10 2
10 3
10 4
10 5
10 6
10 7
10 8
10 9
11 1
11 2
11 3
11 4
11 5
11 6
11 7
11 8
11 9
11 10
12 1
12 2
12 3
12 4
12 5
12 6
12 7
12 8
12 9
12 10
12 11
13 1
13 2
13 3
13 4
13 5
13 6
13 7
13 8
13 9
13 10
13 11
13 12
14 1
14 2
14 3
14 4
14 5
14 6
14 7
14 8
14 9
14 10
14 11
14 12
14 13
15 1
15 2
15 3
15 4
15 5
15 6
15 7
15 8
15 9
15 10
15 11
15 12
15 13
15 14
16 1
16 2
16 3
16 4
16 5
16 6
16 7
16 8
16 9
16 10
16 11
16 12
16 13
16 14
16 15
18 17
19 17
19 18
20 17
20 18
20 19
21 17
21 18
21 19
21 20
22 17
22 18
22 19
22 20
22 21
23 17
23 18
23 19
23 20
23 21
23 22
24 17
24 18
24 19
24 20
24 21
24 22
24 23
25 17
25 18
25 19
25 20
25 21
25 22
25 23
25 24
26 17
26 18
26 19
26 20
26 21
26 22
26 23
26 24
26 25
27 17
27 18
27 19
27 20
27 21
27 22
27 23
27 24
27 25
27 26
28 17
28 18
28 19
28 20
28 21
28 22
28 23
28 24
28 25
28 26
28 27
29 17
29 18
29 19
29 20
29 21
29 22
29 23
29 24
29 25
29 26
29 27
29 28
30 17
30 18
30 19
30 20
30 21
30 22
30 23
30 24
30 25
30 26
30 27
30 28
30 29
31 17
31 18
31 19
31 20
31 21
31 22
31 23
31 24
31 25
31 26
31 27
31 28
31 29
31 30
32 17
32 18
32 19
32 20
32 21
32 22
32 23
32 24
32 25
32 26
32 27
32 28
32 29
32 30
32 31
33 1
33 2
33 13
33 14
33 17
33 18
33 19
33 20
33 21
33 22
33 23
33 24
33 25
33 26
33 27
33 28
33 29
33 30
33 31
33 32
38 1
38 2
38 17
38 18
38 19
38 20
38 21
38 22
38 23
38 24
38 25
38 26
38 27
38 28
38 29
38 30
38 31
38 32
43 1
43 2
43 11
43 12
43 13
43 14
43 15
43 16
43 17
43 18
43 19
43 20
43 21
43 22
43 23
43 24
43 25
43 26
43 27
43 28
43 29
43 30
43 31
43 32
43 33
44 1
44 2
44 11
44 12
44 13
44 14
44 15
44 16
44 17
44 18
44 19
44 20
44 21
44 22
44 23
44 24
44 25
44 26
44 27
44 28
44 29
44 30
44 31
44 32
44 38
45 1
45 2
45 17
45 18
45 19
45 20
45 21
45 22
45 23
45 24
45 25
45 26
45 27
45 28
45 29
45 30
45 31
45 32
45 33
45 43
50 1
50 2
50 3
50 4
50 5
50 6
50 7
50 8
50 9
50 10
50 11
50 12
50 13
50 14
50 15
50 16
50 17
52 1
52 2
52 17
52 18
52 19
52 20
52 21
52 22
52 23
52 24
52 25
52 26
52 27
52 28
52 29
52 30
52 31
52 32
52 38
52 44
56 1
56 2
56 17
56 18
56 19
56 20
56 21
56 22
56 23
56 24
56 25
56 26
56 27
56 28
56 29
56 30
56 31
56 32
56 38
56 52
57 1
57 2
57 11
57 12
57 13
57 14
57 15
57 16
57 17
57 18
57 19
57 20
57 21
57 22
57 23
57 24
57 25
57 26
57 27
57 28
57 29
57 30
57 31
57 32
57 38
57 44
57 52
58 1
58 2
58 17
58 18
58 19
58 20
58 21
58 22
58 23
58 24
58 25
58 26
58 27
58 28
58 29
58 30
58 31
58 32
58 38
58 52
59 1
59 2
59 17
59 18
59 19
59 20
59 21
59 22
59 23
59 24
59 25
59 26
59 27
59 28
59 29
59 30
59 31
59 32
59 33
60 1
60 2
60 17
60 18
60 19
60 20
60 21
60 22
60 23
60 24
60 25
60 26
60 27
60 28
60 29
60 30
60 31
60 32
60 33
60 59
61 1
61 2
61 17
61 18
61 19
61 20
61 21
61 22
61 23
61 24
61 25
61 26
61 27
61 28
61 29
61 30
61 31
61 32
61 33
61 59
61 60
62 1
62 2
62 17
62 18
62 19
62 20
62 21
62 22
62 23
62 24
62 25
62 26
62 27
62 28
62 29
62 30
62 31
62 32
62 33
62 43
62 45
63 1
63 2
63 17
63 18
63 19
63 20
63 21
63 22
63 23
63 24
63 25
63 26
63 27
63 28
63 29
63 30
63 31
63 32
63 33
63 43
63 45
64 1
64 2
64 17
64 18
64 19
64 20
64 21
64 22
64 23
64 24
64 25
64 26
64 27
64 28
64 29
64 30
64 31
64 32
64 33
64 45
65 1
65 2
65 17
65 18
65 19
65 20
65 21
65 22
65 23
65 24
65 25
65 26
65 27
65 28
65 29
65 30
65 31
65 32
65 38
65 52
66 1
66 2
66 17
66 18
66 19
66 20
66 21
66 22
66 23
66 24
66 25
66 26
66 27
66 28
66 29
66 30
66 31
66 32
66 38
66 52
66 56
67 1
67 2
67 17
67 18
67 19
67 20
67 21
67 22
67 23
67 24
67 25
67 26
67 27
67 28
67 29
67 30
67 31
67 32
67 38
67 52
67 58
68 1
68 2
68 17
68 18
68 19
68 20
68 21
68 22
68 23
68 24
68 25
68 26
68 27
68 28
68 29
68 30
68 31
68 32
68 38
68 44
68 57
69 1
69 2
69 17
69 18
69 19
69 20
69 21
69 22
69 23
69 24
69 25
69 26
69 27
69 28
69 29
69 30
69 31
69 32
69 38
69 44
69 52
69 57
70 1
70 2
70 5
70 6
70 7
70 8
70 9
70 10
70 11
70 12
70 13
70 14
70 16
70 17
70 18
70 19
70 20
70 21
70 22
70 23
70 24
70 25
70 26
70 27
70 28
70 29
70 30
70 31
70 32
71 1
71 2
71 6
71 7
71 8
71 9
71 10
71 11
71 12
71 13
71 14
71 16
71 17
71 18
71 19
71 20
71 21
71 22
71 23
71 24
71 25
71 26
71 27
71 28
71 29
71 30
71 31
71 32
72 1
72 2
72 7
72 8
72 9
72 10
72 11
72 12
72 13
72 14
72 16
72 17
72 18
72 19
72 20
72 21
72 22
72 23
72 24
72 25
72 26
72 27
72 28
72 29
72 30
72 31
72 32
73 1
73 2
73 8
73 9
73 10
73 11
73 12
73 13
73 14
73 16
73 17
73 18
73 19
73 20
73 21
73 22
73 23
73 24
73 25
73 26
73 27
73 28
73 29
73 30
73 31
73 32
74 1
74 2
74 9
74 10
74 11
74 12
74 13
74 14
74 16
74 17
74 18
74 19
74 20
74 21
74 22
74 23
74 24
74 25
74 26
74 27
74 28
74 29
74 30
74 31
74 32
75 1
75 2
75 10
75 11
75 12
75 13
75 14
75 16
75 17
75 18
75 19
75 20
75 21
75 22
75 23
75 24
75 25
75 26
75 27
75 28
75 29
75 30
75 31
75 32
76 1
76 2
76 11
76 12
76 13
76 14
76 16
76 17
76 18
76 19
76 20
76 21
76 22
76 23
76 24
76 25
76 26
76 27
76 28
76 29
76 30
76 31
76 32
77 1
77 2
77 11
77 12
77 13
77 14
77 17
77 18
77 19
77 20
77 21
77 22
77 23
77 24
77 25
77 26
77 27
77 28
77 29
77 30
77 31
77 32
78 1
78 2
78 3
78 4
78 5
78 6
78 7
78 8
78 9
78 10
78 11
78 12
78 13
78 14
78 15
78 16
78 17
78 19
78 20
78 21
78 22
78 23
78 24
78 25
78 26
78 27
78 28
78 29
78 30
78 31
78 32
78 50
79 1
79 2
79 3
79 4
79 5
79 6
79 7
79 8
79 9
79 10
79 11
79 12
79 13
79 14
79 15
79 16
79 17
79 20
79 21
79 22
79 23
79 24
79 25
79 26
79 27
79 28
79 29
79 30
79 31
79 32
79 50
79 78
80 1
80 2
80 3
80 4
80 5
80 6
80 7
80 8
80 9
80 10
80 11
80 12
80 13
80 14
80 15
80 16
80 17
80 21
80 22
80 23
80 24
80 25
80 26
80 27
80 28
80 29
80 30
80 31
80 32
80 50
80 78
80 79
81 1
81 2
81 3
81 4
81 5
81 6
81 7
81 8
81 9
81 10
81 11
81 12
81 13
81 14
81 15
81 16
81 17
81 22
81 23
81 24
81 25
81 26
81 27
81 28
81 29
81 30
81 31
81 32
81 50
81 78
81 79
81 80
82 1
82 2
82 3
82 4
82 5
82 6
82 7
82 8
82 9
82 10
82 11
82 12
82 13
82 14
82 15
82 16
82 17
82 23
82 24
82 25
82 26
82 27
82 28
82 29
82 30
82 31
82 32
82 50
82 78
82 79
82 80
82 81
83 1
83 2
83 3
83 4
83 5
83 6
83 7
83 8
83 9
83 10
83 11
83 12
83 13
83 14
83 15
83 16
83 17
83 24
83 25
83 26
83 27
83 28
83 29
83 30
83 31
83 32
83 50
83 78
83 79
83 80
83 81
83 82
84 1
84 2
84 3
84 4
84 5
84 6
84 7
84 8
84 9
84 10
84 11
84 12
84 13
84 14
84 15
84 16
84 17
84 25
84 26
84 27
84 28
84 29
84 30
84 31
84 32
84 50
84 78
84 79
84 80
84 81
84 82
84 83
85 1
85 2
85 3
85 4
85 5
85 6
85 7
85 8
85 9
85 10
85 11
85 12
85 13
85 14
85 15
85 16
85 17
85 26
85 27
85 28
85 29
85 30
85 31
85 32
85 50
85 78
85 79
85 80
85 81
85 82
85 83
85 84
86 1
86 2
86 3
86 4
86 5
86 6
86 7
86 8
86 9
86 10
86 11
86 12
86 13
86 14
86 15
86 16
86 17
86 27
86 28
86 29
86 30
86 31
86 32
86 50
86 78
86 79
86 80
86 81
86 82
86 83
86 84
86 85
87 1
87 2
87 12
87 13
87 14
87 17
87 18
87 19
87 20
87 21
87 22
87 23
87 24
87 25
87 26
87 27
87 28
87 29
87 30
87 31
87 32
88 1
88 2
88 12
88 13
88 14
88 17
88 18
88 19
88 20
88 21
88 22
88 23
88 24
88 25
88 26
88 27
88 28
88 29
88 30
88 31
88 32
89 1
89 2
89 11
89 12
89 13
89 14
89 15
89 16
89 17
89 18
89 19
89 20
89 21
89 22
89 23
89 24
89 25
89 26
89 27
89 28
89 29
89 30
89 31
89 32
89 33
89 38
89 43
89 44
89 45
89 52
89 56
89 57
89 58
89 59
89 60
89 61
89 62
89 63
89 64
89 65
89 66
89 67
89 68
89 69
91 1
91 2
91 14
91 17
91 18
91 19
91 20
91 21
91 22
91 23
91 24
91 25
91 26
91 27
91 28
91 29
91 30
91 31
91 32
91 33
91 89
92 1
92 2
92 14
92 17
92 18
92 19
92 20
92 21
92 22
92 23
92 24
92 25
92 26
92 27
92 28
92 29
92 30
92 31
92 32
92 33
92 89
93 1
93 2
93 17
93 18
93 19
93 20
93 21
93 22
93 23
93 24
93 25
93 26
93 27
93 28
93 29
93 30
93 31
93 32
93 33
93 89
93 92
94 1
94 2
94 17
94 18
94 19
94 20
94 21
94 22
94 23
94 24
94 25
94 26
94 27
94 28
94 29
94 30
94 31
94 32
94 33
94 89
94 92
95 1
95 2
95 11
95 12
95 13
95 14
95 15
95 16
95 17
95 18
95 19
95 20
95 21
95 22
95 23
95 24
95 25
95 26
95 27
95 28
95 29
95 30
95 31
95 32
95 33
95 38
95 43
95 44
95 45
95 52
95 57
95 58
95 59
95 60
95 61
95 62
95 63
95 64
95 65
95 67
95 68
95 69
95 89
95 92
96 1
96 2
96 17
96 18
96 19
96 20
96 21
96 22
96 23
96 24
96 25
96 26
96 27
96 28
96 29
96 30
96 31
96 32
96 33
96 89
96 95
97 1
97 2
97 17
97 18
97 19
97 20
97 21
97 22
97 23
97 24
97 25
97 26
97 27
97 28
97 29
97 30
97 31
97 32
97 33
97 89
97 95
98 1
98 2
98 17
98 18
98 19
98 20
98 21
98 22
98 23
98 24
98 25
98 26
98 27
98 28
98 29
98 30
98 31
98 32
98 33
98 89
98 95
98 97
99 1
99 2
99 17
99 18
99 19
99 20
99 21
99 22
99 23
99 24
99 25
99 26
99 27
99 28
99 29
99 30
99 31
99 32
99 33
99 89
99 95
99 97
99 98
100 1
100 2
100 17
100 18
100 19
100 20
100 21
100 22
100 23
100 24
100 25
100 26
100 27
100 28
100 29
100 30
100 31
100 32
100 33
100 59
100 60
100 61
100 89
100 95
100 97
100 98
101 1
101 2
101 17
101 18
101 19
101 20
101 21
101 22
101 23
101 24
101 25
101 26
101 27
101 28
101 29
101 30
101 31
101 32
101 33
101 89
101 95
101 98
101 100
102 1
102 2
102 17
102 18
102 19
102 20
102 21
102 22
102 23
102 24
102 25
102 26
102 27
102 28
102 29
102 30
102 31
102 32
102 33
102 59
102 60
102 89
102 95
102 98
102 100
102 101
103 1
103 2
103 17
103 18
103 19
103 20
103 21
103 22
103 23
103 24
103 25
103 26
103 27
103 28
103 29
103 30
103 31
103 32
103 33
103 59
103 60
103 89
103 95
103 100
103 101
103 102
104 1
104 2
104 17
104 18
104 19
104 20
104 21
104 22
104 23
104 24
104 25
104 26
104 27
104 28
104 29
104 30
104 31
104 32
104 33
104 59
104 60
104 61
104 89
104 95
104 100
104 102
104 103
105 1
105 2
105 17
105 18
105 19
105 20
105 21
105 22
105 23
105 24
105 25
105 26
105 27
105 28
105 29
105 30
105 31
105 32
105 33
105 89
105 95
105 100
105 102
105 103
105 104
108 1
108 2
108 17
108 18
108 19
108 20
108 21
108 22
108 23
108 24
108 25
108 26
108 27
108 28
108 29
108 30
108 31
108 32
108 33
108 59
108 60
108 89
108 95
108 100
108 103
108 104
109 1
109 2
109 17
109 18
109 19
109 20
109 21
109 22
109 23
109 24
109 25
109 26
109 27
109 28
109 29
109 30
109 31
109 32
109 33
109 59
109 60
109 89
109 95
109 100
109 104
109 108
110 1
110 2
110 17
110 18
110 19
110 20
110 21
110 22
110 23
110 24
110 25
110 26
110 27
110 28
110 29
110 30
110 31
110 32
110 33
110 59
110 60
110 89
110 95
110 100
110 104
110 108
110 109
111 1
111 2
111 17
111 18
111 19
111 20
111 21
111 22
111 23
111 24
111 25
111 26
111 27
111 28
111 29
111 30
111 31
111 32
111 33
111 59
111 60
111 61
111 89
111 95
111 100
111 104
111 108
111 109
112 1
112 2
112 17
112 18
112 19
112 20
112 21
112 22
112 23
112 24
112 25
112 26
112 27
112 28
112 29
112 30
112 31
112 32
112 33
112 59
112 60
112 89
112 95
112 100
112 104
112 108
112 109
112 111
113 1
113 2
113 17
113 18
113 19
113 20
113 21
113 22
113 23
113 24
113 25
113 26
113 27
113 28
113 29
113 30
113 31
113 32
113 33
113 59
113 60
113 61
113 89
113 95
113 100
113 104
113 108
113 111
114 1
114 2
114 17
114 18
114 19
114 20
114 21
114 22
114 23
114 24
114 25
114 26
114 27
114 28
114 29
114 30
114 31
114 32
114 33
114 59
114 60
114 89
114 95
114 100
114 104
114 108
114 111
114 113
115 1
115 2
115 17
115 18
115 19
115 20
115 21
115 22
115 23
115 24
115 25
115 26
115 27
115 28
115 29
115 30
115 31
115 32
115 33
115 59
115 60
115 89
115 95
115 100
115 104
115 111
115 113
116 1
116 2
116 17
116 18
116 19
116 20
116 21
116 22
116 23
116 24
116 25
116 26
116 27
116 28
116 29
116 30
116 31
116 32
116 33
116 59
116 60
116 89
116 95
116 100
116 104
116 111
116 113
117 1
117 2
117 17
117 18
117 19
117 20
117 21
117 22
117 23
117 24
117 25
117 26
117 27
117 28
117 29
117 30
117 31
117 32
117 33
117 59
117 60
117 89
117 95
117 100
117 104
117 111
117 113
120 1
120 2
120 17
120 18
120 19
120 20
120 21
120 22
120 23
120 24
120 25
120 26
120 27
120 28
120 29
120 30
120 31
120 32
120 33
120 59
120 60
120 89
120 95
120 100
120 104
120 111
120 113
121 1
121 2
121 17
121 18
121 19
121 20
121 21
121 22
121 23
121 24
121 25
121 26
121 27
121 28
121 29
121 30
121 31
121 32
121 33
121 59
121 60
121 61
121 89
121 95
121 100
121 104
121 111
121 113
123 1
123 2
123 17
123 18
123 19
123 20
123 21
123 22
123 23
123 24
123 25
123 26
123 27
123 28
123 29
123 30
123 31
123 32
123 33
123 59
123 60
123 61
123 89
123 95
123 100
123 104
123 111
123 113
123 121
124 1
124 2
124 17
124 18
124 19
124 20
124 21
124 22
124 23
124 24
124 25
124 26
124 27
124 28
124 29
124 30
124 31
124 32
124 33
124 59
124 60
124 61
124 89
124 95
124 100
124 104
124 111
124 113
124 121
124 123
125 1
125 2
125 17
125 18
125 19
125 20
125 21
125 22
125 23
125 24
125 25
125 26
125 27
125 28
125 29
125 30
125 31
125 32
125 33
125 59
125 60
125 61
125 89
125 95
125 100
125 104
125 111
125 113
125 123
125 124
126 1
126 2
126 3
126 4
126 5
126 6
126 7
126 8
126 9
126 10
126 11
126 12
126 13
126 14
126 15
126 16
126 17
126 78
126 79
126 80
126 81
126 82
126 83
126 84
126 85
126 86
128 1
128 2
128 17
128 18
128 19
128 20
128 21
128 22
128 23
128 24
128 25
128 26
128 27
128 28
128 29
128 30
128 31
128 32
128 33
128 59
128 60
128 61
128 89
128 95
128 100
128 104
128 111
128 113
128 123
128 124
128 125
129 1
129 2
129 17
129 18
129 19
129 20
129 21
129 22
129 23
129 24
129 25
129 26
129 27
129 28
129 29
129 30
129 31
129 32
129 33
129 89
129 95
130 1
130 2
130 17
130 18
130 19
130 20
130 21
130 22
130 23
130 24
130 25
130 26
130 27
130 28
130 29
130 30
130 31
130 32
130 33
130 89
130 95
130 129
131 1
131 2
131 17
131 18
131 19
131 20
131 21
131 22
131 23
131 24
131 25
131 26
131 27
131 28
131 29
131 30
131 31
131 32
131 33
131 89
131 95
131 130
132 1
132 2
132 17
132 18
132 19
132 20
132 21
132 22
132 23
132 24
132 25
132 26
132 27
132 28
132 29
132 30
132 31
132 32
132 33
132 89
132 95
133 1
133 2
133 17
133 18
133 19
133 20
133 21
133 22
133 23
133 24
133 25
133 26
133 27
133 28
133 29
133 30
133 31
133 32
133 33
133 89
133 95
133 132
134 1
134 2
134 17
134 18
134 19
134 20
134 21
134 22
134 23
134 24
134 25
134 26
134 27
134 28
134 29
134 30
134 31
134 32
134 33
134 89
134 95
135 1
135 2
135 17
135 18
135 19
135 20
135 21
135 22
135 23
135 24
135 25
135 26
135 27
135 28
135 29
135 30
135 31
135 32
135 33
135 89
135 95
136 1
136 2
136 17
136 18
136 19
136 20
136 21
136 22
136 23
136 24
136 25
136 26
136 27
136 28
136 29
136 30
136 31
136 32
136 33
136 89
136 95
137 1
137 2
137 17
137 18
137 19
137 20
137 21
137 22
137 23
137 24
137 25
137 26
137 27
137 28
137 29
137 30
137 31
137 32
137 33
137 89
137 95
137 136
138 1
138 2
138 17
138 18
138 19
138 20
138 21
138 22
138 23
138 24
138 25
138 26
138 27
138 28
138 29
138 30
138 31
138 32
138 33
138 89
138 95
139 1
139 2
139 11
139 12
139 13
139 14
139 15
139 16
139 17
139 18
139 19
139 20
139 21
139 22
139 23
139 24
139 25
139 26
139 27
139 28
139 29
139 30
139 31
139 32
139 33
139 43
139 45
139 62
139 63
139 89
139 95
139 138
141 1
141 2
141 17
141 18
141 19
141 20
141 21
141 22
141 23
141 24
141 25
141 26
141 27
141 28
141 29
141 30
141 31
141 32
141 33
141 45
141 89
141 95
141 139
142 1
142 2
142 17
142 18
142 19
142 20
142 21
142 22
142 23
142 24
142 25
142 26
142 27
142 28
142 29
142 30
142 31
142 32
142 33
142 45
142 89
142 95
142 139
143 1
143 2
143 17
143 18
143 19
143 20
143 21
143 22
143 23
143 24
143 25
143 26
143 27
143 28
143 29
143 30
143 31
143 32
143 33
143 45
143 89
143 95
143 139
144 1
144 2
144 17
144 18
144 19
144 20
144 21
144 22
144 23
144 24
144 25
144 26
144 27
144 28
144 29
144 30
144 31
144 32
144 33
144 45
144 89
144 95
144 139
144 143
145 1
145 2
145 17
145 18
145 19
145 20
145 21
145 22
145 23
145 24
145 25
145 26
145 27
145 28
145 29
145 30
145 31
145 32
145 33
145 45
145 89
145 95
145 139
146 1
146 2
146 17
146 18
146 19
146 20
146 21
146 22
146 23
146 24
146 25
146 26
146 27
146 28
146 29
146 30
146 31
146 32
146 33
146 45
146 89
146 95
146 139
147 1
147 2
147 17
147 18
147 19
147 20
147 21
147 22
147 23
147 24
147 25
147 26
147 27
147 28
147 29
147 30
147 31
147 32
147 33
147 45
147 89
147 95
147 139
148 1
148 2
148 17
148 18
148 19
148 20
148 21
148 22
148 23
148 24
148 25
148 26
148 27
148 28
148 29
148 30
148 31
148 32
148 33
148 45
148 89
148 95
148 139
148 147
149 1
149 2
149 17
149 18
149 19
149 20
149 21
149 22
149 23
149 24
149 25
149 26
149 27
149 28
149 29
149 30
149 31
149 32
149 33
149 45
149 89
149 95
149 139
150 1
150 2
150 17
150 18
150 19
150 20
150 21
150 22
150 23
150 24
150 25
150 26
150 27
150 28
150 29
150 30
150 31
150 32
150 33
150 45
150 89
150 95
150 139
152 1
152 2
152 17
152 18
152 19
152 20
152 21
152 22
152 23
152 24
152 25
152 26
152 27
152 28
152 29
152 30
152 31
152 32
152 33
152 45
152 89
152 95
152 139
153 1
153 2
153 17
153 18
153 19
153 20
153 21
153 22
153 23
153 24
153 25
153 26
153 27
153 28
153 29
153 30
153 31
153 32
153 33
153 45
153 89
153 95
153 139
154 1
154 2
154 17
154 18
154 19
154 20
154 21
154 22
154 23
154 24
154 25
154 26
154 27
154 28
154 29
154 30
154 31
154 32
154 33
154 45
154 89
154 95
154 139
154 153
155 1
155 2
155 17
155 18
155 19
155 20
155 21
155 22
155 23
155 24
155 25
155 26
155 27
155 28
155 29
155 30
155 31
155 32
155 33
155 45
155 89
155 95
155 139
156 1
156 2
156 17
156 18
156 19
156 20
156 21
156 22
156 23
156 24
156 25
156 26
156 27
156 28
156 29
156 30
156 31
156 32
156 33
156 45
156 89
156 95
157 1
157 2
157 17
157 18
157 19
157 20
157 21
157 22
157 23
157 24
157 25
157 26
157 27
157 28
157 29
157 30
157 31
157 32
157 33
157 45
157 89
157 95
157 139
159 1
159 2
159 17
159 18
159 19
159 20
159 21
159 22
159 23
159 24
159 25
159 26
159 27
159 28
159 29
159 30
159 31
159 32
159 33
159 43
159 45
159 89
159 95
159 139
160 1
160 2
160 17
160 18
160 19
160 20
160 21
160 22
160 23
160 24
160 25
160 26
160 27
160 28
160 29
160 30
160 31
160 32
160 33
160 43
160 45
160 89
160 95
160 139
161 1
161 2
161 11
161 12
161 13
161 14
161 15
161 16
161 17
161 18
161 19
161 20
161 21
161 22
161 23
161 24
161 25
161 26
161 27
161 28
161 29
161 30
161 31
161 32
161 33
161 43
161 45
161 62
161 89
161 95
161 139
162 1
162 2
162 17
162 18
162 19
162 20
162 21
162 22
162 23
162 24
162 25
162 26
162 27
162 28
162 29
162 30
162 31
162 32
162 33
162 43
162 45
162 89
162 95
162 139
162 161
163 1
163 2
163 17
163 18
163 19
163 20
163 21
163 22
163 23
163 24
163 25
163 26
163 27
163 28
163 29
163 30
163 31
163 32
163 33
163 43
163 45
163 89
163 95
163 139
163 161
163 162
164 1
164 2
164 11
164 12
164 13
164 14
164 15
164 16
164 17
164 18
164 19
164 20
164 21
164 22
164 23
164 24
164 25
164 26
164 27
164 28
164 29
164 30
164 31
164 32
164 33
164 43
164 45
164 62
164 89
164 95
164 139
164 161
164 162
164 163
165 1
165 2
165 17
165 18
165 19
165 20
165 21
165 22
165 23
165 24
165 25
165 26
165 27
165 28
165 29
165 30
165 31
165 32
165 33
165 43
165 45
165 89
165 95
165 139
165 161
165 163
165 164
168 1
168 2
168 17
168 18
168 19
168 20
168 21
168 22
168 23
168 24
168 25
168 26
168 27
168 28
168 29
168 30
168 31
168 32
168 33
168 43
168 45
168 89
168 95
168 139
168 161
168 164
170 1
170 2
170 17
170 18
170 19
170 20
170 21
170 22
170 23
170 24
170 25
170 26
170 27
170 28
170 29
170 30
170 31
170 32
170 33
170 43
170 45
170 89
170 95
170 139
171 1
171 2
171 17
171 18
171 19
171 20
171 21
171 22
171 23
171 24
171 25
171 26
171 27
171 28
171 29
171 30
171 31
171 32
171 33
171 43
171 45
171 89
171 95
171 139
172 1
172 2
172 17
172 18
172 19
172 20
172 21
172 22
172 23
172 24
172 25
172 26
172 27
172 28
172 29
172 30
172 31
172 32
172 33
172 43
172 45
172 89
172 95
172 139
172 161
172 164
173 1
173 2
173 3
173 4
173 5
173 6
173 7
173 8
173 9
173 10
173 11
173 12
173 13
173 14
173 15
173 16
173 17
173 78
173 79
173 80
173 81
173 82
173 83
173 84
173 85
173 86
174 1
174 2
174 17
174 18
174 19
174 20
174 21
174 22
174 23
174 24
174 25
174 26
174 27
174 28
174 29
174 30
174 31
174 32
174 33
174 43
174 45
174 89
174 95
174 139
174 161
174 164
175 1
175 2
175 17
175 18
175 19
175 20
175 21
175 22
175 23
175 24
175 25
175 26
175 27
175 28
175 29
175 30
175 31
175 32
175 33
175 43
175 45
175 89
175 95
175 139
175 164
175 174
176 1
176 2
176 17
176 18
176 19
176 20
176 21
176 22
176 23
176 24
176 25
176 26
176 27
176 28
176 29
176 30
176 31
176 32
176 33
176 43
176 45
176 89
176 95
176 139
176 174
176 175
177 1
177 2
177 17
177 18
177 19
177 20
177 21
177 22
177 23
177 24
177 25
177 26
177 27
177 28
177 29
177 30
177 31
177 32
177 33
177 43
177 45
177 89
177 95
177 139
177 174
177 175
177 176
178 1
178 2
178 17
178 18
178 19
178 20
178 21
178 22
178 23
178 24
178 25
178 26
178 27
178 28
178 29
178 30
178 31
178 32
178 33
178 43
178 45
178 89
178 95
178 139
178 174
178 175
178 176
179 1
179 2
179 17
179 18
179 19
179 20
179 21
179 22
179 23
179 24
179 25
179 26
179 27
179 28
179 29
179 30
179 31
179 32
179 33
179 43
179 45
179 89
179 95
179 139
179 174
179 175
179 176
180 1
180 2
180 17
180 18
180 19
180 20
180 21
180 22
180 23
180 24
180 25
180 26
180 27
180 28
180 29
180 30
180 31
180 32
180 33
180 43
180 45
180 89
180 95
180 139
180 174
180 175
180 179
181 1
181 2
181 17
181 18
181 19
181 20
181 21
181 22
181 23
181 24
181 25
181 26
181 27
181 28
181 29
181 30
181 31
181 32
181 33
181 43
181 45
181 89
181 95
181 139
181 174
181 175
181 180
182 1
182 2
182 17
182 18
182 19
182 20
182 21
182 22
182 23
182 24
182 25
182 26
182 27
182 28
182 29
182 30
182 31
182 32
182 33
182 43
182 45
182 89
182 95
182 139
182 175
182 180
182 181
183 1
183 2
183 17
183 18
183 19
183 20
183 21
183 22
183 23
183 24
183 25
183 26
183 27
183 28
183 29
183 30
183 31
183 32
183 33
183 43
183 45
183 89
183 95
183 139
183 180
183 181
183 182
184 1
184 2
184 17
184 18
184 19
184 20
184 21
184 22
184 23
184 24
184 25
184 26
184 27
184 28
184 29
184 30
184 31
184 32
184 33
184 43
184 45
184 63
184 89
184 95
184 139
184 180
184 181
184 182
184 183
185 1
185 2
185 17
185 18
185 19
185 20
185 21
185 22
185 23
185 24
185 25
185 26
185 27
185 28
185 29
185 30
185 31
185 32
185 33
185 43
185 45
185 89
185 95
185 139
185 181
185 182
185 183
185 184
186 1
186 2
186 17
186 18
186 19
186 20
186 21
186 22
186 23
186 24
186 25
186 26
186 27
186 28
186 29
186 30
186 31
186 32
186 33
186 43
186 45
186 89
186 95
186 139
186 182
186 183
186 184
186 185
187 1
187 2
187 17
187 18
187 19
187 20
187 21
187 22
187 23
187 24
187 25
187 26
187 27
187 28
187 29
187 30
187 31
187 32
187 33
187 43
187 45
187 89
187 95
187 139
187 183
187 184
187 185
187 186
188 1
188 2
188 17
188 18
188 19
188 20
188 21
188 22
188 23
188 24
188 25
188 26
188 27
188 28
188 29
188 30
188 31
188 32
188 33
188 43
188 45
188 89
188 95
188 139
188 184
188 185
188 186
188 187
189 1
189 2
189 17
189 18
189 19
189 20
189 21
189 22
189 23
189 24
189 25
189 26
189 27
189 28
189 29
189 30
189 31
189 32
189 33
189 43
189 45
189 89
189 95
189 139
189 184
189 185
189 186
189 187
189 188
190 1
190 2
190 17
190 18
190 19
190 20
190 21
190 22
190 23
190 24
190 25
190 26
190 27
190 28
190 29
190 30
190 31
190 32
190 33
190 43
190 45
190 63
190 89
190 95
190 139
190 184
190 186
190 187
190 188
191 1
191 2
191 17
191 18
191 19
191 20
191 21
191 22
191 23
191 24
191 25
191 26
191 27
191 28
191 29
191 30
191 31
191 32
191 33
191 43
191 45
191 89
191 95
191 139
191 184
191 186
191 187
191 188
191 190
192 1
192 2
192 17
192 18
192 19
192 20
192 21
192 22
192 23
192 24
192 25
192 26
192 27
192 28
192 29
192 30
192 31
192 32
192 33
192 43
192 45
192 63
192 89
192 95
192 139
192 184
192 186
192 187
192 188
192 190
193 1
193 2
193 17
193 18
193 19
193 20
193 21
193 22
193 23
193 24
193 25
193 26
193 27
193 28
193 29
193 30
193 31
193 32
193 33
193 43
193 45
193 89
193 95
193 139
193 184
193 186
193 187
193 188
193 190
193 192
194 1
194 2
194 17
194 18
194 19
194 20
194 21
194 22
194 23
194 24
194 25
194 26
194 27
194 28
194 29
194 30
194 31
194 32
194 33
194 43
194 45
194 63
194 89
194 95
194 139
194 184
194 186
194 188
194 190
194 192
195 1
195 2
195 17
195 18
195 19
195 20
195 21
195 22
195 23
195 24
195 25
195 26
195 27
195 28
195 29
195 30
195 31
195 32
195 33
195 43
195 45
195 89
195 95
195 139
195 184
195 186
195 188
195 190
195 192
195 194
196 1
196 2
196 17
196 18
196 19
196 20
196 21
196 22
196 23
196 24
196 25
196 26
196 27
196 28
196 29
196 30
196 31
196 32
196 33
196 43
196 45
196 63
196 89
196 95
196 139
196 184
196 186
196 190
196 192
196 194
197 1
197 2
197 17
197 18
197 19
197 20
197 21
197 22
197 23
197 24
197 25
197 26
197 27
197 28
197 29
197 30
197 31
197 32
197 33
197 43
197 45
197 89
197 95
197 139
197 184
197 186
197 190
197 192
197 194
197 196
198 1
198 2
198 17
198 18
198 19
198 20
198 21
198 22
198 23
198 24
198 25
198 26
198 27
198 28
198 29
198 30
198 31
198 32
198 33
198 43
198 45
198 63
198 89
198 95
198 139
198 184
198 190
198 192
198 194
198 196
200 1
200 2
200 3
200 4
200 5
200 6
200 7
200 8
200 9
200 10
200 11
200 12
200 13
200 14
200 15
200 16
200 17
200 78
200 79
200 80
200 81
200 82
200 83
200 84
200 85
200 86
200 173
201 1
201 2
201 3
201 4
201 5
201 6
201 7
201 8
201 9
201 10
201 11
201 12
201 13
201 14
201 15
201 16
201 17
201 78
201 79
201 80
201 81
201 82
201 83
201 84
201 85
201 86
201 173
201 200
202 1
202 2
202 3
202 4
202 5
202 6
202 7
202 8
202 9
202 10
202 11
202 12
202 13
202 14
202 15
202 16
202 17
202 78
202 79
202 80
202 81
202 82
202 83
202 84
202 85
202 86
202 173
203 1
203 2
203 3
203 4
203 5
203 6
203 7
203 8
203 9
203 10
203 11
203 12
203 13
203 14
203 15
203 16
203 17
203 78
203 79
203 80
203 81
203 82
203 83
203 84
203 85
203 86
203 173
203 202
204 1
204 2
204 3
204 4
204 5
204 6
204 7
204 8
204 9
204 10
204 11
204 12
204 13
204 14
204 15
204 16
204 17
204 78
204 79
204 80
204 81
204 82
204 83
204 84
204 85
204 86
204 173
204 202
204 203
205 1
205 2
205 3
205 4
205 5
205 6
205 7
205 8
205 9
205 10
205 11
205 12
205 13
205 14
205 15
205 16
205 17
205 78
205 79
205 80
205 81
205 82
205 83
205 84
205 85
205 86
205 173
205 202
206 1
206 2
206 3
206 4
206 5
206 6
206 7
206 8
206 9
206 10
206 11
206 12
206 13
206 14
206 15
206 16
206 17
206 78
206 79
206 80
206 81
206 82
206 83
206 84
206 85
206 86
206 173
206 205
207 1
207 2
207 3
207 4
207 5
207 6
207 7
207 8
207 9
207 10
207 11
207 12
207 13
207 14
207 15
207 16
207 17
207 78
207 79
207 80
207 81
207 82
207 83
207 84
207 85
207 86
207 173
209 1
209 2
209 17
209 18
209 19
209 20
209 21
209 22
209 23
209 24
209 25
209 26
209 27
209 28
209 29
209 30
209 31
209 32
209 33
209 43
209 45
209 63
209 89
209 95
209 139
209 184
209 190
209 192
209 194
209 196
209 198
210 1
210 2
210 17
210 18
210 19
210 20
210 21
210 22
210 23
210 24
210 25
210 26
210 27
210 28
210 29
210 30
210 31
210 32
210 33
210 43
210 45
210 89
210 95
210 139
210 161
210 164
211 1
211 2
211 17
211 18
211 19
211 20
211 21
211 22
211 23
211 24
211 25
211 26
211 27
211 28
211 29
211 30
211 31
211 32
211 33
211 43
211 45
211 89
211 95
211 139
211 161
211 164
212 1
212 2
212 17
212 18
212 19
212 20
212 21
212 22
212 23
212 24
212 25
212 26
212 27
212 28
212 29
212 30
212 31
212 32
212 33
212 43
212 45
212 89
212 95
212 139
212 161
212 164
212 211
213 1
213 2
213 17
213 18
213 19
213 20
213 21
213 22
213 23
213 24
213 25
213 26
213 27
213 28
213 29
213 30
213 31
213 32
213 33
213 43
213 45
213 89
213 95
213 139
213 161
213 164
213 211
213 212
214 1
214 2
214 17
214 18
214 19
214 20
214 21
214 22
214 23
214 24
214 25
214 26
214 27
214 28
214 29
214 30
214 31
214 32
214 33
214 43
214 45
214 89
214 95
214 139
214 161
214 164
214 212
214 213
215 1
215 2
215 17
215 18
215 19
215 20
215 21
215 22
215 23
215 24
215 25
215 26
215 27
215 28
215 29
215 30
215 31
215 32
215 33
215 43
215 45
215 89
215 95
215 139
215 161
215 164
215 213
215 214
216 1
216 2
216 17
216 18
216 19
216 20
216 21
216 22
216 23
216 24
216 25
216 26
216 27
216 28
216 29
216 30
216 31
216 32
216 33
216 43
216 45
216 89
216 95
216 139
216 161
216 164
216 214
216 215
217 1
217 2
217 17
217 18
217 19
217 20
217 21
217 22
217 23
217 24
217 25
217 26
217 27
217 28
217 29
217 30
217 31
217 32
217 33
217 43
217 45
217 62
217 89
217 95
217 139
217 161
217 164
217 214
217 215
217 216
218 1
218 2
218 17
218 18
218 19
218 20
218 21
218 22
218 23
218 24
218 25
218 26
218 27
218 28
218 29
218 30
218 31
218 32
218 33
218 43
218 45
218 89
218 95
218 139
218 161
218 164
218 214
218 215
218 217
219 1
219 2
219 17
219 18
219 19
219 20
219 21
219 22
219 23
219 24
219 25
219 26
219 27
219 28
219 29
219 30
219 31
219 32
219 33
219 43
219 45
219 89
219 95
219 139
219 161
219 164
219 215
219 217
219 218
220 1
220 2
220 17
220 18
220 19
220 20
220 21
220 22
220 23
220 24
220 25
220 26
220 27
220 28
220 29
220 30
220 31
220 32
220 33
220 43
220 45
220 89
220 95
220 139
220 161
220 164
220 217
220 218
220 219
221 1
221 2
221 17
221 18
221 19
221 20
221 21
221 22
221 23
221 24
221 25
221 26
221 27
221 28
221 29
221 30
221 31
221 32
221 33
221 43
221 45
221 89
221 95
221 139
221 161
221 164
221 217
221 218
221 219
221 220
222 1
222 2
222 17
222 18
222 19
222 20
222 21
222 22
222 23
222 24
222 25
222 26
222 27
222 28
222 29
222 30
222 31
222 32
222 33
222 43
222 45
222 62
222 89
222 95
222 139
222 161
222 164
222 217
222 218
222 220
223 1
223 2
223 17
223 18
223 19
223 20
223 21
223 22
223 23
223 24
223 25
223 26
223 27
223 28
223 29
223 30
223 31
223 32
223 33
223 43
223 45
223 89
223 95
223 139
223 161
223 164
223 217
223 218
223 220
223 222
224 1
224 2
224 17
224 18
224 19
224 20
224 21
224 22
224 23
224 24
224 25
224 26
224 27
224 28
224 29
224 30
224 31
224 32
224 33
224 43
224 45
224 62
224 89
224 95
224 139
224 161
224 164
224 217
224 218
224 222
225 1
225 2
225 17
225 18
225 19
225 20
225 21
225 22
225 23
225 24
225 25
225 26
225 27
225 28
225 29
225 30
225 31
225 32
225 33
225 43
225 45
225 89
225 95
225 139
225 161
225 164
225 217
225 218
225 222
225 224
226 1
226 2
226 17
226 18
226 19
226 20
226 21
226 22
226 23
226 24
226 25
226 26
226 27
226 28
226 29
226 30
226 31
226 32
226 33
226 43
226 45
226 62
226 89
226 95
226 139
226 161
226 164
226 217
226 222
226 224
228 1
228 2
228 3
228 4
228 5
228 6
228 7
228 8
228 9
228 10
228 11
228 12
228 13
228 14
228 15
228 16
228 17
228 78
228 79
228 80
228 81
228 82
228 83
228 84
228 85
228 86
229 1
229 2
229 3
229 4
229 5
229 6
229 7
229 8
229 9
229 10
229 11
229 12
229 13
229 14
229 15
229 16
229 17
229 78
229 79
229 80
229 81
229 82
229 83
229 84
229 85
229 86
229 228
230 1
230 2
230 3
230 4
230 5
230 6
230 7
230 8
230 9
230 10
230 11
230 12
230 13
230 14
230 15
230 16
230 17
230 78
230 79
230 80
230 81
230 82
230 83
230 84
230 85
230 86
231 1
231 2
231 3
231 4
231 5
231 6
231 7
231 8
231 9
231 10
231 11
231 12
231 13
231 14
231 15
231 16
231 17
231 78
231 79
231 80
231 81
231 82
231 83
231 84
231 85
231 86
231 230
232 1
232 2
232 3
232 4
232 5
232 6
232 7
232 8
232 9
232 10
232 11
232 12
232 13
232 14
232 15
232 16
232 17
232 78
232 79
232 80
232 81
232 82
232 83
232 84
232 85
232 86
234 1
234 2
234 17
234 18
234 19
234 20
234 21
234 22
234 23
234 24
234 25
234 26
234 27
234 28
234 29
234 30
234 31
234 32
234 33
234 43
234 45
234 62
234 89
234 95
234 139
234 161
234 164
234 217
234 222
234 224
234 226
235 1
235 2
235 17
235 18
235 19
235 20
235 21
235 22
235 23
235 24
235 25
235 26
235 27
235 28
235 29
235 30
235 31
235 32
235 33
235 45
235 89
235 95
236 1
236 2
236 17
236 18
236 19
236 20
236 21
236 22
236 23
236 24
236 25
236 26
236 27
236 28
236 29
236 30
236 31
236 32
236 89
236 95
237 1
237 2
237 17
237 18
237 19
237 20
237 21
237 22
237 23
237 24
237 25
237 26
237 27
237 28
237 29
237 30
237 31
237 32
237 89
237 95
240 1
240 2
240 17
240 18
240 19
240 20
240 21
240 22
240 23
240 24
240 25
240 26
240 27
240 28
240 29
240 30
240 31
240 32
240 38
240 52
240 89
240 95
241 1
241 2
241 17
241 18
241 19
241 20
241 21
241 22
241 23
241 24
241 25
241 26
241 27
241 28
241 29
241 30
241 31
241 32
241 38
241 52
241 89
242 1
242 2
242 17
242 18
242 19
242 20
242 21
242 22
242 23
242 24
242 25
242 26
242 27
242 28
242 29
242 30
242 31
242 32
242 38
242 89
243 1
243 2
243 17
243 18
243 19
243 20
243 21
243 22
243 23
243 24
243 25
243 26
243 27
243 28
243 29
243 30
243 31
243 32
243 38
243 89
243 242
244 1
244 2
244 17
244 18
244 19
244 20
244 21
244 22
244 23
244 24
244 25
244 26
244 27
244 28
244 29
244 30
244 31
244 32
245 1
245 2
245 17
245 18
245 19
245 20
245 21
245 22
245 23
245 24
245 25
245 26
245 27
245 28
245 29
245 30
245 31
245 32
245 244
246 1
246 2
246 17
246 18
246 19
246 20
246 21
246 22
246 23
246 24
246 25
246 26
246 27
246 28
246 29
246 30
246 31
246 32
247 1
247 2
247 17
247 18
247 19
247 20
247 21
247 22
247 23
247 24
247 25
247 26
247 27
247 28
247 29
247 30
247 31
247 32
247 246
248 1
248 2
248 17
248 18
248 19
248 20
248 21
248 22
248 23
248 24
248 25
248 26
248 27
248 28
248 29
248 30
248 31
248 32
249 1
249 2
249 16
249 17
249 18
249 19
249 20
249 21
249 22
249 23
249 24
249 25
249 26
249 27
249 28
249 29
249 30
249 31
249 32
249 248
250 1
250 2
250 10
250 16
250 17
250 18
250 19
250 20
250 21
250 22
250 23
250 24
250 25
250 26
250 27
250 28
250 29
250 30
250 31
250 32
250 248
250 249
251 1
251 2
251 9
251 10
251 16
251 17
251 18
251 19
251 20
251 21
251 22
251 23
251 24
251 25
251 26
251 27
251 28
251 29
251 30
251 31
251 32
251 248
251 249
251 250
252 1
252 2
252 8
252 9
252 10
252 16
252 17
252 18
252 19
252 20
252 21
252 22
252 23
252 24
252 25
252 26
252 27
252 28
252 29
252 30
252 31
252 32
252 248
252 249
252 250
252 251
253 1
253 2
253 7
253 8
253 9
253 10
253 16
253 17
253 18
253 19
253 20
253 21
253 22
253 23
253 24
253 25
253 26
253 27
253 28
253 29
253 30
253 31
253 32
253 248
253 249
253 250
253 251
253 252
254 1
254 2
254 6
254 7
254 8
254 9
254 10
254 16
254 17
254 18
254 19
254 20
254 21
254 22
254 23
254 24
254 25
254 26
254 27
254 28
254 29
254 30
254 31
254 32
254 248
254 249
254 250
254 251
254 252
254 253
255 1
255 2
255 5
255 6
255 7
255 8
255 9
255 10
255 16
255 17
255 18
255 19
255 20
255 21
255 22
255 23
255 24
255 25
255 26
255 27
255 28
255 29
255 30
255 31
255 32
255 248
255 249
255 250
255 251
255 252
255 253
255 254
256 1
256 2
256 17
256 18
256 19
256 20
256 21
256 22
256 23
256 24
256 25
256 26
256 27
256 28
256 29
256 30
256 31
256 32
256 38
256 52
256 89
257 1
257 2
257 17
257 18
257 19
257 20
257 21
257 22
257 23
257 24
257 25
257 26
257 27
257 28
257 29
257 30
257 31
257 32
257 38
257 52
257 89
257 256
258 1
258 2
258 17
258 18
258 19
258 20
258 21
258 22
258 23
258 24
258 25
258 26
258 27
258 28
258 29
258 30
258 31
258 32
258 38
258 52
258 56
258 66
258 89
258 256
258 257
259 1
259 2
259 17
259 18
259 19
259 20
259 21
259 22
259 23
259 24
259 25
259 26
259 27
259 28
259 29
259 30
259 31
259 32
259 38
259 52
259 89
259 257
259 258
260 1
260 2
260 17
260 18
260 19
260 20
260 21
260 22
260 23
260 24
260 25
260 26
260 27
260 28
260 29
260 30
260 31
260 32
260 38
260 52
260 56
260 89
260 258
260 259
261 1
261 2
261 17
261 18
261 19
261 20
261 21
261 22
261 23
261 24
261 25
261 26
261 27
261 28
261 29
261 30
261 31
261 32
261 38
261 52
261 56
261 66
261 89
261 258
261 260
262 1
262 2
262 17
262 18
262 19
262 20
262 21
262 22
262 23
262 24
262 25
262 26
262 27
262 28
262 29
262 30
262 31
262 32
262 38
262 52
262 89
262 258
262 260
262 261
263 1
263 2
263 17
263 18
263 19
263 20
263 21
263 22
263 23
263 24
263 25
263 26
263 27
263 28
263 29
263 30
263 31
263 32
263 38
263 52
263 56
263 66
263 89
263 258
263 260
263 261
265 1
265 2
265 17
265 18
265 19
265 20
265 21
265 22
265 23
265 24
265 25
265 26
265 27
265 28
265 29
265 30
265 31
265 32
265 38
265 52
265 56
265 89
265 258
265 261
265 263
266 1
266 2
266 17
266 18
266 19
266 20
266 21
266 22
266 23
266 24
266 25
266 26
266 27
266 28
266 29
266 30
266 31
266 32
266 38
266 52
266 56
266 89
266 258
266 261
266 263
266 265
267 1
267 2
267 17
267 18
267 19
267 20
267 21
267 22
267 23
267 24
267 25
267 26
267 27
267 28
267 29
267 30
267 31
267 32
267 38
267 52
267 56
267 66
267 89
267 258
267 261
267 263
269 1
269 2
269 17
269 18
269 19
269 20
269 21
269 22
269 23
269 24
269 25
269 26
269 27
269 28
269 29
269 30
269 31
269 32
269 38
269 52
269 56
269 89
269 258
269 261
269 263
269 267
271 1
271 2
271 17
271 18
271 19
271 20
271 21
271 22
271 23
271 24
271 25
271 26
271 27
271 28
271 29
271 30
271 31
271 32
271 38
271 52
271 56
271 66
271 89
271 258
271 261
271 263
271 267
272 1
272 2
272 3
272 4
272 5
272 6
272 7
272 8
272 9
272 10
272 11
272 12
272 13
272 14
272 15
272 16
272 17
272 78
272 79
272 80
272 81
272 82
272 83
272 84
272 85
272 86
273 1
273 2
273 3
273 4
273 5
273 6
273 7
273 8
273 9
273 10
273 11
273 12
273 13
273 14
273 15
273 16
273 17
273 78
273 79
273 80
273 81
273 82
273 83
273 84
273 85
273 86
275 1
275 2
275 17
275 18
275 19
275 20
275 21
275 22
275 23
275 24
275 25
275 26
275 27
275 28
275 29
275 30
275 31
275 32
275 38
275 52
275 56
275 66
275 89
275 258
275 261
275 263
275 267
275 271
276 1
276 2
276 17
276 18
276 19
276 20
276 21
276 22
276 23
276 24
276 25
276 26
276 27
276 28
276 29
276 30
276 31
276 32
276 38
276 52
276 89
276 95
277 1
277 2
277 17
277 18
277 19
277 20
277 21
277 22
277 23
277 24
277 25
277 26
277 27
277 28
277 29
277 30
277 31
277 32
277 38
277 52
277 89
277 95
277 276
278 1
278 2
278 17
278 18
278 19
278 20
278 21
278 22
278 23
278 24
278 25
278 26
278 27
278 28
278 29
278 30
278 31
278 32
278 38
278 52
278 89
278 95
278 276
279 1
279 2
279 17
279 18
279 19
279 20
279 21
279 22
279 23
279 24
279 25
279 26
279 27
279 28
279 29
279 30
279 31
279 32
279 38
279 52
279 89
279 95
279 278
280 1
280 2
280 17
280 18
280 19
280 20
280 21
280 22
280 23
280 24
280 25
280 26
280 27
280 28
280 29
280 30
280 31
280 32
280 38
280 52
280 89
280 95
281 1
281 2
281 17
281 18
281 19
281 20
281 21
281 22
281 23
281 24
281 25
281 26
281 27
281 28
281 29
281 30
281 31
281 32
281 38
281 52
281 89
281 95
281 280
282 1
282 2
282 17
282 18
282 19
282 20
282 21
282 22
282 23
282 24
282 25
282 26
282 27
282 28
282 29
282 30
282 31
282 32
282 38
282 52
282 89
282 95
282 280
282 281
283 1
283 2
283 17
283 18
283 19
283 20
283 21
283 22
283 23
283 24
283 25
283 26
283 27
283 28
283 29
283 30
283 31
283 32
283 38
283 52
283 89
283 95
283 280
283 281
283 282
284 1
284 2
284 11
284 12
284 13
284 14
284 15
284 16
284 17
284 18
284 19
284 20
284 21
284 22
284 23
284 24
284 25
284 26
284 27
284 28
284 29
284 30
284 31
284 32
284 38
284 44
284 52
284 57
284 58
284 67
284 68
284 69
284 89
284 95
284 280
284 281
284 282
285 1
285 2
285 17
285 18
285 19
285 20
285 21
285 22
285 23
285 24
285 25
285 26
285 27
285 28
285 29
285 30
285 31
285 32
285 38
285 52
285 89
285 95
285 280
285 282
285 284
286 1
286 2
286 17
286 18
286 19
286 20
286 21
286 22
286 23
286 24
286 25
286 26
286 27
286 28
286 29
286 30
286 31
286 32
286 38
286 52
286 89
286 95
286 284
287 1
287 2
287 17
287 18
287 19
287 20
287 21
287 22
287 23
287 24
287 25
287 26
287 27
287 28
287 29
287 30
287 31
287 32
287 38
287 52
287 89
287 95
287 284
288 1
288 2
288 17
288 18
288 19
288 20
288 21
288 22
288 23
288 24
288 25
288 26
288 27
288 28
288 29
288 30
288 31
288 32
288 38
288 52
288 89
288 95
288 284
289 1
289 2
289 17
289 18
289 19
289 20
289 21
289 22
289 23
289 24
289 25
289 26
289 27
289 28
289 29
289 30
289 31
289 32
289 38
289 52
289 89
289 95
289 284
290 1
290 2
290 17
290 18
290 19
290 20
290 21
290 22
290 23
290 24
290 25
290 26
290 27
290 28
290 29
290 30
290 31
290 32
290 38
290 52
290 89
290 95
290 284
291 1
291 2
291 17
291 18
291 19
291 20
291 21
291 22
291 23
291 24
291 25
291 26
291 27
291 28
291 29
291 30
291 31
291 32
291 38
291 52
291 89
291 95
291 284
291 290
292 1
292 2
292 17
292 18
292 19
292 20
292 21
292 22
292 23
292 24
292 25
292 26
292 27
292 28
292 29
292 30
292 31
292 32
292 38
292 52
292 89
292 95
292 284
293 1
293 2
293 17
293 18
293 19
293 20
293 21
293 22
293 23
293 24
293 25
293 26
293 27
293 28
293 29
293 30
293 31
293 32
293 38
293 52
293 89
293 95
293 284
294 1
294 2
294 17
294 18
294 19
294 20
294 21
294 22
294 23
294 24
294 25
294 26
294 27
294 28
294 29
294 30
294 31
294 32
294 38
294 52
294 89
294 95
294 284
295 1
295 2
295 17
295 18
295 19
295 20
295 21
295 22
295 23
295 24
295 25
295 26
295 27
295 28
295 29
295 30
295 31
295 32
295 38
295 52
295 89
295 95
295 284
296 1
296 2
296 17
296 18
296 19
296 20
296 21
296 22
296 23
296 24
296 25
296 26
296 27
296 28
296 29
296 30
296 31
296 32
296 38
296 52
296 89
296 95
296 284
296 295
297 1
297 2
297 17
297 18
297 19
297 20
297 21
297 22
297 23
297 24
297 25
297 26
297 27
297 28
297 29
297 30
297 31
297 32
297 38
297 52
297 89
297 95
297 284
297 295
297 296
298 1
298 2
298 17
298 18
298 19
298 20
298 21
298 22
298 23
298 24
298 25
298 26
298 27
298 28
298 29
298 30
298 31
298 32
298 38
298 52
298 89
298 95
298 284
298 295
299 1
299 2
299 17
299 18
299 19
299 20
299 21
299 22
299 23
299 24
299 25
299 26
299 27
299 28
299 29
299 30
299 31
299 32
299 38
299 52
299 89
299 95
299 284
299 295
300 1
300 2
300 17
300 18
300 19
300 20
300 21
300 22
300 23
300 24
300 25
300 26
300 27
300 28
300 29
300 30
300 31
300 32
300 38
300 52
300 89
300 95
300 284
301 1
301 2
301 17
301 18
301 19
301 20
301 21
301 22
301 23
301 24
301 25
301 26
301 27
301 28
301 29
301 30
301 31
301 32
301 38
301 52
301 89
301 95
301 284
302 1
302 2
302 17
302 18
302 19
302 20
302 21
302 22
302 23
302 24
302 25
302 26
302 27
302 28
302 29
302 30
302 31
302 32
302 38
302 52
302 89
302 95
302 284
303 1
303 2
303 17
303 18
303 19
303 20
303 21
303 22
303 23
303 24
303 25
303 26
303 27
303 28
303 29
303 30
303 31
303 32
303 38
303 52
303 89
303 95
303 284
303 302
304 1
304 2
304 17
304 18
304 19
304 20
304 21
304 22
304 23
304 24
304 25
304 26
304 27
304 28
304 29
304 30
304 31
304 32
304 38
304 52
304 89
304 95
304 284
305 1
305 2
305 17
305 18
305 19
305 20
305 21
305 22
305 23
305 24
305 25
305 26
305 27
305 28
305 29
305 30
305 31
305 32
305 38
305 52
305 89
306 1
306 2
306 17
306 18
306 19
306 20
306 21
306 22
306 23
306 24
306 25
306 26
306 27
306 28
306 29
306 30
306 31
306 32
306 38
306 52
306 89
306 95
306 284
307 1
307 2
307 17
307 18
307 19
307 20
307 21
307 22
307 23
307 24
307 25
307 26
307 27
307 28
307 29
307 30
307 31
307 32
307 38
307 52
307 89
307 95
307 284
307 306
308 1
308 2
308 17
308 18
308 19
308 20
308 21
308 22
308 23
308 24
308 25
308 26
308 27
308 28
308 29
308 30
308 31
308 32
308 38
308 52
308 89
308 95
308 284
309 1
309 2
309 17
309 18
309 19
309 20
309 21
309 22
309 23
309 24
309 25
309 26
309 27
309 28
309 29
309 30
309 31
309 32
309 38
309 52
309 89
309 95
309 284
311 1
311 2
311 17
311 18
311 19
311 20
311 21
311 22
311 23
311 24
311 25
311 26
311 27
311 28
311 29
311 30
311 31
311 32
311 38
311 52
311 57
311 89
311 95
311 284
313 1
313 2
313 17
313 18
313 19
313 20
313 21
313 22
313 23
313 24
313 25
313 26
313 27
313 28
313 29
313 30
313 31
313 32
313 38
313 44
313 52
313 57
313 89
313 95
313 284
314 1
314 2
314 17
314 18
314 19
314 20
314 21
314 22
314 23
314 24
314 25
314 26
314 27
314 28
314 29
314 30
314 31
314 32
314 38
314 44
314 52
314 57
314 89
314 95
314 284
314 313
315 1
315 2
315 17
315 18
315 19
315 20
315 21
315 22
315 23
315 24
315 25
315 26
315 27
315 28
315 29
315 30
315 31
315 32
315 38
315 44
315 52
315 57
315 89
315 95
315 284
315 313
315 314
316 1
316 2
316 11
316 12
316 13
316 14
316 15
316 16
316 17
316 18
316 19
316 20
316 21
316 22
316 23
316 24
316 25
316 26
316 27
316 28
316 29
316 30
316 31
316 32
316 38
316 44
316 52
316 57
316 68
316 89
316 95
316 284
316 314
316 315
317 1
317 2
317 17
317 18
317 19
317 20
317 21
317 22
317 23
317 24
317 25
317 26
317 27
317 28
317 29
317 30
317 31
317 32
317 38
317 44
317 52
317 57
317 89
317 95
317 284
317 315
317 316
318 1
318 2
318 17
318 18
318 19
318 20
318 21
318 22
318 23
318 24
318 25
318 26
318 27
318 28
318 29
318 30
318 31
318 32
318 38
318 44
318 57
318 89
318 95
318 284
318 316
319 1
319 2
319 17
319 18
319 19
319 20
319 21
319 22
319 23
319 24
319 25
319 26
319 27
319 28
319 29
319 30
319 31
319 32
319 38
319 44
319 57
319 89
319 95
319 284
319 316
319 318
320 1
320 2
320 17
320 18
320 19
320 20
320 21
320 22
320 23
320 24
320 25
320 26
320 27
320 28
320 29
320 30
320 31
320 32
320 44
320 57
320 89
320 95
320 284
320 316
321 1
321 2
321 17
321 18
321 19
321 20
321 21
321 22
321 23
321 24
321 25
321 26
321 27
321 28
321 29
321 30
321 31
321 32
321 44
321 57
321 89
321 95
321 284
321 316
325 1
325 2
325 17
325 18
325 19
325 20
325 21
325 22
325 23
325 24
325 25
325 26
325 27
325 28
325 29
325 30
325 31
325 32
325 38
325 44
325 52
325 57
325 89
325 95
325 284
327 1
327 2
327 17
327 18
327 19
327 20
327 21
327 22
327 23
327 24
327 25
327 26
327 27
327 28
327 29
327 30
327 31
327 32
327 38
327 44
327 52
327 57
327 89
327 95
327 284
328 1
328 2
328 17
328 18
328 19
328 20
328 21
328 22
328 23
328 24
328 25
328 26
328 27
328 28
328 29
328 30
328 31
328 32
328 38
328 44
328 52
328 57
328 89
328 95
328 284
329 1
329 2
329 17
329 18
329 19
329 20
329 21
329 22
329 23
329 24
329 25
329 26
329 27
329 28
329 29
329 30
329 31
329 32
329 38
329 44
329 52
329 57
329 89
329 95
329 284
329 316
330 1
330 2
330 17
330 18
330 19
330 20
330 21
330 22
330 23
330 24
330 25
330 26
330 27
330 28
330 29
330 30
330 31
330 32
330 38
330 44
330 52
330 57
330 89
330 95
330 284
330 316
331 1
331 2
331 17
331 18
331 19
331 20
331 21
331 22
331 23
331 24
331 25
331 26
331 27
331 28
331 29
331 30
331 31
331 32
331 38
331 44
331 52
331 57
331 89
331 95
331 284
331 316
332 1
332 2
332 17
332 18
332 19
332 20
332 21
332 22
332 23
332 24
332 25
332 26
332 27
332 28
332 29
332 30
332 31
332 32
332 38
332 44
332 52
332 57
332 89
332 95
332 284
332 316
333 1
333 2
333 17
333 18
333 19
333 20
333 21
333 22
333 23
333 24
333 25
333 26
333 27
333 28
333 29
333 30
333 31
333 32
333 38
333 44
333 52
333 57
333 69
333 89
333 95
333 284
333 316
333 332
334 1
334 2
334 17
334 18
334 19
334 20
334 21
334 22
334 23
334 24
334 25
334 26
334 27
334 28
334 29
334 30
334 31
334 32
334 38
334 44
334 52
334 57
334 89
334 95
334 284
334 316
334 333
335 1
335 2
335 17
335 18
335 19
335 20
335 21
335 22
335 23
335 24
335 25
335 26
335 27
335 28
335 29
335 30
335 31
335 32
335 38
335 44
335 52
335 57
335 89
335 95
335 284
335 316
335 333
335 334
336 1
336 2
336 17
336 18
336 19
336 20
336 21
336 22
336 23
336 24
336 25
336 26
336 27
336 28
336 29
336 30
336 31
336 32
336 38
336 44
336 52
336 57
336 69
336 89
336 95
336 284
336 316
336 333
337 1
337 2
337 17
337 18
337 19
337 20
337 21
337 22
337 23
337 24
337 25
337 26
337 27
337 28
337 29
337 30
337 31
337 32
337 38
337 44
337 52
337 57
337 89
337 95
337 284
337 316
337 333
337 336
338 1
338 2
338 17
338 18
338 19
338 20
338 21
338 22
338 23
338 24
338 25
338 26
338 27
338 28
338 29
338 30
338 31
338 32
338 38
338 44
338 52
338 57
338 69
338 89
338 95
338 284
338 333
338 336
340 1
340 2
340 3
340 4
340 5
340 6
340 7
340 8
340 9
340 10
340 11
340 12
340 13
340 14
340 15
340 16
340 17
340 78
340 79
340 80
340 81
340 82
340 83
340 84
340 85
340 86
341 1
341 2
341 3
341 4
341 5
341 6
341 7
341 8
341 9
341 10
341 11
341 12
341 13
341 14
341 15
341 16
341 17
341 78
341 79
341 80
341 81
341 82
341 83
341 84
341 85
341 86
341 340
342 1
342 2
342 3
342 4
342 5
342 6
342 7
342 8
342 9
342 10
342 11
342 12
342 13
342 14
342 15
342 16
342 17
342 78
342 79
342 80
342 81
342 82
342 83
342 84
342 85
342 86
344 1
344 2
344 17
344 18
344 19
344 20
344 21
344 22
344 23
344 24
344 25
344 26
344 27
344 28
344 29
344 30
344 31
344 32
344 38
344 44
344 52
344 57
344 69
344 89
344 95
344 284
344 333
344 336
344 338
345 1
345 2
345 17
345 18
345 19
345 20
345 21
345 22
345 23
345 24
345 25
345 26
345 27
345 28
345 29
345 30
345 31
345 32
345 38
345 44
345 57
345 89
345 95
345 284
345 315
345 316
346 1
346 2
346 17
346 18
346 19
346 20
346 21
346 22
346 23
346 24
346 25
346 26
346 27
346 28
346 29
346 30
346 31
346 32
346 38
346 44
346 57
346 89
346 95
346 284
346 315
346 316
347 1
347 2
347 17
347 18
347 19
347 20
347 21
347 22
347 23
347 24
347 25
347 26
347 27
347 28
347 29
347 30
347 31
347 32
347 38
347 44
347 57
347 89
347 95
347 284
347 315
347 316
348 1
348 2
348 17
348 18
348 19
348 20
348 21
348 22
348 23
348 24
348 25
348 26
348 27
348 28
348 29
348 30
348 31
348 32
348 38
348 44
348 57
348 89
348 95
348 284
348 315
348 316
348 347
349 1
349 2
349 17
349 18
349 19
349 20
349 21
349 22
349 23
349 24
349 25
349 26
349 27
349 28
349 29
349 30
349 31
349 32
349 38
349 44
349 57
349 68
349 89
349 95
349 284
349 315
349 316
349 347
350 1
350 2
350 17
350 18
350 19
350 20
350 21
350 22
350 23
350 24
350 25
350 26
350 27
350 28
350 29
350 30
350 31
350 32
350 38
350 44
350 57
350 89
350 95
350 284
350 315
350 316
350 349
351 1
351 2
351 17
351 18
351 19
351 20
351 21
351 22
351 23
351 24
351 25
351 26
351 27
351 28
351 29
351 30
351 31
351 32
351 38
351 44
351 57
351 68
351 89
351 95
351 284
351 315
351 316
351 349
351 350
352 1
352 2
352 17
352 18
352 19
352 20
352 21
352 22
352 23
352 24
352 25
352 26
352 27
352 28
352 29
352 30
352 31
352 32
352 38
352 44
352 57
352 89
352 95
352 284
352 315
352 316
352 349
352 351
353 1
353 2
353 17
353 18
353 19
353 20
353 21
353 22
353 23
353 24
353 25
353 26
353 27
353 28
353 29
353 30
353 31
353 32
353 38
353 44
353 57
353 89
353 95
353 284
353 315
353 316
353 349
353 351
353 352
354 1
354 2
354 17
354 18
354 19
354 20
354 21
354 22
354 23
354 24
354 25
354 26
354 27
354 28
354 29
354 30
354 31
354 32
354 38
354 44
354 57
354 68
354 89
354 95
354 284
354 316
354 349
354 351
354 352
355 1
355 2
355 17
355 18
355 19
355 20
355 21
355 22
355 23
355 24
355 25
355 26
355 27
355 28
355 29
355 30
355 31
355 32
355 38
355 44
355 57
355 89
355 95
355 284
355 316
355 349
355 351
355 352
355 354
356 1
356 2
356 17
356 18
356 19
356 20
356 21
356 22
356 23
356 24
356 25
356 26
356 27
356 28
356 29
356 30
356 31
356 32
356 38
356 44
356 57
356 68
356 89
356 95
356 284
356 316
356 349
356 351
356 352
356 354
357 1
357 2
357 17
357 18
357 19
357 20
357 21
357 22
357 23
357 24
357 25
357 26
357 27
357 28
357 29
357 30
357 31
357 32
357 38
357 44
357 57
357 89
357 95
357 284
357 316
357 349
357 351
357 352
357 354
357 356
358 1
358 2
358 17
358 18
358 19
358 20
358 21
358 22
358 23
358 24
358 25
358 26
358 27
358 28
358 29
358 30
358 31
358 32
358 38
358 44
358 57
358 68
358 89
358 95
358 284
358 316
358 349
358 351
358 354
358 356
360 1
360 2
360 17
360 18
360 19
360 20
360 21
360 22
360 23
360 24
360 25
360 26
360 27
360 28
360 29
360 30
360 31
360 32
360 38
360 44
360 57
360 68
360 89
360 95
360 284
360 316
360 349
360 351
360 354
360 356
360 358
363 1
363 2
363 17
363 18
363 19
363 20
363 21
363 22
363 23
363 24
363 25
363 26
363 27
363 28
363 29
363 30
363 31
363 32
363 38
363 44
363 57
363 68
363 89
363 95
363 284
363 316
363 349
363 351
363 354
363 356
363 358
364 1
364 2
364 3
364 4
364 5
364 6
364 7
364 8
364 9
364 10
364 11
364 12
364 13
364 14
364 15
364 16
364 17
364 50
364 78
364 79
364 80
364 81
364 82
364 83
364 84
364 85
364 86
366 1
366 2
366 3
366 4
366 5
366 6
366 7
366 8
366 9
366 10
366 11
366 12
366 13
366 14
366 15
366 16
366 17
366 50
366 78
366 79
366 80
366 81
366 82
366 83
366 84
366 85
366 86
368 1
368 2
368 17
368 18
368 19
368 20
368 21
368 22
368 23
368 24
368 25
368 26
368 27
368 28
368 29
368 30
368 31
368 32
368 38
368 52
368 89
368 95
368 284
369 1
369 2
369 17
369 18
369 19
369 20
369 21
369 22
369 23
369 24
369 25
369 26
369 27
369 28
369 29
369 30
369 31
369 32
369 38
369 52
369 89
369 95
369 284
369 368
370 1
370 2
370 17
370 18
370 19
370 20
370 21
370 22
370 23
370 24
370 25
370 26
370 27
370 28
370 29
370 30
370 31
370 32
370 38
370 52
370 58
370 67
370 89
370 95
370 284
370 368
370 369
371 1
371 2
371 17
371 18
371 19
371 20
371 21
371 22
371 23
371 24
371 25
371 26
371 27
371 28
371 29
371 30
371 31
371 32
371 38
371 52
371 89
371 95
371 284
371 368
371 369
371 370
372 1
372 2
372 17
372 18
372 19
372 20
372 21
372 22
372 23
372 24
372 25
372 26
372 27
372 28
372 29
372 30
372 31
372 32
372 38
372 52
372 89
372 95
372 284
372 369
372 370
372 371
373 1
373 2
373 17
373 18
373 19
373 20
373 21
373 22
373 23
373 24
373 25
373 26
373 27
373 28
373 29
373 30
373 31
373 32
373 38
373 52
373 58
373 89
373 95
373 284
373 370
373 372
374 1
374 2
374 17
374 18
374 19
374 20
374 21
374 22
374 23
374 24
374 25
374 26
374 27
374 28
374 29
374 30
374 31
374 32
374 38
374 52
374 58
374 67
374 89
374 95
374 284
374 370
374 373
376 1
376 2
376 17
376 18
376 19
376 20
376 21
376 22
376 23
376 24
376 25
376 26
376 27
376 28
376 29
376 30
376 31
376 32
376 38
376 52
376 58
376 67
376 89
376 95
376 284
376 370
376 374
377 1
377 2
377 17
377 18
377 19
377 20
377 21
377 22
377 23
377 24
377 25
377 26
377 27
377 28
377 29
377 30
377 31
377 32
377 38
377 52
377 58
377 89
377 95
377 284
377 370
377 374
377 376
378 1
378 2
378 17
378 18
378 19
378 20
378 21
378 22
378 23
378 24
378 25
378 26
378 27
378 28
378 29
378 30
378 31
378 32
378 38
378 52
378 58
378 89
378 95
378 284
378 370
378 374
378 376
378 377
379 1
379 2
379 17
379 18
379 19
379 20
379 21
379 22
379 23
379 24
379 25
379 26
379 27
379 28
379 29
379 30
379 31
379 32
379 38
379 52
379 58
379 89
379 95
379 284
379 370
379 374
379 376
381 1
381 2
381 17
381 18
381 19
381 20
381 21
381 22
381 23
381 24
381 25
381 26
381 27
381 28
381 29
381 30
381 31
381 32
381 38
381 52
381 58
381 89
381 95
381 284
381 370
381 374
381 376
382 1
382 2
382 17
382 18
382 19
382 20
382 21
382 22
382 23
382 24
382 25
382 26
382 27
382 28
382 29
382 30
382 31
382 32
382 38
382 52
382 58
382 89
382 95
382 284
382 370
382 374
382 376
382 377
382 378
383 1
383 2
383 17
383 18
383 19
383 20
383 21
383 22
383 23
383 24
383 25
383 26
383 27
383 28
383 29
383 30
383 31
383 32
383 38
383 52
383 58
383 67
383 89
383 95
383 284
383 370
383 374
383 376
383 378
384 1
384 2
384 17
384 18
384 19
384 20
384 21
384 22
384 23
384 24
384 25
384 26
384 27
384 28
384 29
384 30
384 31
384 32
384 38
384 52
384 58
384 89
384 95
384 284
384 370
384 374
384 376
384 378
384 383
385 1
385 2
385 17
385 18
385 19
385 20
385 21
385 22
385 23
385 24
385 25
385 26
385 27
385 28
385 29
385 30
385 31
385 32
385 38
385 52
385 58
385 67
385 89
385 95
385 284
385 370
385 374
385 376
385 383
387 1
387 2
387 3
387 4
387 5
387 6
387 7
387 8
387 9
387 10
387 11
387 12
387 13
387 14
387 15
387 16
387 17
387 78
387 79
387 80
387 81
387 82
387 83
387 84
387 85
387 86
389 1
389 2
389 17
389 18
389 19
389 20
389 21
389 22
389 23
389 24
389 25
389 26
389 27
389 28
389 29
389 30
389 31
389 32
389 38
389 52
389 58
389 67
389 89
389 95
389 284
389 370
389 374
389 376
389 383
389 385
390 1
390 2
390 17
390 18
390 19
390 20
390 21
390 22
390 23
390 24
390 25
390 26
390 27
390 28
390 29
390 30
390 31
390 32
390 38
390 52
390 89
390 95
391 1
391 2
391 17
391 18
391 19
391 20
391 21
391 22
391 23
391 24
391 25
391 26
391 27
391 28
391 29
391 30
391 31
391 32
391 38
391 52
391 89
391 95
392 1
392 2
392 17
392 18
392 19
392 20
392 21
392 22
392 23
392 24
392 25
392 26
392 27
392 28
392 29
392 30
392 31
392 32
392 38
392 52
392 89
392 95
393 1
393 2
393 17
393 18
393 19
393 20
393 21
393 22
393 23
393 24
393 25
393 26
393 27
393 28
393 29
393 30
393 31
393 32
393 38
393 52
393 89
393 95
394 1
394 2
394 17
394 18
394 19
394 20
394 21
394 22
394 23
394 24
394 25
394 26
394 27
394 28
394 29
394 30
394 31
394 32
394 38
394 52
394 65
394 89
394 95
394 393
395 1
395 2
395 17
395 18
395 19
395 20
395 21
395 22
395 23
395 24
395 25
395 26
395 27
395 28
395 29
395 30
395 31
395 32
395 38
395 52
395 89
395 95
395 394
396 1
396 2
396 17
396 18
396 19
396 20
396 21
396 22
396 23
396 24
396 25
396 26
396 27
396 28
396 29
396 30
396 31
396 32
396 38
396 52
396 89
396 95
396 394
396 395
397 1
397 2
397 17
397 18
397 19
397 20
397 21
397 22
397 23
397 24
397 25
397 26
397 27
397 28
397 29
397 30
397 31
397 32
397 38
397 52
397 65
397 89
397 95
397 394
398 1
398 2
398 17
398 18
398 19
398 20
398 21
398 22
398 23
398 24
398 25
398 26
398 27
398 28
398 29
398 30
398 31
398 32
398 38
398 52
398 65
398 89
398 95
398 394
398 397
400 1
400 2
400 17
400 18
400 19
400 20
400 21
400 22
400 23
400 24
400 25
400 26
400 27
400 28
400 29
400 30
400 31
400 32
400 38
400 52
400 65
400 89
400 95
400 394
400 397
400 398
401 1
401 2
401 17
401 18
401 19
401 20
401 21
401 22
401 23
401 24
401 25
401 26
401 27
401 28
401 29
401 30
401 31
401 32
401 38
401 52
401 65
401 89
401 95
401 394
401 397
401 400
402 1
402 2
402 3
402 4
402 5
402 6
402 7
402 8
402 9
402 10
402 11
402 12
402 13
402 14
402 15
402 16
402 17
402 78
402 79
402 80
402 81
402 82
402 83
402 84
402 85
402 86
403 1
403 2
403 3
403 4
403 5
403 6
403 7
403 8
403 9
403 10
403 11
403 12
403 13
403 14
403 15
403 16
403 17
403 78
403 79
403 80
403 81
403 82
403 83
403 84
403 85
403 86
403 402
404 1
404 2
404 3
404 4
404 5
404 6
404 7
404 8
404 9
404 10
404 11
404 12
404 13
404 14
404 15
404 16
404 17
404 78
404 79
404 80
404 81
404 82
404 83
404 84
404 85
404 86
406 1
406 2
406 17
406 18
406 19
406 20
406 21
406 22
406 23
406 24
406 25
406 26
406 27
406 28
406 29
406 30
406 31
406 32
406 38
406 52
406 65
406 89
406 95
406 394
406 397
406 400
406 401
407 1
407 2
407 17
407 18
407 19
407 20
407 21
407 22
407 23
407 24
407 25
407 26
407 27
407 28
407 29
407 30
407 31
407 32
407 33
407 45
407 89
407 95
408 1
408 2
408 17
408 18
408 19
408 20
408 21
408 22
408 23
408 24
408 25
408 26
408 27
408 28
408 29
408 30
408 31
408 32
408 33
408 45
408 89
408 95
409 1
409 2
409 17
409 18
409 19
409 20
409 21
409 22
409 23
409 24
409 25
409 26
409 27
409 28
409 29
409 30
409 31
409 32
409 33
409 45
409 89
409 95
410 1
410 2
410 17
410 18
410 19
410 20
410 21
410 22
410 23
410 24
410 25
410 26
410 27
410 28
410 29
410 30
410 31
410 32
410 33
410 45
410 89
410 95
411 1
411 2
411 17
411 18
411 19
411 20
411 21
411 22
411 23
411 24
411 25
411 26
411 27
411 28
411 29
411 30
411 31
411 32
411 33
411 45
411 64
411 89
411 95
411 410
412 1
412 2
412 17
412 18
412 19
412 20
412 21
412 22
412 23
412 24
412 25
412 26
412 27
412 28
412 29
412 30
412 31
412 32
412 33
412 45
412 89
412 95
412 411
413 1
413 2
413 17
413 18
413 19
413 20
413 21
413 22
413 23
413 24
413 25
413 26
413 27
413 28
413 29
413 30
413 31
413 32
413 33
413 45
413 89
413 95
413 411
413 412
414 1
414 2
414 17
414 18
414 19
414 20
414 21
414 22
414 23
414 24
414 25
414 26
414 27
414 28
414 29
414 30
414 31
414 32
414 33
414 45
414 64
414 89
414 95
414 411
416 1
416 2
416 17
416 18
416 19
416 20
416 21
416 22
416 23
416 24
416 25
416 26
416 27
416 28
416 29
416 30
416 31
416 32
416 33
416 45
416 64
416 89
416 95
416 411
416 414
417 1
417 2
417 3
417 4
417 5
417 6
417 7
417 8
417 9
417 10
417 11
417 12
417 13
417 14
417 15
417 16
417 17
417 78
417 79
417 80
417 81
417 82
417 83
417 84
417 85
417 86
419 1
419 2
419 17
419 18
419 19
419 20
419 21
419 22
419 23
419 24
419 25
419 26
419 27
419 28
419 29
419 30
419 31
419 32
419 33
419 45
419 64
419 89
419 95
419 411
419 414
419 416
420 1
420 2
420 17
420 18
420 19
420 20
420 21
420 22
420 23
420 24
420 25
420 26
420 27
420 28
420 29
420 30
420 31
420 32
420 33
420 89
420 95
421 1
421 2
421 17
421 18
421 19
421 20
421 21
421 22
421 23
421 24
421 25
421 26
421 27
421 28
421 29
421 30
421 31
421 32
421 33
421 89
421 95
423 1
423 2
423 17
423 18
423 19
423 20
423 21
423 22
423 23
423 24
423 25
423 26
423 27
423 28
423 29
423 30
423 31
423 32
423 33
423 89
423 95
425 1
425 2
425 17
425 18
425 19
425 20
425 21
425 22
425 23
425 24
425 25
425 26
425 27
425 28
425 29
425 30
425 31
425 32
425 33
425 89
425 95
30