2 1
3 1
3 2
4 1
4 2
4 3
5 1
5 2
5 3
5 4
6 1
6 2
6 3
6 4
6 5
7 1
7 2
7 3
7 4
7 5
7 6
8 1
8 2
8 3
8 4
8 5
8 6
8 7
9 1
9 2
9 3
9 4
9 5
9 6
9 7
9 8
10 1
10 2
10 3
10 4
10 5
10 6
10 7
10 8
10 9
11 1
11 2
11 3
11 4
11 5
11 6
11 7
11 8
11 9
11 10
12 1
12 2
12 3
12 4
12 5
12 6
12 7
12 8
12 9
12 10
12 11
13 1
13 2
13 3
13 4
13 5
13 6
13 7
13 8
13 9
13 10
13 11
13 12
14 1
14 2
14 3
14 4
14 5
14 6
14 7
14 8
14 9
14 10
14 11
14 12
14 13
15 1
15 2
15 3
15 4
15 5
15 6
15 7
15 8
15 9
15 10
15 11
15 12
15 13
15 14
16 1
16 2
16 3
16 4
16 5
16 6
16 7
16 8
16 9
16 10
16 11
16 12
16 13
16 14
16 15
18 17
19 17
19 18
20 17
20 18
20 19
21 17
21 18
21 19
21 20
22 17
22 18
22 19
22 20
22 21
23 17
23 18
23 19
23 20
23 21
23 22
24 17
24 18
24 19
24 20
24 21
24 22
24 23
25 17
25 18
25 19
25 20
25 21
25 22
25 23
25 24
26 17
26 18
26 19
26 20
26 21
26 22
26 23
26 24
26 25
27 17
27 18
27 19
27 20
27 21
27 22
27 23
27 24
27 25
27 26
28 17
28 18
28 19
28 20
28 21
28 22
28 23
28 24
28 25
28 26
28 27
29 17
29 18
29 19
29 20
29 21
29 22
29 23
29 24
29 25
29 26
29 27
29 28
30 17
30 18
30 19
30 20
30 21
30 22
30 23
30 24
30 25
30 26
30 27
30 28
30 29
31 17
31 18
31 19
31 20
31 21
31 22
31 23
31 24
31 25
31 26
31 27
31 28
31 29
31 30
32 17
32 18
32 19
32 20
32 21
32 22
32 23
32 24
32 25
32 26
32 27
32 28
32 29
32 30
32 31
33 1
33 2
33 13
33 14
33 17
33 18
33 19
33 20
33 21
33 22
33 23
33 24
33 25
33 26
33 27
33 28
33 29
33 30
33 31
33 32
38 1
38 2
38 17
38 18
38 19
38 20
38 21
38 22
38 23
38 24
38 25
38 26
38 27
38 28
38 29
38 30
38 31
38 32
43 1
43 2
43 11
43 12
43 13
43 14
43 15
43 16
43 17
43 18
43 19
43 20
43 21
43 22
43 23
43 24
43 25
43 26
43 27
43 28
43 29
43 30
43 31
43 32
43 33
44 1
44 2
44 11
44 12
44 13
44 14
44 15
44 16
44 17
44 18
44 19
44 20
44 21
44 22
44 23
44 24
44 25
44 26
44 27
44 28
44 29
44 30
44 31
44 32
44 38
45 1
45 2
45 11
45 12
45 13
45 14
45 15
45 16
45 17
45 18
45 19
45 20
45 21
45 22
45 23
45 24
45 25
45 26
45 27
45 28
45 29
45 30
45 31
45 32
45 33
45 43
46 1
46 2
46 11
46 12
46 13
46 14
46 15
46 16
46 17
46 18
46 19
46 20
46 21
46 22
46 23
46 24
46 25
46 26
46 27
46 28
46 29
46 30
46 31
46 32
46 38
46 44
47 1
47 2
47 17
47 18
47 19
47 20
47 21
47 22
47 23
47 24
47 25
47 26
47 27
47 28
47 29
47 30
47 31
47 32
47 33
47 43
47 45
50 1
50 2
50 17
50 18
50 19
50 20
50 21
50 22
50 23
50 24
50 25
50 26
50 27
50 28
50 29
50 30
50 31
50 32
50 38
50 44
50 46
55 1
55 2
55 11
55 12
55 13
55 14
55 15
55 16
55 17
55 18
55 19
55 20
55 21
55 22
55 23
55 24
55 25
55 26
55 27
55 28
55 29
55 30
55 31
55 32
55 33
55 38
55 43
55 44
55 45
55 46
55 47
55 50
59 1
59 2
59 11
59 12
59 13
59 14
59 15
59 16
59 17
59 18
59 19
59 20
59 21
59 22
59 23
59 24
59 25
59 26
59 27
59 28
59 29
59 30
59 31
59 32
59 33
59 38
59 43
59 45
59 47
59 50
59 55
62 1
62 2
62 11
62 12
62 13
62 14
62 15
62 16
62 17
62 18
62 19
62 20
62 21
62 22
62 23
62 24
62 25
62 26
62 27
62 28
62 29
62 30
62 31
62 32
62 33
62 43
62 45
62 47
62 55
62 59
63 1
63 2
63 11
63 12
63 13
63 14
63 15
63 16
63 17
63 18
63 19
63 20
63 21
63 22
63 23
63 24
63 25
63 26
63 27
63 28
63 29
63 30
63 31
63 32
63 38
63 44
63 46
63 50
63 55
64 1
64 2
64 3
64 4
64 5
64 6
64 7
64 8
64 9
64 10
64 11
64 12
64 13
64 14
64 15
64 16
64 17
66 1
66 2
66 17
66 18
66 19
66 20
66 21
66 22
66 23
66 24
66 25
66 26
66 27
66 28
66 29
66 30
66 31
66 32
66 33
66 43
66 45
66 47
66 55
66 59
66 62
67 1
67 2
67 17
67 18
67 19
67 20
67 21
67 22
67 23
67 24
67 25
67 26
67 27
67 28
67 29
67 30
67 31
67 32
67 38
67 44
67 46
67 50
67 55
67 59
67 63
74 1
74 2
74 11
74 12
74 13
74 14
74 15
74 16
74 17
74 18
74 19
74 20
74 21
74 22
74 23
74 24
74 25
74 26
74 27
74 28
74 29
74 30
74 31
74 32
74 33
74 38
74 43
74 44
74 45
74 46
74 47
74 50
74 55
74 59
74 62
74 63
74 66
74 67
76 1
76 2
76 17
76 18
76 19
76 20
76 21
76 22
76 23
76 24
76 25
76 26
76 27
76 28
76 29
76 30
76 31
76 32
76 38
76 67
77 1
77 2
77 11
77 12
77 13
77 14
77 15
77 16
77 17
77 18
77 19
77 20
77 21
77 22
77 23
77 24
77 25
77 26
77 27
77 28
77 29
77 30
77 31
77 32
77 38
77 44
77 46
77 50
77 55
77 63
77 67
77 74
78 1
78 2
78 17
78 18
78 19
78 20
78 21
78 22
78 23
78 24
78 25
78 26
78 27
78 28
78 29
78 30
78 31
78 32
78 38
78 46
78 50
78 55
78 63
78 67
78 74
79 1
79 2
79 17
79 18
79 19
79 20
79 21
79 22
79 23
79 24
79 25
79 26
79 27
79 28
79 29
79 30
79 31
79 32
79 33
79 66
80 1
80 2
80 17
80 18
80 19
80 20
80 21
80 22
80 23
80 24
80 25
80 26
80 27
80 28
80 29
80 30
80 31
80 32
80 33
80 66
80 79
81 1
81 2
81 17
81 18
81 19
81 20
81 21
81 22
81 23
81 24
81 25
81 26
81 27
81 28
81 29
81 30
81 31
81 32
81 33
81 66
81 79
81 80
82 1
82 2
82 17
82 18
82 19
82 20
82 21
82 22
82 23
82 24
82 25
82 26
82 27
82 28
82 29
82 30
82 31
82 32
82 33
82 43
82 45
82 47
82 55
82 59
82 62
82 74
83 1
83 2
83 17
83 18
83 19
83 20
83 21
83 22
83 23
83 24
83 25
83 26
83 27
83 28
83 29
83 30
83 31
83 32
83 33
83 43
83 45
83 47
83 55
83 59
83 62
83 66
83 74
84 1
84 2
84 17
84 18
84 19
84 20
84 21
84 22
84 23
84 24
84 25
84 26
84 27
84 28
84 29
84 30
84 31
84 32
84 33
84 47
84 55
84 59
84 74
85 1
85 2
85 17
85 18
85 19
85 20
85 21
85 22
85 23
85 24
85 25
85 26
85 27
85 28
85 29
85 30
85 31
85 32
85 38
85 50
85 55
85 67
85 74
86 1
86 2
86 17
86 18
86 19
86 20
86 21
86 22
86 23
86 24
86 25
86 26
86 27
86 28
86 29
86 30
86 31
86 32
86 38
86 67
86 76
87 1
87 2
87 17
87 18
87 19
87 20
87 21
87 22
87 23
87 24
87 25
87 26
87 27
87 28
87 29
87 30
87 31
87 32
87 38
87 46
87 50
87 55
87 63
87 67
87 74
87 78
88 1
88 2
88 17
88 18
88 19
88 20
88 21
88 22
88 23
88 24
88 25
88 26
88 27
88 28
88 29
88 30
88 31
88 32
88 38
88 44
88 46
88 50
88 55
88 63
88 74
88 77
89 1
89 2
89 17
89 18
89 19
89 20
89 21
89 22
89 23
89 24
89 25
89 26
89 27
89 28
89 29
89 30
89 31
89 32
89 38
89 44
89 46
89 50
89 55
89 63
89 67
89 74
89 77
90 1
90 2
90 5
90 6
90 7
90 8
90 9
90 10
90 11
90 12
90 13
90 14
90 15
90 16
90 17
90 18
90 19
90 20
90 21
90 22
90 23
90 24
90 25
90 26
90 27
90 28
90 29
90 30
90 31
90 32
90 33
90 38
90 43
90 44
90 45
90 46
90 47
90 50
90 55
90 59
90 62
90 63
90 66
90 67
90 74
90 76
90 77
90 78
90 79
90 80
90 81
90 82
90 83
90 84
90 85
90 86
90 87
90 88
90 89
91 1
91 2
91 6
91 7
91 8
91 9
91 10
91 11
91 12
91 13
91 14
91 15
91 16
91 17
91 18
91 19
91 20
91 21
91 22
91 23
91 24
91 25
91 26
91 27
91 28
91 29
91 30
91 31
91 32
91 33
91 38
91 43
91 44
91 45
91 46
91 47
91 50
91 55
91 59
91 62
91 63
91 66
91 67
91 74
91 76
91 77
91 78
91 79
91 80
91 81
91 82
91 83
91 84
91 85
91 86
91 87
91 88
91 89
91 90
92 1
92 2
92 7
92 8
92 9
92 10
92 11
92 12
92 13
92 14
92 15
92 16
92 17
92 18
92 19
92 20
92 21
92 22
92 23
92 24
92 25
92 26
92 27
92 28
92 29
92 30
92 31
92 32
92 33
92 38
92 43
92 44
92 45
92 46
92 47
92 50
92 55
92 59
92 62
92 63
92 66
92 67
92 74
92 76
92 77
92 78
92 79
92 80
92 81
92 82
92 83
92 84
92 85
92 86
92 87
92 88
92 89
92 90
92 91
93 1
93 2
93 8
93 9
93 10
93 11
93 12
93 13
93 14
93 15
93 16
93 17
93 18
93 19
93 20
93 21
93 22
93 23
93 24
93 25
93 26
93 27
93 28
93 29
93 30
93 31
93 32
93 33
93 38
93 43
93 44
93 45
93 46
93 47
93 50
93 55
93 59
93 62
93 63
93 66
93 67
93 74
93 76
93 77
93 78
93 79
93 80
93 81
93 82
93 83
93 84
93 85
93 86
93 87
93 88
93 89
93 90
93 91
93 92
94 1
94 2
94 9
94 10
94 11
94 12
94 13
94 14
94 15
94 16
94 17
94 18
94 19
94 20
94 21
94 22
94 23
94 24
94 25
94 26
94 27
94 28
94 29
94 30
94 31
94 32
94 33
94 38
94 43
94 44
94 45
94 46
94 47
94 50
94 55
94 59
94 62
94 63
94 66
94 67
94 74
94 76
94 77
94 78
94 79
94 80
94 81
94 82
94 83
94 84
94 85
94 86
94 87
94 88
94 89
94 90
94 91
94 92
94 93
95 1
95 2
95 10
95 11
95 12
95 13
95 14
95 15
95 16
95 17
95 18
95 19
95 20
95 21
95 22
95 23
95 24
95 25
95 26
95 27
95 28
95 29
95 30
95 31
95 32
95 33
95 38
95 43
95 44
95 45
95 46
95 47
95 50
95 55
95 59
95 62
95 63
95 66
95 67
95 74
95 76
95 77
95 78
95 79
95 80
95 81
95 82
95 83
95 84
95 85
95 86
95 87
95 88
95 89
95 90
95 91
95 92
95 93
95 94
96 1
96 2
96 11
96 12
96 13
96 14
96 15
96 16
96 17
96 18
96 19
96 20
96 21
96 22
96 23
96 24
96 25
96 26
96 27
96 28
96 29
96 30
96 31
96 32
96 33
96 38
96 43
96 44
96 45
96 46
96 47
96 50
96 55
96 59
96 62
96 63
96 66
96 67
96 74
96 76
96 77
96 78
96 79
96 80
96 81
96 82
96 83
96 84
96 85
96 86
96 87
96 88
96 89
96 90
96 91
96 92
96 93
96 94
96 95
97 1
97 2
97 11
97 12
97 13
97 14
97 15
97 16
97 17
97 18
97 19
97 20
97 21
97 22
97 23
97 24
97 25
97 26
97 27
97 28
97 29
97 30
97 31
97 32
97 33
97 38
97 43
97 44
97 45
97 46
97 47
97 50
97 55
97 59
97 62
97 63
97 66
97 67
97 74
97 76
97 77
97 78
97 79
97 80
97 81
97 82
97 83
97 84
97 85
97 86
97 87
97 88
97 89
97 90
97 91
97 92
97 93
97 94
97 95
97 96
98 1
98 2
98 3
98 4
98 5
98 6
98 7
98 8
98 9
98 10
98 11
98 12
98 13
98 14
98 15
98 16
98 17
98 19
98 20
98 21
98 22
98 23
98 24
98 25
98 26
98 27
98 28
98 29
98 30
98 31
98 32
98 64
99 1
99 2
99 3
99 4
99 5
99 6
99 7
99 8
99 9
99 10
99 11
99 12
99 13
99 14
99 15
99 16
99 17
99 20
99 21
99 22
99 23
99 24
99 25
99 26
99 27
99 28
99 29
99 30
99 31
99 32
99 64
99 98
100 1
100 2
100 3
100 4
100 5
100 6
100 7
100 8
100 9
100 10
100 11
100 12
100 13
100 14
100 15
100 16
100 17
100 21
100 22
100 23
100 24
100 25
100 26
100 27
100 28
100 29
100 30
100 31
100 32
100 64
100 98
100 99
101 1
101 2
101 3
101 4
101 5
101 6
101 7
101 8
101 9
101 10
101 11
101 12
101 13
101 14
101 15
101 16
101 17
101 22
101 23
101 24
101 25
101 26
101 27
101 28
101 29
101 30
101 31
101 32
101 64
101 98
101 99
101 100
102 1
102 2
102 3
102 4
102 5
102 6
102 7
102 8
102 9
102 10
102 11
102 12
102 13
102 14
102 15
102 16
102 17
102 23
102 24
102 25
102 26
102 27
102 28
102 29
102 30
102 31
102 32
102 64
102 98
102 99
102 100
102 101
103 1
103 2
103 3
103 4
103 5
103 6
103 7
103 8
103 9
103 10
103 11
103 12
103 13
103 14
103 15
103 16
103 17
103 24
103 25
103 26
103 27
103 28
103 29
103 30
103 31
103 32
103 64
103 98
103 99
103 100
103 101
103 102
104 1
104 2
104 3
104 4
104 5
104 6
104 7
104 8
104 9
104 10
104 11
104 12
104 13
104 14
104 15
104 16
104 17
104 25
104 26
104 27
104 28
104 29
104 30
104 31
104 32
104 64
104 98
104 99
104 100
104 101
104 102
104 103
105 1
105 2
105 3
105 4
105 5
105 6
105 7
105 8
105 9
105 10
105 11
105 12
105 13
105 14
105 15
105 16
105 17
105 26
105 27
105 28
105 29
105 30
105 31
105 32
105 64
105 98
105 99
105 100
105 101
105 102
105 103
105 104
106 1
106 2
106 3
106 4
106 5
106 6
106 7
106 8
106 9
106 10
106 11
106 12
106 13
106 14
106 15
106 16
106 17
106 27
106 28
106 29
106 30
106 31
106 32
106 64
106 98
106 99
106 100
106 101
106 102
106 103
106 104
106 105
107 1
107 2
107 11
107 12
107 13
107 14
107 15
107 16
107 17
107 18
107 19
107 20
107 21
107 22
107 23
107 24
107 25
107 26
107 27
107 28
107 29
107 30
107 31
107 32
107 33
107 38
107 43
107 44
107 45
107 46
107 47
107 50
107 55
107 59
107 62
107 63
107 66
107 67
107 74
107 76
107 77
107 78
107 79
107 80
107 81
107 82
107 83
107 84
107 85
107 86
107 87
107 88
107 89
107 90
107 91
107 92
107 93
107 94
107 95
107 96
107 97
108 1
108 2
108 11
108 12
108 13
108 14
108 15
108 16
108 17
108 18
108 19
108 20
108 21
108 22
108 23
108 24
108 25
108 26
108 27
108 28
108 29
108 30
108 31
108 32
108 33
108 38
108 43
108 44
108 45
108 46
108 47
108 50
108 55
108 59
108 62
108 63
108 66
108 67
108 74
108 76
108 77
108 78
108 79
108 80
108 81
108 82
108 83
108 84
108 85
108 86
108 87
108 88
108 89
108 90
108 91
108 92
108 93
108 94
108 95
108 96
108 97
108 107
110 1
110 2
110 11
110 12
110 13
110 14
110 15
110 16
110 17
110 18
110 19
110 20
110 21
110 22
110 23
110 24
110 25
110 26
110 27
110 28
110 29
110 30
110 31
110 32
110 33
110 38
110 43
110 44
110 45
110 46
110 47
110 50
110 55
110 59
110 62
110 63
110 66
110 67
110 74
110 76
110 77
110 78
110 79
110 80
110 81
110 82
110 83
110 84
110 85
110 86
110 87
110 88
110 89
110 90
110 91
110 92
110 93
110 94
110 95
110 96
110 97
110 107
110 108
113 1
113 2
113 11
113 12
113 13
113 14
113 15
113 16
113 17
113 18
113 19
113 20
113 21
113 22
113 23
113 24
113 25
113 26
113 27
113 28
113 29
113 30
113 31
113 32
113 33
113 38
113 43
113 44
113 45
113 46
113 47
113 50
113 55
113 59
113 62
113 63
113 66
113 67
113 74
113 76
113 77
113 78
113 79
113 80
113 81
113 82
113 83
113 84
113 85
113 86
113 87
113 88
113 89
113 90
113 91
113 92
113 93
113 94
113 95
113 96
113 97
113 107
113 108
113 110
114 1
114 2
114 11
114 12
114 13
114 14
114 15
114 16
114 17
114 18
114 19
114 20
114 21
114 22
114 23
114 24
114 25
114 26
114 27
114 28
114 29
114 30
114 31
114 32
114 33
114 38
114 43
114 44
114 45
114 46
114 47
114 50
114 55
114 59
114 62
114 63
114 66
114 67
114 74
114 76
114 77
114 78
114 79
114 80
114 81
114 82
114 83
114 84
114 85
114 86
114 87
114 88
114 89
114 90
114 91
114 92
114 93
114 94
114 95
114 96
114 97
114 107
114 108
114 110
114 113
116 1
116 2
116 11
116 12
116 13
116 14
116 15
116 16
116 17
116 18
116 19
116 20
116 21
116 22
116 23
116 24
116 25
116 26
116 27
116 28
116 29
116 30
116 31
116 32
116 33
116 38
116 43
116 44
116 45
116 46
116 47
116 50
116 55
116 59
116 62
116 63
116 66
116 67
116 74
116 76
116 77
116 78
116 79
116 80
116 81
116 82
116 83
116 84
116 85
116 86
116 87
116 88
116 89
116 90
116 91
116 92
116 93
116 94
116 95
116 96
116 97
116 107
116 108
116 110
116 113
116 114
117 1
117 2
117 11
117 12
117 13
117 14
117 15
117 16
117 17
117 18
117 19
117 20
117 21
117 22
117 23
117 24
117 25
117 26
117 27
117 28
117 29
117 30
117 31
117 32
117 33
117 38
117 43
117 44
117 45
117 46
117 47
117 50
117 55
117 59
117 62
117 63
117 66
117 67
117 74
117 76
117 77
117 78
117 79
117 80
117 81
117 82
117 83
117 84
117 85
117 86
117 87
117 88
117 89
117 90
117 91
117 92
117 93
117 94
117 95
117 96
117 97
117 107
117 108
117 110
117 113
117 114
117 116
119 1
119 2
119 11
119 12
119 13
119 14
119 15
119 16
119 17
119 18
119 19
119 20
119 21
119 22
119 23
119 24
119 25
119 26
119 27
119 28
119 29
119 30
119 31
119 32
119 33
119 38
119 43
119 44
119 45
119 46
119 47
119 50
119 55
119 59
119 62
119 63
119 66
119 67
119 74
119 76
119 77
119 78
119 79
119 80
119 81
119 82
119 83
119 84
119 85
119 87
119 88
119 89
119 90
119 91
119 92
119 93
119 94
119 95
119 96
119 97
119 107
119 108
119 110
119 113
119 114
119 116
119 117
120 1
120 2
120 11
120 12
120 13
120 14
120 15
120 16
120 17
120 18
120 19
120 20
120 21
120 22
120 23
120 24
120 25
120 26
120 27
120 28
120 29
120 30
120 31
120 32
120 33
120 38
120 43
120 44
120 45
120 46
120 47
120 50
120 55
120 59
120 62
120 63
120 66
120 67
120 74
120 77
120 78
120 79
120 80
120 81
120 82
120 83
120 84
120 85
120 87
120 88
120 89
120 90
120 91
120 92
120 93
120 94
120 95
120 96
120 97
120 107
120 108
120 110
120 113
120 114
120 116
120 117
120 119
121 1
121 2
121 11
121 12
121 13
121 14
121 15
121 16
121 17
121 18
121 19
121 20
121 21
121 22
121 23
121 24
121 25
121 26
121 27
121 28
121 29
121 30
121 31
121 32
121 33
121 38
121 43
121 44
121 45
121 46
121 47
121 50
121 55
121 59
121 62
121 63
121 66
121 67
121 74
121 77
121 78
121 79
121 80
121 81
121 82
121 83
121 84
121 85
121 87
121 88
121 89
121 90
121 91
121 92
121 93
121 94
121 95
121 96
121 97
121 107
121 108
121 110
121 113
121 114
121 116
121 117
121 119
121 120
122 1
122 2
122 11
122 12
122 13
122 14
122 15
122 16
122 17
122 18
122 19
122 20
122 21
122 22
122 23
122 24
122 25
122 26
122 27
122 28
122 29
122 30
122 31
122 32
122 33
122 38
122 43
122 44
122 45
122 46
122 47
122 50
122 55
122 59
122 62
122 63
122 66
122 67
122 74
122 77
122 78
122 79
122 80
122 81
122 82
122 83
122 84
122 85
122 87
122 88
122 89
122 90
122 91
122 92
122 93
122 94
122 95
122 96
122 97
122 107
122 108
122 110
122 113
122 114
122 116
122 117
122 119
122 120
122 121
123 1
123 2
123 11
123 12
123 13
123 14
123 15
123 16
123 17
123 18
123 19
123 20
123 21
123 22
123 23
123 24
123 25
123 26
123 27
123 28
123 29
123 30
123 31
123 32
123 33
123 38
123 43
123 44
123 45
123 46
123 47
123 50
123 55
123 59
123 62
123 63
123 66
123 67
123 74
123 77
123 78
123 79
123 80
123 81
123 82
123 83
123 84
123 85
123 87
123 88
123 89
123 90
123 91
123 92
123 93
123 94
123 95
123 96
123 97
123 107
123 108
123 110
123 113
123 114
123 116
123 117
123 119
123 120
123 121
123 122
124 1
124 2
124 11
124 12
124 13
124 14
124 15
124 16
124 17
124 18
124 19
124 20
124 21
124 22
124 23
124 24
124 25
124 26
124 27
124 28
124 29
124 30
124 31
124 32
124 33
124 38
124 43
124 44
124 45
124 46
124 47
124 50
124 55
124 59
124 62
124 63
124 66
124 67
124 74
124 77
124 78
124 79
124 80
124 81
124 82
124 83
124 84
124 85
124 87
124 88
124 89
124 90
124 91
124 92
124 93
124 94
124 95
124 96
124 97
124 107
124 108
124 110
124 113
124 114
124 116
124 117
124 119
124 120
124 121
124 122
124 123
125 1
125 2
125 11
125 12
125 13
125 14
125 15
125 16
125 17
125 18
125 19
125 20
125 21
125 22
125 23
125 24
125 25
125 26
125 27
125 28
125 29
125 30
125 31
125 32
125 33
125 38
125 43
125 44
125 45
125 46
125 47
125 50
125 55
125 59
125 62
125 63
125 66
125 67
125 74
125 77
125 78
125 79
125 80
125 81
125 82
125 83
125 84
125 85
125 87
125 88
125 89
125 90
125 91
125 92
125 93
125 94
125 95
125 96
125 97
125 107
125 108
125 110
125 113
125 114
125 116
125 117
125 119
125 120
125 121
125 122
125 123
125 124
129 1
129 2
129 17
129 18
129 19
129 20
129 21
129 22
129 23
129 24
129 25
129 26
129 27
129 28
129 29
129 30
129 31
129 32
129 33
129 66
129 79
129 80
129 81
129 90
129 91
129 92
129 93
129 94
129 95
129 96
129 97
129 107
129 108
129 110
129 113
129 114
129 116
129 117
129 119
129 120
129 121
129 122
129 123
129 124
129 125
130 1
130 2
130 17
130 18
130 19
130 20
130 21
130 22
130 23
130 24
130 25
130 26
130 27
130 28
130 29
130 30
130 31
130 32
130 33
130 66
130 79
130 80
130 81
130 90
130 91
130 92
130 93
130 94
130 95
130 96
130 97
130 107
130 108
130 110
130 113
130 114
130 116
130 117
130 119
130 120
130 121
130 122
130 123
130 124
130 125
130 129
132 1
132 2
132 17
132 18
132 19
132 20
132 21
132 22
132 23
132 24
132 25
132 26
132 27
132 28
132 29
132 30
132 31
132 32
132 33
132 66
132 90
132 91
132 92
132 93
132 94
132 95
132 96
132 97
132 107
132 108
132 110
132 113
132 114
132 116
132 117
132 119
132 120
132 121
132 122
132 123
132 124
132 125
132 129
132 130
136 1
136 2
136 17
136 18
136 19
136 20
136 21
136 22
136 23
136 24
136 25
136 26
136 27
136 28
136 29
136 30
136 31
136 32
136 33
136 66
136 79
136 80
136 90
136 91
136 92
136 93
136 94
136 95
136 96
136 97
136 107
136 108
136 110
136 113
136 114
136 116
136 117
136 119
136 120
136 121
136 122
136 123
136 124
136 125
136 129
136 130
136 132
137 1
137 2
137 17
137 18
137 19
137 20
137 21
137 22
137 23
137 24
137 25
137 26
137 27
137 28
137 29
137 30
137 31
137 32
137 33
137 66
137 79
137 80
137 90
137 91
137 92
137 93
137 94
137 95
137 96
137 97
137 107
137 108
137 110
137 113
137 114
137 116
137 117
137 119
137 120
137 121
137 122
137 123
137 124
137 125
137 129
137 130
137 132
137 136
138 1
138 2
138 17
138 18
138 19
138 20
138 21
138 22
138 23
138 24
138 25
138 26
138 27
138 28
138 29
138 30
138 31
138 32
138 33
138 66
138 79
138 80
138 81
138 90
138 91
138 92
138 93
138 94
138 95
138 96
138 97
138 107
138 108
138 110
138 113
138 114
138 116
138 117
138 119
138 120
138 121
138 122
138 123
138 124
138 125
138 129
138 130
138 136
138 137
141 1
141 2
141 17
141 18
141 19
141 20
141 21
141 22
141 23
141 24
141 25
141 26
141 27
141 28
141 29
141 30
141 31
141 32
141 33
141 66
141 79
141 80
141 81
141 90
141 91
141 92
141 93
141 94
141 95
141 96
141 97
141 107
141 108
141 110
141 113
141 114
141 116
141 117
141 119
141 120
141 121
141 122
141 123
141 124
141 125
141 129
141 130
141 136
141 137
141 138
145 1
145 2
145 17
145 18
145 19
145 20
145 21
145 22
145 23
145 24
145 25
145 26
145 27
145 28
145 29
145 30
145 31
145 32
145 33
145 66
145 79
145 80
145 90
145 91
145 92
145 93
145 94
145 95
145 96
145 97
145 107
145 108
145 110
145 113
145 114
145 116
145 117
145 119
145 120
145 121
145 122
145 123
145 124
145 125
145 129
145 130
145 137
145 138
145 141
147 1
147 2
147 17
147 18
147 19
147 20
147 21
147 22
147 23
147 24
147 25
147 26
147 27
147 28
147 29
147 30
147 31
147 32
147 33
147 66
147 79
147 80
147 90
147 91
147 92
147 93
147 94
147 95
147 96
147 97
147 107
147 108
147 110
147 113
147 114
147 116
147 117
147 119
147 120
147 121
147 122
147 123
147 124
147 125
147 129
147 130
147 138
147 141
147 145
149 1
149 2
149 17
149 18
149 19
149 20
149 21
149 22
149 23
149 24
149 25
149 26
149 27
149 28
149 29
149 30
149 31
149 32
149 33
149 66
149 79
149 80
149 81
149 90
149 91
149 92
149 93
149 94
149 95
149 96
149 97
149 107
149 108
149 110
149 113
149 114
149 116
149 117
149 119
149 120
149 121
149 122
149 123
149 124
149 125
149 129
149 130
149 138
149 141
149 145
149 147
150 1
150 2
150 17
150 18
150 19
150 20
150 21
150 22
150 23
150 24
150 25
150 26
150 27
150 28
150 29
150 30
150 31
150 32
150 33
150 66
150 79
150 80
150 81
150 90
150 91
150 92
150 93
150 94
150 95
150 96
150 97
150 107
150 108
150 110
150 113
150 114
150 116
150 117
150 119
150 120
150 121
150 122
150 123
150 124
150 125
150 129
150 130
150 138
150 141
150 145
150 149
151 1
151 2
151 17
151 18
151 19
151 20
151 21
151 22
151 23
151 24
151 25
151 26
151 27
151 28
151 29
151 30
151 31
151 32
151 33
151 66
151 79
151 80
151 81
151 90
151 91
151 92
151 93
151 94
151 95
151 96
151 97
151 107
151 108
151 110
151 113
151 114
151 116
151 117
151 119
151 120
151 121
151 122
151 123
151 124
151 125
151 129
151 130
151 138
151 141
151 149
151 150
156 1
156 2
156 17
156 18
156 19
156 20
156 21
156 22
156 23
156 24
156 25
156 26
156 27
156 28
156 29
156 30
156 31
156 32
156 33
156 66
156 79
156 80
156 90
156 91
156 92
156 93
156 94
156 95
156 96
156 97
156 107
156 108
156 110
156 113
156 114
156 116
156 117
156 119
156 120
156 121
156 122
156 123
156 124
156 125
156 129
156 130
156 138
156 141
156 149
156 150
156 151
159 1
159 2
159 17
159 18
159 19
159 20
159 21
159 22
159 23
159 24
159 25
159 26
159 27
159 28
159 29
159 30
159 31
159 32
159 33
159 66
159 79
159 80
159 81
159 90
159 91
159 92
159 93
159 94
159 95
159 96
159 97
159 107
159 108
159 110
159 113
159 114
159 116
159 117
159 119
159 120
159 121
159 122
159 123
159 124
159 125
159 129
159 130
159 138
159 141
159 149
159 150
159 151
160 1
160 2
160 17
160 18
160 19
160 20
160 21
160 22
160 23
160 24
160 25
160 26
160 27
160 28
160 29
160 30
160 31
160 32
160 33
160 66
160 79
160 80
160 81
160 90
160 91
160 92
160 93
160 94
160 95
160 96
160 97
160 107
160 108
160 110
160 113
160 114
160 116
160 117
160 119
160 120
160 121
160 122
160 123
160 124
160 125
160 129
160 130
160 138
160 141
160 149
160 150
160 151
160 159
161 1
161 2
161 17
161 18
161 19
161 20
161 21
161 22
161 23
161 24
161 25
161 26
161 27
161 28
161 29
161 30
161 31
161 32
161 33
161 66
161 79
161 80
161 81
161 90
161 91
161 92
161 93
161 94
161 95
161 96
161 97
161 107
161 108
161 110
161 113
161 114
161 116
161 117
161 119
161 120
161 121
161 122
161 123
161 124
161 125
161 129
161 130
161 138
161 141
161 149
161 150
161 151
161 159
161 160
163 1
163 2
163 3
163 4
163 5
163 6
163 7
163 8
163 9
163 10
163 11
163 12
163 13
163 14
163 15
163 16
163 17
163 98
163 99
163 100
163 101
163 102
163 103
163 104
163 105
163 106
166 1
166 2
166 17
166 18
166 19
166 20
166 21
166 22
166 23
166 24
166 25
166 26
166 27
166 28
166 29
166 30
166 31
166 32
166 33
166 66
166 79
166 80
166 81
166 90
166 91
166 92
166 93
166 94
166 95
166 96
166 97
166 107
166 108
166 110
166 113
166 114
166 116
166 117
166 119
166 120
166 121
166 122
166 123
166 124
166 125
166 129
166 130
166 138
166 141
166 149
166 150
166 151
166 159
166 160
166 161
168 1
168 2
168 11
168 12
168 13
168 14
168 15
168 16
168 17
168 18
168 19
168 20
168 21
168 22
168 23
168 24
168 25
168 26
168 27
168 28
168 29
168 30
168 31
168 32
168 33
168 38
168 43
168 44
168 45
168 46
168 47
168 50
168 55
168 59
168 62
168 63
168 66
168 67
168 74
168 77
168 78
168 82
168 83
168 84
168 85
168 87
168 88
168 89
168 90
168 91
168 92
168 93
168 94
168 95
168 96
168 97
168 107
168 108
168 110
168 113
168 114
168 116
168 117
168 119
168 120
168 121
168 122
168 123
168 124
168 125
170 1
170 2
170 17
170 18
170 19
170 20
170 21
170 22
170 23
170 24
170 25
170 26
170 27
170 28
170 29
170 30
170 31
170 32
170 33
170 66
170 90
170 91
170 92
170 93
170 94
170 95
170 96
170 97
170 107
170 108
170 110
170 113
170 114
170 116
170 117
170 119
170 120
170 121
170 122
170 123
170 124
170 125
170 168
171 1
171 2
171 11
171 12
171 13
171 14
171 15
171 16
171 17
171 18
171 19
171 20
171 21
171 22
171 23
171 24
171 25
171 26
171 27
171 28
171 29
171 30
171 31
171 32
171 33
171 38
171 43
171 44
171 45
171 46
171 47
171 50
171 55
171 59
171 62
171 63
171 66
171 67
171 74
171 77
171 78
171 82
171 83
171 84
171 85
171 87
171 88
171 89
171 90
171 91
171 92
171 93
171 94
171 95
171 96
171 97
171 107
171 108
171 110
171 113
171 114
171 116
171 117
171 119
171 120
171 121
171 122
171 123
171 124
171 125
171 168
171 170
172 1
172 2
172 17
172 18
172 19
172 20
172 21
172 22
172 23
172 24
172 25
172 26
172 27
172 28
172 29
172 30
172 31
172 32
172 33
172 66
172 90
172 91
172 92
172 93
172 94
172 95
172 96
172 97
172 107
172 108
172 110
172 113
172 114
172 116
172 117
172 119
172 120
172 121
172 122
172 123
172 124
172 125
172 168
172 171
182 1
182 2
182 11
182 12
182 13
182 14
182 15
182 16
182 17
182 18
182 19
182 20
182 21
182 22
182 23
182 24
182 25
182 26
182 27
182 28
182 29
182 30
182 31
182 32
182 33
182 43
182 45
182 47
182 55
182 59
182 62
182 66
182 74
182 82
182 83
182 90
182 91
182 92
182 93
182 94
182 95
182 96
182 97
182 107
182 108
182 110
182 113
182 114
182 116
182 117
182 119
182 120
182 121
182 122
182 123
182 124
182 125
182 168
182 171
183 1
183 2
183 11
183 12
183 13
183 14
183 15
183 16
183 17
183 18
183 19
183 20
183 21
183 22
183 23
183 24
183 25
183 26
183 27
183 28
183 29
183 30
183 31
183 32
183 33
183 43
183 45
183 47
183 55
183 59
183 62
183 66
183 74
183 82
183 83
183 90
183 91
183 92
183 93
183 94
183 95
183 96
183 97
183 107
183 108
183 110
183 113
183 114
183 116
183 117
183 119
183 120
183 121
183 122
183 123
183 124
183 125
183 168
183 171
183 182
185 1
185 2
185 17
185 18
185 19
185 20
185 21
185 22
185 23
185 24
185 25
185 26
185 27
185 28
185 29
185 30
185 31
185 32
185 33
185 45
185 47
185 55
185 59
185 62
185 66
185 74
185 90
185 91
185 92
185 93
185 94
185 95
185 96
185 97
185 107
185 108
185 110
185 113
185 114
185 116
185 117
185 119
185 120
185 121
185 122
185 123
185 124
185 125
185 168
185 171
185 182
185 183
189 1
189 2
189 17
189 18
189 19
189 20
189 21
189 22
189 23
189 24
189 25
189 26
189 27
189 28
189 29
189 30
189 31
189 32
189 33
189 47
189 55
189 59
189 62
189 66
189 74
189 90
189 91
189 92
189 93
189 94
189 95
189 96
189 97
189 107
189 108
189 110
189 113
189 114
189 116
189 117
189 119
189 120
189 121
189 122
189 123
189 124
189 125
189 168
189 171
189 182
189 183
190 1
190 2
190 17
190 18
190 19
190 20
190 21
190 22
190 23
190 24
190 25
190 26
190 27
190 28
190 29
190 30
190 31
190 32
190 33
190 47
190 55
190 59
190 62
190 66
190 74
190 90
190 91
190 92
190 93
190 94
190 95
190 96
190 97
190 107
190 108
190 110
190 113
190 114
190 116
190 117
190 119
190 120
190 121
190 122
190 123
190 124
190 125
190 168
190 171
190 182
190 183
197 1
197 2
197 17
197 18
197 19
197 20
197 21
197 22
197 23
197 24
197 25
197 26
197 27
197 28
197 29
197 30
197 31
197 32
197 33
197 45
197 47
197 55
197 59
197 62
197 66
197 74
197 90
197 91
197 92
197 93
197 94
197 95
197 96
197 97
197 107
197 108
197 110
197 113
197 114
197 116
197 117
197 119
197 120
197 121
197 122
197 123
197 124
197 125
197 168
197 171
197 182
197 183
200 1
200 2
200 17
200 18
200 19
200 20
200 21
200 22
200 23
200 24
200 25
200 26
200 27
200 28
200 29
200 30
200 31
200 32
200 33
200 43
200 45
200 47
200 55
200 59
200 62
200 66
200 74
200 90
200 91
200 92
200 93
200 94
200 95
200 96
200 97
200 107
200 108
200 110
200 113
200 114
200 116
200 117
200 119
200 120
200 121
200 122
200 123
200 124
200 125
200 168
200 171
200 182
200 183
201 1
201 2
201 11
201 12
201 13
201 14
201 15
201 16
201 17
201 18
201 19
201 20
201 21
201 22
201 23
201 24
201 25
201 26
201 27
201 28
201 29
201 30
201 31
201 32
201 33
201 43
201 45
201 47
201 55
201 59
201 62
201 66
201 74
201 82
201 90
201 91
201 92
201 93
201 94
201 95
201 96
201 97
201 107
201 108
201 110
201 113
201 114
201 116
201 117
201 119
201 120
201 121
201 122
201 123
201 124
201 125
201 168
201 171
201 182
201 183
203 1
203 2
203 11
203 12
203 13
203 14
203 15
203 16
203 17
203 18
203 19
203 20
203 21
203 22
203 23
203 24
203 25
203 26
203 27
203 28
203 29
203 30
203 31
203 32
203 33
203 43
203 45
203 47
203 55
203 59
203 62
203 66
203 74
203 82
203 90
203 91
203 92
203 93
203 94
203 95
203 96
203 97
203 107
203 108
203 110
203 113
203 114
203 116
203 117
203 119
203 120
203 121
203 122
203 123
203 124
203 125
203 168
203 171
203 182
203 183
203 201
204 1
204 2
204 11
204 12
204 13
204 14
204 15
204 16
204 17
204 18
204 19
204 20
204 21
204 22
204 23
204 24
204 25
204 26
204 27
204 28
204 29
204 30
204 31
204 32
204 33
204 43
204 45
204 47
204 55
204 59
204 62
204 66
204 74
204 82
204 90
204 91
204 92
204 93
204 94
204 95
204 96
204 97
204 107
204 108
204 110
204 113
204 114
204 116
204 117
204 119
204 120
204 121
204 122
204 123
204 124
204 125
204 168
204 171
204 182
204 183
204 201
204 203
213 1
213 2
213 17
213 18
213 19
213 20
213 21
213 22
213 23
213 24
213 25
213 26
213 27
213 28
213 29
213 30
213 31
213 32
213 33
213 43
213 45
213 47
213 55
213 59
213 62
213 66
213 74
213 90
213 91
213 92
213 93
213 94
213 95
213 96
213 97
213 107
213 108
213 110
213 113
213 114
213 116
213 117
213 119
213 120
213 121
213 122
213 123
213 124
213 125
213 168
213 171
213 182
213 183
214 1
214 2
214 17
214 18
214 19
214 20
214 21
214 22
214 23
214 24
214 25
214 26
214 27
214 28
214 29
214 30
214 31
214 32
214 33
214 43
214 45
214 47
214 55
214 59
214 62
214 66
214 74
214 90
214 91
214 92
214 93
214 94
214 95
214 96
214 97
214 107
214 108
214 110
214 113
214 114
214 116
214 117
214 119
214 120
214 121
214 122
214 123
214 124
214 125
214 168
214 171
214 182
214 183
214 201
214 203
214 204
216 1
216 2
216 3
216 4
216 5
216 6
216 7
216 8
216 9
216 10
216 11
216 12
216 13
216 14
216 15
216 16
216 17
216 98
216 99
216 100
216 101
216 102
216 103
216 104
216 105
216 106
218 1
218 2
218 17
218 18
218 19
218 20
218 21
218 22
218 23
218 24
218 25
218 26
218 27
218 28
218 29
218 30
218 31
218 32
218 33
218 43
218 45
218 47
218 55
218 59
218 62
218 66
218 74
218 90
218 91
218 92
218 93
218 94
218 95
218 96
218 97
218 107
218 108
218 110
218 113
218 114
218 116
218 117
218 119
218 120
218 121
218 122
218 123
218 124
218 125
218 168
218 171
218 182
218 183
218 201
218 203
218 204
219 1
219 2
219 17
219 18
219 19
219 20
219 21
219 22
219 23
219 24
219 25
219 26
219 27
219 28
219 29
219 30
219 31
219 32
219 33
219 43
219 45
219 47
219 55
219 59
219 62
219 66
219 74
219 90
219 91
219 92
219 93
219 94
219 95
219 96
219 97
219 107
219 108
219 110
219 113
219 114
219 116
219 117
219 119
219 120
219 121
219 122
219 123
219 124
219 125
219 168
219 171
219 182
219 183
219 203
219 204
219 218
220 1
220 2
220 17
220 18
220 19
220 20
220 21
220 22
220 23
220 24
220 25
220 26
220 27
220 28
220 29
220 30
220 31
220 32
220 33
220 43
220 45
220 47
220 55
220 59
220 62
220 66
220 74
220 90
220 91
220 92
220 93
220 94
220 95
220 96
220 97
220 107
220 108
220 110
220 113
220 114
220 116
220 117
220 119
220 120
220 121
220 122
220 123
220 124
220 125
220 168
220 171
220 182
220 183
220 204
220 218
220 219
221 1
221 2
221 17
221 18
221 19
221 20
221 21
221 22
221 23
221 24
221 25
221 26
221 27
221 28
221 29
221 30
221 31
221 32
221 33
221 43
221 45
221 47
221 55
221 59
221 62
221 66
221 74
221 90
221 91
221 92
221 93
221 94
221 95
221 96
221 97
221 107
221 108
221 110
221 113
221 114
221 116
221 117
221 119
221 120
221 121
221 122
221 123
221 124
221 125
221 168
221 171
221 182
221 183
221 218
221 219
221 220
222 1
222 2
222 17
222 18
222 19
222 20
222 21
222 22
222 23
222 24
222 25
222 26
222 27
222 28
222 29
222 30
222 31
222 32
222 33
222 43
222 45
222 47
222 55
222 59
222 62
222 66
222 74
222 90
222 91
222 92
222 93
222 94
222 95
222 96
222 97
222 107
222 108
222 110
222 113
222 114
222 116
222 117
222 119
222 120
222 121
222 122
222 123
222 124
222 125
222 168
222 171
222 182
222 183
222 218
222 219
222 220
223 1
223 2
223 17
223 18
223 19
223 20
223 21
223 22
223 23
223 24
223 25
223 26
223 27
223 28
223 29
223 30
223 31
223 32
223 33
223 43
223 45
223 47
223 55
223 59
223 62
223 66
223 74
223 90
223 91
223 92
223 93
223 94
223 95
223 96
223 97
223 107
223 108
223 110
223 113
223 114
223 116
223 117
223 119
223 120
223 121
223 122
223 123
223 124
223 125
223 168
223 171
223 182
223 183
223 218
223 219
223 222
224 1
224 2
224 17
224 18
224 19
224 20
224 21
224 22
224 23
224 24
224 25
224 26
224 27
224 28
224 29
224 30
224 31
224 32
224 33
224 43
224 45
224 47
224 55
224 59
224 62
224 66
224 74
224 90
224 91
224 92
224 93
224 94
224 95
224 96
224 97
224 107
224 108
224 110
224 113
224 114
224 116
224 117
224 119
224 120
224 121
224 122
224 123
224 124
224 125
224 168
224 171
224 182
224 183
224 218
224 219
224 223
225 1
225 2
225 17
225 18
225 19
225 20
225 21
225 22
225 23
225 24
225 25
225 26
225 27
225 28
225 29
225 30
225 31
225 32
225 33
225 43
225 45
225 47
225 55
225 59
225 62
225 66
225 74
225 90
225 91
225 92
225 93
225 94
225 95
225 96
225 97
225 107
225 108
225 110
225 113
225 114
225 116
225 117
225 119
225 120
225 121
225 122
225 123
225 124
225 125
225 168
225 171
225 182
225 183
225 219
225 223
225 224
226 1
226 2
226 17
226 18
226 19
226 20
226 21
226 22
226 23
226 24
226 25
226 26
226 27
226 28
226 29
226 30
226 31
226 32
226 33
226 43
226 45
226 47
226 55
226 59
226 62
226 66
226 74
226 90
226 91
226 92
226 93
226 94
226 95
226 96
226 97
226 107
226 108
226 110
226 113
226 114
226 116
226 117
226 119
226 120
226 121
226 122
226 123
226 124
226 125
226 168
226 171
226 182
226 183
226 223
226 224
226 225
228 1
228 2
228 17
228 18
228 19
228 20
228 21
228 22
228 23
228 24
228 25
228 26
228 27
228 28
228 29
228 30
228 31
228 32
228 33
228 43
228 45
228 47
228 55
228 59
228 62
228 66
228 74
228 83
228 90
228 91
228 92
228 93
228 94
228 95
228 96
228 97
228 107
228 108
228 110
228 113
228 114
228 116
228 117
228 119
228 120
228 121
228 122
228 123
228 124
228 125
228 168
228 171
228 182
228 183
228 223
228 224
228 225
228 226
230 1
230 2
230 17
230 18
230 19
230 20
230 21
230 22
230 23
230 24
230 25
230 26
230 27
230 28
230 29
230 30
230 31
230 32
230 33
230 43
230 45
230 47
230 55
230 59
230 62
230 66
230 74
230 90
230 91
230 92
230 93
230 94
230 95
230 96
230 97
230 107
230 108
230 110
230 113
230 114
230 116
230 117
230 119
230 120
230 121
230 122
230 123
230 124
230 125
230 168
230 171
230 182
230 183
230 224
230 225
230 226
230 228
232 1
232 2
232 17
232 18
232 19
232 20
232 21
232 22
232 23
232 24
232 25
232 26
232 27
232 28
232 29
232 30
232 31
232 32
232 33
232 43
232 45
232 47
232 55
232 59
232 62
232 66
232 74
232 90
232 91
232 92
232 93
232 94
232 95
232 96
232 97
232 107
232 108
232 110
232 113
232 114
232 116
232 117
232 119
232 120
232 121
232 122
232 123
232 124
232 125
232 168
232 171
232 182
232 183
232 225
232 226
232 228
232 230
234 1
234 2
234 17
234 18
234 19
234 20
234 21
234 22
234 23
234 24
234 25
234 26
234 27
234 28
234 29
234 30
234 31
234 32
234 33
234 43
234 45
234 47
234 55
234 59
234 62
234 66
234 74
234 90
234 91
234 92
234 93
234 94
234 95
234 96
234 97
234 107
234 108
234 110
234 113
234 114
234 116
234 117
234 119
234 120
234 121
234 122
234 123
234 124
234 125
234 168
234 171
234 182
234 183
234 226
234 228
234 230
234 232
236 1
236 2
236 17
236 18
236 19
236 20
236 21
236 22
236 23
236 24
236 25
236 26
236 27
236 28
236 29
236 30
236 31
236 32
236 33
236 43
236 45
236 47
236 55
236 59
236 62
236 66
236 74
236 90
236 91
236 92
236 93
236 94
236 95
236 96
236 97
236 107
236 108
236 110
236 113
236 114
236 116
236 117
236 119
236 120
236 121
236 122
236 123
236 124
236 125
236 168
236 171
236 182
236 183
236 228
236 230
236 232
236 234
238 1
238 2
238 17
238 18
238 19
238 20
238 21
238 22
238 23
238 24
238 25
238 26
238 27
238 28
238 29
238 30
238 31
238 32
238 33
238 43
238 45
238 47
238 55
238 59
238 62
238 66
238 74
238 83
238 90
238 91
238 92
238 93
238 94
238 95
238 96
238 97
238 107
238 108
238 110
238 113
238 114
238 116
238 117
238 119
238 120
238 121
238 122
238 123
238 124
238 125
238 168
238 171
238 182
238 183
238 228
238 232
238 234
238 236
239 1
239 2
239 17
239 18
239 19
239 20
239 21
239 22
239 23
239 24
239 25
239 26
239 27
239 28
239 29
239 30
239 31
239 32
239 33
239 43
239 45
239 47
239 55
239 59
239 62
239 66
239 74
239 83
239 90
239 91
239 92
239 93
239 94
239 95
239 96
239 97
239 107
239 108
239 110
239 113
239 114
239 116
239 117
239 119
239 120
239 121
239 122
239 123
239 124
239 125
239 168
239 171
239 182
239 183
239 228
239 232
239 234
239 236
239 238
240 1
240 2
240 17
240 18
240 19
240 20
240 21
240 22
240 23
240 24
240 25
240 26
240 27
240 28
240 29
240 30
240 31
240 32
240 33
240 43
240 45
240 47
240 55
240 59
240 62
240 66
240 74
240 83
240 90
240 91
240 92
240 93
240 94
240 95
240 96
240 97
240 107
240 108
240 110
240 113
240 114
240 116
240 117
240 119
240 120
240 121
240 122
240 123
240 124
240 125
240 168
240 171
240 182
240 183
240 228
240 232
240 236
240 238
240 239
241 1
241 2
241 17
241 18
241 19
241 20
241 21
241 22
241 23
241 24
241 25
241 26
241 27
241 28
241 29
241 30
241 31
241 32
241 33
241 43
241 45
241 47
241 55
241 59
241 62
241 66
241 74
241 83
241 90
241 91
241 92
241 93
241 94
241 95
241 96
241 97
241 107
241 108
241 110
241 113
241 114
241 116
241 117
241 119
241 120
241 121
241 122
241 123
241 124
241 125
241 168
241 171
241 182
241 183
241 228
241 232
241 238
241 239
241 240
242 1
242 2
242 17
242 18
242 19
242 20
242 21
242 22
242 23
242 24
242 25
242 26
242 27
242 28
242 29
242 30
242 31
242 32
242 33
242 43
242 45
242 47
242 55
242 59
242 62
242 66
242 74
242 83
242 90
242 91
242 92
242 93
242 94
242 95
242 96
242 97
242 107
242 108
242 110
242 113
242 114
242 116
242 117
242 119
242 120
242 121
242 122
242 123
242 124
242 125
242 168
242 171
242 182
242 183
242 228
242 238
242 239
242 240
242 241
244 1
244 2
244 3
244 4
244 5
244 6
244 7
244 8
244 9
244 10
244 11
244 12
244 13
244 14
244 15
244 16
244 17
244 98
244 99
244 100
244 101
244 102
244 103
244 104
244 105
244 106
244 216
245 1
245 2
245 3
245 4
245 5
245 6
245 7
245 8
245 9
245 10
245 11
245 12
245 13
245 14
245 15
245 16
245 17
245 98
245 99
245 100
245 101
245 102
245 103
245 104
245 105
245 106
245 216
245 244
246 1
246 2
246 3
246 4
246 5
246 6
246 7
246 8
246 9
246 10
246 11
246 12
246 13
246 14
246 15
246 16
246 17
246 98
246 99
246 100
246 101
246 102
246 103
246 104
246 105
246 106
246 216
248 1
248 2
248 3
248 4
248 5
248 6
248 7
248 8
248 9
248 10
248 11
248 12
248 13
248 14
248 15
248 16
248 17
248 98
248 99
248 100
248 101
248 102
248 103
248 104
248 105
248 106
248 216
248 246
249 1
249 2
249 3
249 4
249 5
249 6
249 7
249 8
249 9
249 10
249 11
249 12
249 13
249 14
249 15
249 16
249 17
249 98
249 99
249 100
249 101
249 102
249 103
249 104
249 105
249 106
249 216
249 246
249 248
250 1
250 2
250 3
250 4
250 5
250 6
250 7
250 8
250 9
250 10
250 11
250 12
250 13
250 14
250 15
250 16
250 17
250 98
250 99
250 100
250 101
250 102
250 103
250 104
250 105
250 106
250 216
250 246
251 1
251 2
251 3
251 4
251 5
251 6
251 7
251 8
251 9
251 10
251 11
251 12
251 13
251 14
251 15
251 16
251 17
251 98
251 99
251 100
251 101
251 102
251 103
251 104
251 105
251 106
251 216
251 250
252 1
252 2
252 3
252 4
252 5
252 6
252 7
252 8
252 9
252 10
252 11
252 12
252 13
252 14
252 15
252 16
252 17
252 98
252 99
252 100
252 101
252 102
252 103
252 104
252 105
252 106
252 216
255 1
255 2
255 17
255 18
255 19
255 20
255 21
255 22
255 23
255 24
255 25
255 26
255 27
255 28
255 29
255 30
255 31
255 32
255 33
255 43
255 45
255 47
255 55
255 59
255 62
255 66
255 74
255 83
255 90
255 91
255 92
255 93
255 94
255 95
255 96
255 97
255 107
255 108
255 110
255 113
255 114
255 116
255 117
255 119
255 120
255 121
255 122
255 123
255 124
255 125
255 168
255 171
255 182
255 183
255 228
255 238
255 239
255 240
255 241
255 242
258 1
258 2
258 17
258 18
258 19
258 20
258 21
258 22
258 23
258 24
258 25
258 26
258 27
258 28
258 29
258 30
258 31
258 32
258 33
258 43
258 45
258 47
258 55
258 59
258 62
258 74
258 90
258 91
258 92
258 93
258 94
258 95
258 96
258 97
258 107
258 108
258 110
258 113
258 114
258 116
258 117
258 119
258 120
258 121
258 122
258 123
258 124
258 125
258 168
258 171
258 182
258 183
258 201
258 203
258 204
259 1
259 2
259 17
259 18
259 19
259 20
259 21
259 22
259 23
259 24
259 25
259 26
259 27
259 28
259 29
259 30
259 31
259 32
259 33
259 43
259 45
259 47
259 55
259 59
259 62
259 74
259 90
259 91
259 92
259 93
259 94
259 95
259 96
259 97
259 107
259 108
259 110
259 113
259 114
259 116
259 117
259 119
259 120
259 121
259 122
259 123
259 124
259 125
259 168
259 171
259 182
259 183
259 201
259 203
259 204
261 1
261 2
261 17
261 18
261 19
261 20
261 21
261 22
261 23
261 24
261 25
261 26
261 27
261 28
261 29
261 30
261 31
261 32
261 33
261 43
261 45
261 47
261 55
261 59
261 62
261 74
261 90
261 91
261 92
261 93
261 94
261 95
261 96
261 97
261 107
261 108
261 110
261 113
261 114
261 116
261 117
261 119
261 120
261 121
261 122
261 123
261 124
261 125
261 168
261 171
261 182
261 183
261 201
261 203
261 204
261 259
262 1
262 2
262 17
262 18
262 19
262 20
262 21
262 22
262 23
262 24
262 25
262 26
262 27
262 28
262 29
262 30
262 31
262 32
262 33
262 43
262 45
262 47
262 55
262 59
262 62
262 74
262 90
262 91
262 92
262 93
262 94
262 95
262 96
262 97
262 107
262 108
262 110
262 113
262 114
262 116
262 117
262 119
262 120
262 121
262 122
262 123
262 124
262 125
262 168
262 171
262 182
262 183
262 201
262 203
262 204
262 259
262 261
263 1
263 2
263 17
263 18
263 19
263 20
263 21
263 22
263 23
263 24
263 25
263 26
263 27
263 28
263 29
263 30
263 31
263 32
263 33
263 43
263 45
263 47
263 55
263 59
263 62
263 74
263 90
263 91
263 92
263 93
263 94
263 95
263 96
263 97
263 107
263 108
263 110
263 113
263 114
263 116
263 117
263 119
263 120
263 121
263 122
263 123
263 124
263 125
263 168
263 171
263 182
263 183
263 201
263 203
263 204
263 261
263 262
264 1
264 2
264 17
264 18
264 19
264 20
264 21
264 22
264 23
264 24
264 25
264 26
264 27
264 28
264 29
264 30
264 31
264 32
264 33
264 43
264 45
264 47
264 55
264 59
264 62
264 74
264 90
264 91
264 92
264 93
264 94
264 95
264 96
264 97
264 107
264 108
264 110
264 113
264 114
264 116
264 117
264 119
264 120
264 121
264 122
264 123
264 124
264 125
264 168
264 171
264 182
264 183
264 201
264 203
264 204
264 262
264 263
265 1
265 2
265 17
265 18
265 19
265 20
265 21
265 22
265 23
265 24
265 25
265 26
265 27
265 28
265 29
265 30
265 31
265 32
265 33
265 43
265 45
265 47
265 55
265 59
265 62
265 74
265 90
265 91
265 92
265 93
265 94
265 95
265 96
265 97
265 107
265 108
265 110
265 113
265 114
265 116
265 117
265 119
265 120
265 121
265 122
265 123
265 124
265 125
265 168
265 171
265 182
265 183
265 201
265 203
265 204
265 263
265 264
267 1
267 2
267 17
267 18
267 19
267 20
267 21
267 22
267 23
267 24
267 25
267 26
267 27
267 28
267 29
267 30
267 31
267 32
267 33
267 43
267 45
267 47
267 55
267 59
267 62
267 74
267 82
267 90
267 91
267 92
267 93
267 94
267 95
267 96
267 97
267 107
267 108
267 110
267 113
267 114
267 116
267 117
267 119
267 120
267 121
267 122
267 123
267 124
267 125
267 168
267 171
267 182
267 183
267 201
267 203
267 204
267 263
267 264
267 265
269 1
269 2
269 17
269 18
269 19
269 20
269 21
269 22
269 23
269 24
269 25
269 26
269 27
269 28
269 29
269 30
269 31
269 32
269 33
269 43
269 45
269 47
269 55
269 59
269 62
269 74
269 90
269 91
269 92
269 93
269 94
269 95
269 96
269 97
269 107
269 108
269 110
269 113
269 114
269 116
269 117
269 119
269 120
269 121
269 122
269 123
269 124
269 125
269 168
269 171
269 182
269 183
269 201
269 203
269 204
269 263
269 264
269 267
271 1
271 2
271 17
271 18
271 19
271 20
271 21
271 22
271 23
271 24
271 25
271 26
271 27
271 28
271 29
271 30
271 31
271 32
271 33
271 43
271 45
271 47
271 55
271 59
271 62
271 74
271 90
271 91
271 92
271 93
271 94
271 95
271 96
271 97
271 107
271 108
271 110
271 113
271 114
271 116
271 117
271 119
271 120
271 121
271 122
271 123
271 124
271 125
271 168
271 171
271 182
271 183
271 201
271 203
271 204
271 264
271 267
271 269
273 1
273 2
273 17
273 18
273 19
273 20
273 21
273 22
273 23
273 24
273 25
273 26
273 27
273 28
273 29
273 30
273 31
273 32
273 33
273 43
273 45
273 47
273 55
273 59
273 62
273 74
273 90
273 91
273 92
273 93
273 94
273 95
273 96
273 97
273 107
273 108
273 110
273 113
273 114
273 116
273 117
273 119
273 120
273 121
273 122
273 123
273 124
273 125
273 168
273 171
273 182
273 183
273 201
273 203
273 204
273 267
273 269
273 271
275 1
275 2
275 17
275 18
275 19
275 20
275 21
275 22
275 23
275 24
275 25
275 26
275 27
275 28
275 29
275 30
275 31
275 32
275 33
275 43
275 45
275 47
275 55
275 59
275 62
275 74
275 82
275 90
275 91
275 92
275 93
275 94
275 95
275 96
275 97
275 107
275 108
275 110
275 113
275 114
275 116
275 117
275 119
275 120
275 121
275 122
275 123
275 124
275 125
275 168
275 171
275 182
275 183
275 201
275 203
275 204
275 267
275 269
275 273
276 1
276 2
276 17
276 18
276 19
276 20
276 21
276 22
276 23
276 24
276 25
276 26
276 27
276 28
276 29
276 30
276 31
276 32
276 33
276 43
276 45
276 47
276 55
276 59
276 62
276 74
276 82
276 90
276 91
276 92
276 93
276 94
276 95
276 96
276 97
276 107
276 108
276 110
276 113
276 114
276 116
276 117
276 119
276 120
276 121
276 122
276 123
276 124
276 125
276 168
276 171
276 182
276 183
276 201
276 203
276 204
276 267
276 269
276 275
277 1
277 2
277 17
277 18
277 19
277 20
277 21
277 22
277 23
277 24
277 25
277 26
277 27
277 28
277 29
277 30
277 31
277 32
277 33
277 43
277 45
277 47
277 55
277 59
277 62
277 74
277 82
277 90
277 91
277 92
277 93
277 94
277 95
277 96
277 97
277 107
277 108
277 110
277 113
277 114
277 116
277 117
277 119
277 120
277 121
277 122
277 123
277 124
277 125
277 168
277 171
277 182
277 183
277 201
277 203
277 204
277 267
277 275
277 276
279 1
279 2
279 3
279 4
279 5
279 6
279 7
279 8
279 9
279 10
279 11
279 12
279 13
279 14
279 15
279 16
279 17
279 98
279 99
279 100
279 101
279 102
279 103
279 104
279 105
279 106
280 1
280 2
280 3
280 4
280 5
280 6
280 7
280 8
280 9
280 10
280 11
280 12
280 13
280 14
280 15
280 16
280 17
280 98
280 99
280 100
280 101
280 102
280 103
280 104
280 105
280 106
280 279
281 1
281 2
281 3
281 4
281 5
281 6
281 7
281 8
281 9
281 10
281 11
281 12
281 13
281 14
281 15
281 16
281 17
281 98
281 99
281 100
281 101
281 102
281 103
281 104
281 105
281 106
282 1
282 2
282 3
282 4
282 5
282 6
282 7
282 8
282 9
282 10
282 11
282 12
282 13
282 14
282 15
282 16
282 17
282 98
282 99
282 100
282 101
282 102
282 103
282 104
282 105
282 106
282 281
283 1
283 2
283 3
283 4
283 5
283 6
283 7
283 8
283 9
283 10
283 11
283 12
283 13
283 14
283 15
283 16
283 17
283 98
283 99
283 100
283 101
283 102
283 103
283 104
283 105
283 106
286 1
286 2
286 17
286 18
286 19
286 20
286 21
286 22
286 23
286 24
286 25
286 26
286 27
286 28
286 29
286 30
286 31
286 32
286 33
286 43
286 45
286 47
286 55
286 59
286 62
286 74
286 82
286 90
286 91
286 92
286 93
286 94
286 95
286 96
286 97
286 107
286 108
286 110
286 113
286 114
286 116
286 117
286 119
286 120
286 121
286 122
286 123
286 124
286 125
286 168
286 171
286 182
286 183
286 201
286 203
286 204
286 267
286 275
286 276
286 277
296 1
296 2
296 17
296 18
296 19
296 20
296 21
296 22
296 23
296 24
296 25
296 26
296 27
296 28
296 29
296 30
296 31
296 32
296 38
296 67
296 76
296 86
296 90
296 91
296 92
296 93
296 94
296 95
296 96
296 97
296 107
296 108
296 110
296 113
296 114
296 116
296 117
296 119
297 1
297 2
297 17
297 18
297 19
297 20
297 21
297 22
297 23
297 24
297 25
297 26
297 27
297 28
297 29
297 30
297 31
297 32
297 38
297 67
297 76
297 86
297 90
297 91
297 92
297 93
297 94
297 95
297 96
297 97
297 107
297 108
297 110
297 113
297 114
297 116
297 117
297 119
297 296
299 1
299 2
299 17
299 18
299 19
299 20
299 21
299 22
299 23
299 24
299 25
299 26
299 27
299 28
299 29
299 30
299 31
299 32
299 38
299 67
299 90
299 91
299 92
299 93
299 94
299 95
299 96
299 97
299 107
299 108
299 110
299 113
299 114
299 116
299 117
299 119
299 296
299 297
302 1
302 2
302 17
302 18
302 19
302 20
302 21
302 22
302 23
302 24
302 25
302 26
302 27
302 28
302 29
302 30
302 31
302 32
302 38
302 67
302 76
302 90
302 91
302 92
302 93
302 94
302 95
302 96
302 97
302 107
302 108
302 110
302 113
302 114
302 116
302 117
302 119
302 296
302 297
302 299
303 1
303 2
303 17
303 18
303 19
303 20
303 21
303 22
303 23
303 24
303 25
303 26
303 27
303 28
303 29
303 30
303 31
303 32
303 38
303 67
303 76
303 86
303 90
303 91
303 92
303 93
303 94
303 95
303 96
303 97
303 107
303 108
303 110
303 113
303 114
303 116
303 117
303 119
303 296
303 297
303 302
305 1
305 2
305 17
305 18
305 19
305 20
305 21
305 22
305 23
305 24
305 25
305 26
305 27
305 28
305 29
305 30
305 31
305 32
305 38
305 67
305 76
305 86
305 90
305 91
305 92
305 93
305 94
305 95
305 96
305 97
305 107
305 108
305 110
305 113
305 114
305 116
305 117
305 119
305 296
305 297
305 302
305 303
308 1
308 2
308 17
308 18
308 19
308 20
308 21
308 22
308 23
308 24
308 25
308 26
308 27
308 28
308 29
308 30
308 31
308 32
308 38
308 67
308 76
308 90
308 91
308 92
308 93
308 94
308 95
308 96
308 97
308 107
308 108
308 110
308 113
308 114
308 116
308 117
308 119
308 296
308 297
308 303
308 305
310 1
310 2
310 17
310 18
310 19
310 20
310 21
310 22
310 23
310 24
310 25
310 26
310 27
310 28
310 29
310 30
310 31
310 32
310 38
310 67
310 76
310 86
310 90
310 91
310 92
310 93
310 94
310 95
310 96
310 97
310 107
310 108
310 110
310 113
310 114
310 116
310 117
310 296
310 297
310 303
310 305
313 1
313 2
313 17
313 18
313 19
313 20
313 21
313 22
313 23
313 24
313 25
313 26
313 27
313 28
313 29
313 30
313 31
313 32
313 38
313 67
313 76
313 90
313 91
313 92
313 93
313 94
313 95
313 96
313 97
313 107
313 108
313 110
313 113
313 114
313 116
313 117
313 296
313 297
313 303
313 305
313 310
315 1
315 2
315 17
315 18
315 19
315 20
315 21
315 22
315 23
315 24
315 25
315 26
315 27
315 28
315 29
315 30
315 31
315 32
315 38
315 67
315 76
315 86
315 90
315 91
315 92
315 93
315 94
315 95
315 96
315 97
315 107
315 108
315 110
315 113
315 114
315 116
315 117
315 296
315 297
315 303
315 305
315 310
317 1
317 2
317 3
317 4
317 5
317 6
317 7
317 8
317 9
317 10
317 11
317 12
317 13
317 14
317 15
317 16
317 17
317 98
317 99
317 100
317 101
317 102
317 103
317 104
317 105
317 106
318 1
318 2
318 3
318 4
318 5
318 6
318 7
318 8
318 9
318 10
318 11
318 12
318 13
318 14
318 15
318 16
318 17
318 98
318 99
318 100
318 101
318 102
318 103
318 104
318 105
318 106
321 1
321 2
321 17
321 18
321 19
321 20
321 21
321 22
321 23
321 24
321 25
321 26
321 27
321 28
321 29
321 30
321 31
321 32
321 38
321 67
321 76
321 86
321 90
321 91
321 92
321 93
321 94
321 95
321 96
321 97
321 107
321 108
321 110
321 113
321 114
321 116
321 117
321 296
321 297
321 303
321 305
321 310
321 315
325 1
325 2
325 11
325 12
325 13
325 14
325 15
325 16
325 17
325 18
325 19
325 20
325 21
325 22
325 23
325 24
325 25
325 26
325 27
325 28
325 29
325 30
325 31
325 32
325 38
325 44
325 46
325 50
325 55
325 63
325 67
325 74
325 77
325 78
325 87
325 88
325 89
325 90
325 91
325 92
325 93
325 94
325 95
325 96
325 97
325 107
325 108
325 110
325 113
325 114
325 116
325 117
325 119
325 120
325 121
325 122
325 123
325 124
325 125
325 168
325 171
327 1
327 2
327 11
327 12
327 13
327 14
327 15
327 16
327 17
327 18
327 19
327 20
327 21
327 22
327 23
327 24
327 25
327 26
327 27
327 28
327 29
327 30
327 31
327 32
327 38
327 44
327 46
327 50
327 55
327 63
327 67
327 74
327 77
327 78
327 87
327 88
327 89
327 90
327 91
327 92
327 93
327 94
327 95
327 96
327 97
327 107
327 108
327 110
327 113
327 114
327 116
327 117
327 119
327 120
327 121
327 122
327 123
327 124
327 125
327 168
327 171
327 325
328 1
328 2
328 17
328 18
328 19
328 20
328 21
328 22
328 23
328 24
328 25
328 26
328 27
328 28
328 29
328 30
328 31
328 32
328 38
328 50
328 55
328 67
328 74
328 90
328 91
328 92
328 93
328 94
328 95
328 96
328 97
328 107
328 108
328 110
328 113
328 114
328 116
328 117
328 119
328 120
328 121
328 122
328 123
328 124
328 125
328 168
328 171
328 325
328 327
329 1
329 2
329 11
329 12
329 13
329 14
329 15
329 16
329 17
329 18
329 19
329 20
329 21
329 22
329 23
329 24
329 25
329 26
329 27
329 28
329 29
329 30
329 31
329 32
329 38
329 44
329 46
329 50
329 55
329 63
329 67
329 74
329 77
329 78
329 87
329 88
329 89
329 90
329 91
329 92
329 93
329 94
329 95
329 96
329 97
329 107
329 108
329 110
329 113
329 114
329 116
329 117
329 119
329 120
329 121
329 122
329 123
329 124
329 125
329 168
329 171
329 325
329 327
329 328
331 1
331 2
331 17
331 18
331 19
331 20
331 21
331 22
331 23
331 24
331 25
331 26
331 27
331 28
331 29
331 30
331 31
331 32
331 38
331 50
331 55
331 67
331 74
331 90
331 91
331 92
331 93
331 94
331 95
331 96
331 97
331 107
331 108
331 110
331 113
331 114
331 116
331 117
331 119
331 120
331 121
331 122
331 123
331 124
331 125
331 168
331 171
331 325
331 327
331 329
333 1
333 2
333 11
333 12
333 13
333 14
333 15
333 16
333 17
333 18
333 19
333 20
333 21
333 22
333 23
333 24
333 25
333 26
333 27
333 28
333 29
333 30
333 31
333 32
333 38
333 44
333 46
333 50
333 55
333 63
333 67
333 74
333 77
333 78
333 87
333 88
333 89
333 90
333 91
333 92
333 93
333 94
333 95
333 96
333 97
333 107
333 108
333 110
333 113
333 114
333 116
333 117
333 119
333 120
333 121
333 122
333 123
333 124
333 125
333 168
333 171
333 325
333 327
333 329
333 331
336 1
336 2
336 11
336 12
336 13
336 14
336 15
336 16
336 17
336 18
336 19
336 20
336 21
336 22
336 23
336 24
336 25
336 26
336 27
336 28
336 29
336 30
336 31
336 32
336 38
336 44
336 46
336 50
336 55
336 63
336 67
336 74
336 77
336 78
336 87
336 88
336 89
336 90
336 91
336 92
336 93
336 94
336 95
336 96
336 97
336 107
336 108
336 110
336 113
336 114
336 116
336 117
336 119
336 120
336 121
336 122
336 123
336 124
336 125
336 168
336 171
336 325
336 327
336 329
336 331
336 333
338 1
338 2
338 11
338 12
338 13
338 14
338 15
338 16
338 17
338 18
338 19
338 20
338 21
338 22
338 23
338 24
338 25
338 26
338 27
338 28
338 29
338 30
338 31
338 32
338 38
338 44
338 46
338 50
338 55
338 63
338 67
338 74
338 77
338 78
338 87
338 88
338 89
338 90
338 91
338 92
338 93
338 94
338 95
338 96
338 97
338 107
338 108
338 110
338 113
338 114
338 116
338 117
338 119
338 120
338 121
338 122
338 123
338 124
338 125
338 168
338 171
338 325
338 327
338 329
338 331
338 333
338 336
339 1
339 2
339 11
339 12
339 13
339 14
339 15
339 16
339 17
339 18
339 19
339 20
339 21
339 22
339 23
339 24
339 25
339 26
339 27
339 28
339 29
339 30
339 31
339 32
339 38
339 44
339 46
339 50
339 55
339 63
339 67
339 74
339 77
339 78
339 87
339 88
339 89
339 90
339 91
339 92
339 93
339 94
339 95
339 96
339 97
339 107
339 108
339 110
339 113
339 114
339 116
339 117
339 119
339 120
339 121
339 122
339 123
339 124
339 125
339 168
339 171
339 325
339 327
339 329
339 333
339 336
339 338
340 1
340 2
340 17
340 18
340 19
340 20
340 21
340 22
340 23
340 24
340 25
340 26
340 27
340 28
340 29
340 30
340 31
340 32
340 38
340 46
340 50
340 55
340 63
340 67
340 74
340 90
340 91
340 92
340 93
340 94
340 95
340 96
340 97
340 107
340 108
340 110
340 113
340 114
340 116
340 117
340 119
340 120
340 121
340 122
340 123
340 124
340 125
340 168
340 171
340 325
340 327
340 329
340 333
340 336
340 338
340 339
343 1
343 2
343 17
343 18
343 19
343 20
343 21
343 22
343 23
343 24
343 25
343 26
343 27
343 28
343 29
343 30
343 31
343 32
343 38
343 50
343 55
343 63
343 67
343 74
343 90
343 91
343 92
343 93
343 94
343 95
343 96
343 97
343 107
343 108
343 110
343 113
343 114
343 116
343 117
343 119
343 120
343 121
343 122
343 123
343 124
343 125
343 168
343 171
343 325
343 327
343 329
343 333
343 336
343 338
343 339
344 1
344 2
344 17
344 18
344 19
344 20
344 21
344 22
344 23
344 24
344 25
344 26
344 27
344 28
344 29
344 30
344 31
344 32
344 38
344 46
344 50
344 55
344 63
344 67
344 74
344 90
344 91
344 92
344 93
344 94
344 95
344 96
344 97
344 107
344 108
344 110
344 113
344 114
344 116
344 117
344 119
344 120
344 121
344 122
344 123
344 124
344 125
344 168
344 171
344 325
344 327
344 329
344 333
344 336
344 338
344 339
351 1
351 2
351 17
351 18
351 19
351 20
351 21
351 22
351 23
351 24
351 25
351 26
351 27
351 28
351 29
351 30
351 31
351 32
351 38
351 46
351 50
351 55
351 63
351 67
351 74
351 90
351 91
351 92
351 93
351 94
351 95
351 96
351 97
351 107
351 108
351 110
351 113
351 114
351 116
351 117
351 119
351 120
351 121
351 122
351 123
351 124
351 125
351 168
351 171
351 325
351 327
351 329
351 333
351 336
351 338
351 339
355 1
355 2
355 17
355 18
355 19
355 20
355 21
355 22
355 23
355 24
355 25
355 26
355 27
355 28
355 29
355 30
355 31
355 32
355 38
355 46
355 50
355 55
355 63
355 67
355 74
355 90
355 91
355 92
355 93
355 94
355 95
355 96
355 97
355 107
355 108
355 110
355 113
355 114
355 116
355 117
355 119
355 120
355 121
355 122
355 123
355 124
355 125
355 168
355 171
355 325
355 327
355 329
355 333
355 336
355 338
355 339
358 1
358 2
358 17
358 18
358 19
358 20
358 21
358 22
358 23
358 24
358 25
358 26
358 27
358 28
358 29
358 30
358 31
358 32
358 38
358 46
358 50
358 55
358 63
358 67
358 74
358 90
358 91
358 92
358 93
358 94
358 95
358 96
358 97
358 107
358 108
358 110
358 113
358 114
358 116
358 117
358 119
358 120
358 121
358 122
358 123
358 124
358 125
358 168
358 171
358 325
358 327
358 329
358 333
358 336
358 338
358 339
360 1
360 2
360 11
360 12
360 13
360 14
360 15
360 16
360 17
360 18
360 19
360 20
360 21
360 22
360 23
360 24
360 25
360 26
360 27
360 28
360 29
360 30
360 31
360 32
360 38
360 44
360 46
360 50
360 55
360 63
360 67
360 74
360 77
360 88
360 89
360 90
360 91
360 92
360 93
360 94
360 95
360 96
360 97
360 107
360 108
360 110
360 113
360 114
360 116
360 117
360 119
360 120
360 121
360 122
360 123
360 124
360 125
360 168
360 171
360 325
360 327
360 329
360 333
360 336
360 338
360 339
364 1
364 2
364 17
364 18
364 19
364 20
364 21
364 22
364 23
364 24
364 25
364 26
364 27
364 28
364 29
364 30
364 31
364 32
364 38
364 44
364 46
364 50
364 55
364 63
364 67
364 74
364 77
364 90
364 91
364 92
364 93
364 94
364 95
364 96
364 97
364 107
364 108
364 110
364 113
364 114
364 116
364 117
364 119
364 120
364 121
364 122
364 123
364 124
364 125
364 168
364 171
364 325
364 327
364 329
364 333
364 336
364 338
364 339
364 360
366 1
366 2
366 11
366 12
366 13
366 14
366 15
366 16
366 17
366 18
366 19
366 20
366 21
366 22
366 23
366 24
366 25
366 26
366 27
366 28
366 29
366 30
366 31
366 32
366 38
366 44
366 46
366 50
366 55
366 63
366 67
366 74
366 77
366 88
366 90
366 91
366 92
366 93
366 94
366 95
366 96
366 97
366 107
366 108
366 110
366 113
366 114
366 116
366 117
366 119
366 120
366 121
366 122
366 123
366 124
366 125
366 168
366 171
366 325
366 327
366 329
366 333
366 336
366 338
366 339
366 360
366 364
368 1
368 2
368 11
368 12
368 13
368 14
368 15
368 16
368 17
368 18
368 19
368 20
368 21
368 22
368 23
368 24
368 25
368 26
368 27
368 28
368 29
368 30
368 31
368 32
368 38
368 44
368 46
368 50
368 55
368 63
368 67
368 74
368 77
368 88
368 90
368 91
368 92
368 93
368 94
368 95
368 96
368 97
368 107
368 108
368 110
368 113
368 114
368 116
368 117
368 119
368 120
368 121
368 122
368 123
368 124
368 125
368 168
368 171
368 325
368 327
368 329
368 333
368 336
368 338
368 339
368 360
368 364
368 366
379 1
379 2
379 17
379 18
379 19
379 20
379 21
379 22
379 23
379 24
379 25
379 26
379 27
379 28
379 29
379 30
379 31
379 32
379 38
379 44
379 46
379 50
379 55
379 63
379 67
379 74
379 77
379 90
379 91
379 92
379 93
379 94
379 95
379 96
379 97
379 107
379 108
379 110
379 113
379 114
379 116
379 117
379 119
379 120
379 121
379 122
379 123
379 124
379 125
379 168
379 171
379 325
379 327
379 329
379 333
379 336
379 338
379 339
379 360
380 1
380 2
380 17
380 18
380 19
380 20
380 21
380 22
380 23
380 24
380 25
380 26
380 27
380 28
380 29
380 30
380 31
380 32
380 38
380 44
380 46
380 50
380 55
380 63
380 67
380 74
380 77
380 90
380 91
380 92
380 93
380 94
380 95
380 96
380 97
380 107
380 108
380 110
380 113
380 114
380 116
380 117
380 119
380 120
380 121
380 122
380 123
380 124
380 125
380 168
380 171
380 325
380 327
380 329
380 333
380 336
380 338
380 339
380 360
380 366
383 1
383 2
383 17
383 18
383 19
383 20
383 21
383 22
383 23
383 24
383 25
383 26
383 27
383 28
383 29
383 30
383 31
383 32
383 38
383 44
383 46
383 50
383 55
383 63
383 67
383 74
383 77
383 90
383 91
383 92
383 93
383 94
383 95
383 96
383 97
383 107
383 108
383 110
383 113
383 114
383 116
383 117
383 119
383 120
383 121
383 122
383 123
383 124
383 125
383 168
383 171
383 325
383 327
383 329
383 333
383 336
383 338
383 339
383 360
383 366
384 1
384 2
384 17
384 18
384 19
384 20
384 21
384 22
384 23
384 24
384 25
384 26
384 27
384 28
384 29
384 30
384 31
384 32
384 38
384 44
384 46
384 50
384 55
384 63
384 67
384 74
384 77
384 90
384 91
384 92
384 93
384 94
384 95
384 96
384 97
384 107
384 108
384 110
384 113
384 114
384 116
384 117
384 119
384 120
384 121
384 122
384 123
384 124
384 125
384 168
384 171
384 325
384 327
384 329
384 333
384 336
384 338
384 339
384 360
384 366
386 1
386 2
386 17
386 18
386 19
386 20
386 21
386 22
386 23
386 24
386 25
386 26
386 27
386 28
386 29
386 30
386 31
386 32
386 38
386 44
386 46
386 50
386 55
386 63
386 67
386 74
386 77
386 89
386 90
386 91
386 92
386 93
386 94
386 95
386 96
386 97
386 107
386 108
386 110
386 113
386 114
386 116
386 117
386 119
386 120
386 121
386 122
386 123
386 124
386 125
386 168
386 171
386 325
386 327
386 329
386 333
386 336
386 338
386 339
386 360
386 366
386 384
388 1
388 2
388 17
388 18
388 19
388 20
388 21
388 22
388 23
388 24
388 25
388 26
388 27
388 28
388 29
388 30
388 31
388 32
388 38
388 44
388 46
388 50
388 55
388 63
388 67
388 74
388 77
388 90
388 91
388 92
388 93
388 94
388 95
388 96
388 97
388 107
388 108
388 110
388 113
388 114
388 116
388 117
388 119
388 120
388 121
388 122
388 123
388 124
388 125
388 168
388 171
388 325
388 327
388 329
388 333
388 336
388 338
388 339
388 360
388 366
388 386
390 1
390 2
390 17
390 18
390 19
390 20
390 21
390 22
390 23
390 24
390 25
390 26
390 27
390 28
390 29
390 30
390 31
390 32
390 38
390 44
390 46
390 50
390 55
390 63
390 67
390 74
390 77
390 89
390 90
390 91
390 92
390 93
390 94
390 95
390 96
390 97
390 107
390 108
390 110
390 113
390 114
390 116
390 117
390 119
390 120
390 121
390 122
390 123
390 124
390 125
390 168
390 171
390 325
390 327
390 329
390 333
390 336
390 338
390 339
390 360
390 366
390 386
391 1
391 2
391 17
391 18
391 19
391 20
391 21
391 22
391 23
391 24
391 25
391 26
391 27
391 28
391 29
391 30
391 31
391 32
391 38
391 44
391 46
391 50
391 55
391 63
391 67
391 74
391 77
391 89
391 90
391 91
391 92
391 93
391 94
391 95
391 96
391 97
391 107
391 108
391 110
391 113
391 114
391 116
391 117
391 119
391 120
391 121
391 122
391 123
391 124
391 125
391 168
391 171
391 325
391 327
391 329
391 333
391 336
391 338
391 339
391 360
391 386
391 390
393 1
393 2
393 3
393 4
393 5
393 6
393 7
393 8
393 9
393 10
393 11
393 12
393 13
393 14
393 15
393 16
393 17
393 98
393 99
393 100
393 101
393 102
393 103
393 104
393 105
393 106
394 1
394 2
394 3
394 4
394 5
394 6
394 7
394 8
394 9
394 10
394 11
394 12
394 13
394 14
394 15
394 16
394 17
394 98
394 99
394 100
394 101
394 102
394 103
394 104
394 105
394 106
394 393
395 1
395 2
395 3
395 4
395 5
395 6
395 7
395 8
395 9
395 10
395 11
395 12
395 13
395 14
395 15
395 16
395 17
395 98
395 99
395 100
395 101
395 102
395 103
395 104
395 105
395 106
398 1
398 2
398 17
398 18
398 19
398 20
398 21
398 22
398 23
398 24
398 25
398 26
398 27
398 28
398 29
398 30
398 31
398 32
398 38
398 44
398 46
398 50
398 55
398 63
398 67
398 74
398 77
398 89
398 90
398 91
398 92
398 93
398 94
398 95
398 96
398 97
398 107
398 108
398 110
398 113
398 114
398 116
398 117
398 119
398 120
398 121
398 122
398 123
398 124
398 125
398 168
398 171
398 325
398 327
398 329
398 333
398 336
398 338
398 339
398 360
398 386
398 390
398 391
401 1
401 2
401 17
401 18
401 19
401 20
401 21
401 22
401 23
401 24
401 25
401 26
401 27
401 28
401 29
401 30
401 31
401 32
401 38
401 44
401 46
401 50
401 55
401 63
401 74
401 77
401 90
401 91
401 92
401 93
401 94
401 95
401 96
401 97
401 107
401 108
401 110
401 113
401 114
401 116
401 117
401 119
401 120
401 121
401 122
401 123
401 124
401 125
401 168
401 171
401 325
401 327
401 329
401 333
401 336
401 338
401 339
401 360
401 364
401 366
401 368
402 1
402 2
402 17
402 18
402 19
402 20
402 21
402 22
402 23
402 24
402 25
402 26
402 27
402 28
402 29
402 30
402 31
402 32
402 38
402 44
402 46
402 50
402 55
402 63
402 74
402 77
402 90
402 91
402 92
402 93
402 94
402 95
402 96
402 97
402 107
402 108
402 110
402 113
402 114
402 116
402 117
402 119
402 120
402 121
402 122
402 123
402 124
402 125
402 168
402 171
402 325
402 327
402 329
402 333
402 336
402 338
402 339
402 360
402 364
402 366
402 368
404 1
404 2
404 17
404 18
404 19
404 20
404 21
404 22
404 23
404 24
404 25
404 26
404 27
404 28
404 29
404 30
404 31
404 32
404 38
404 44
404 46
404 50
404 55
404 63
404 74
404 77
404 88
404 90
404 91
404 92
404 93
404 94
404 95
404 96
404 97
404 107
404 108
404 110
404 113
404 114
404 116
404 117
404 119
404 120
404 121
404 122
404 123
404 124
404 125
404 168
404 171
404 325
404 327
404 329
404 333
404 336
404 338
404 339
404 360
404 364
404 366
404 368
404 402
405 1
405 2
405 17
405 18
405 19
405 20
405 21
405 22
405 23
405 24
405 25
405 26
405 27
405 28
405 29
405 30
405 31
405 32
405 38
405 44
405 46
405 50
405 55
405 63
405 74
405 77
405 90
405 91
405 92
405 93
405 94
405 95
405 96
405 97
405 107
405 108
405 110
405 113
405 114
405 116
405 117
405 119
405 120
405 121
405 122
405 123
405 124
405 125
405 168
405 171
405 325
405 327
405 329
405 333
405 336
405 338
405 339
405 360
405 364
405 366
405 368
405 404
407 1
407 2
407 17
407 18
407 19
407 20
407 21
407 22
407 23
407 24
407 25
407 26
407 27
407 28
407 29
407 30
407 31
407 32
407 38
407 44
407 46
407 50
407 55
407 63
407 74
407 77
407 88
407 90
407 91
407 92
407 93
407 94
407 95
407 96
407 97
407 107
407 108
407 110
407 113
407 114
407 116
407 117
407 119
407 120
407 121
407 122
407 123
407 124
407 125
407 168
407 171
407 325
407 327
407 329
407 333
407 336
407 338
407 339
407 360
407 364
407 366
407 368
407 404
407 405
409 1
409 2
409 17
409 18
409 19
409 20
409 21
409 22
409 23
409 24
409 25
409 26
409 27
409 28
409 29
409 30
409 31
409 32
409 38
409 44
409 46
409 50
409 55
409 63
409 74
409 77
409 90
409 91
409 92
409 93
409 94
409 95
409 96
409 97
409 107
409 108
409 110
409 113
409 114
409 116
409 117
409 119
409 120
409 121
409 122
409 123
409 124
409 125
409 168
409 171
409 325
409 327
409 329
409 333
409 336
409 338
409 339
409 360
409 364
409 366
409 368
409 404
409 407
411 1
411 2
411 17
411 18
411 19
411 20
411 21
411 22
411 23
411 24
411 25
411 26
411 27
411 28
411 29
411 30
411 31
411 32
411 38
411 44
411 46
411 50
411 55
411 63
411 74
411 77
411 88
411 90
411 91
411 92
411 93
411 94
411 95
411 96
411 97
411 107
411 108
411 110
411 113
411 114
411 116
411 117
411 119
411 120
411 121
411 122
411 123
411 124
411 125
411 168
411 171
411 325
411 327
411 329
411 333
411 336
411 338
411 339
411 360
411 366
411 368
411 404
411 407
411 409
412 1
412 2
412 17
412 18
412 19
412 20
412 21
412 22
412 23
412 24
412 25
412 26
412 27
412 28
412 29
412 30
412 31
412 32
412 38
412 44
412 46
412 50
412 55
412 63
412 74
412 77
412 88
412 90
412 91
412 92
412 93
412 94
412 95
412 96
412 97
412 107
412 108
412 110
412 113
412 114
412 116
412 117
412 119
412 120
412 121
412 122
412 123
412 124
412 125
412 168
412 171
412 325
412 327
412 329
412 333
412 336
412 338
412 339
412 360
412 366
412 368
412 404
412 407
412 409
412 411
413 1
413 2
413 17
413 18
413 19
413 20
413 21
413 22
413 23
413 24
413 25
413 26
413 27
413 28
413 29
413 30
413 31
413 32
413 38
413 44
413 46
413 50
413 55
413 63
413 74
413 77
413 88
413 90
413 91
413 92
413 93
413 94
413 95
413 96
413 97
413 107
413 108
413 110
413 113
413 114
413 116
413 117
413 119
413 120
413 121
413 122
413 123
413 124
413 125
413 168
413 171
413 325
413 327
413 329
413 333
413 336
413 338
413 339
413 360
413 366
413 368
413 404
413 407
413 411
413 412
415 1
415 2
415 17
415 18
415 19
415 20
415 21
415 22
415 23
415 24
415 25
415 26
415 27
415 28
415 29
415 30
415 31
415 32
415 38
415 44
415 46
415 50
415 55
415 63
415 74
415 77
415 88
415 90
415 91
415 92
415 93
415 94
415 95
415 96
415 97
415 107
415 108
415 110
415 113
415 114
415 116
415 117
415 119
415 120
415 121
415 122
415 123
415 124
415 125
415 168
415 171
415 325
415 327
415 329
415 333
415 336
415 338
415 339
415 360
415 366
415 368
415 404
415 407
415 411
415 412
415 413
421 1
421 2
421 17
421 18
421 19
421 20
421 21
421 22
421 23
421 24
421 25
421 26
421 27
421 28
421 29
421 30
421 31
421 32
421 38
421 44
421 46
421 50
421 55
421 63
421 74
421 77
421 88
421 90
421 91
421 92
421 93
421 94
421 95
421 96
421 97
421 107
421 108
421 110
421 113
421 114
421 116
421 117
421 119
421 120
421 121
421 122
421 123
421 124
421 125
421 168
421 171
421 325
421 327
421 329
421 333
421 336
421 338
421 339
421 360
421 366
421 368
421 404
421 407
421 411
421 412
421 413
423 1
423 2
423 3
423 4
423 5
423 6
423 7
423 8
423 9
423 10
423 11
423 12
423 13
423 14
423 15
423 16
423 17
423 64
423 98
423 99
423 100
423 101
423 102
423 103
423 104
423 105
423 106
426 1
426 2
426 3
426 4
426 5
426 6
426 7
426 8
426 9
426 10
426 11
426 12
426 13
426 14
426 15
426 16
426 17
426 64
426 98
426 99
426 100
426 101
426 102
426 103
426 104
426 105
426 106
431 1
431 2
431 17
431 18
431 19
431 20
431 21
431 22
431 23
431 24
431 25
431 26
431 27
431 28
431 29
431 30
431 31
431 32
431 38
431 46
431 50
431 55
431 63
431 67
431 74
431 78
431 87
431 90
431 91
431 92
431 93
431 94
431 95
431 96
431 97
431 107
431 108
431 110
431 113
431 114
431 116
431 117
431 119
431 120
431 121
431 122
431 123
431 124
431 125
431 168
431 171
431 325
431 327
431 329
431 333
431 336
431 338
431 339
433 1
433 2
433 17
433 18
433 19
433 20
433 21
433 22
433 23
433 24
433 25
433 26
433 27
433 28
433 29
433 30
433 31
433 32
433 38
433 46
433 50
433 55
433 63
433 67
433 74
433 90
433 91
433 92
433 93
433 94
433 95
433 96
433 97
433 107
433 108
433 110
433 113
433 114
433 116
433 117
433 119
433 120
433 121
433 122
433 123
433 124
433 125
433 168
433 171
433 325
433 327
433 329
433 333
433 336
433 338
433 339
433 431
434 1
434 2
434 17
434 18
434 19
434 20
434 21
434 22
434 23
434 24
434 25
434 26
434 27
434 28
434 29
434 30
434 31
434 32
434 38
434 46
434 50
434 55
434 63
434 67
434 74
434 90
434 91
434 92
434 93
434 94
434 95
434 96
434 97
434 107
434 108
434 110
434 113
434 114
434 116
434 117
434 119
434 120
434 121
434 122
434 123
434 124
434 125
434 168
434 171
434 325
434 327
434 329
434 333
434 336
434 338
434 339
434 431
434 433
436 1
436 2
436 17
436 18
436 19
436 20
436 21
436 22
436 23
436 24
436 25
436 26
436 27
436 28
436 29
436 30
436 31
436 32
436 38
436 46
436 50
436 55
436 63
436 67
436 74
436 78
436 90
436 91
436 92
436 93
436 94
436 95
436 96
436 97
436 107
436 108
436 110
436 113
436 114
436 116
436 117
436 119
436 120
436 121
436 122
436 123
436 124
436 125
436 168
436 171
436 325
436 327
436 329
436 333
436 336
436 338
436 339
436 431
436 434
438 1
438 2
438 17
438 18
438 19
438 20
438 21
438 22
438 23
438 24
438 25
438 26
438 27
438 28
438 29
438 30
438 31
438 32
438 38
438 46
438 50
438 55
438 63
438 67
438 74
438 78
438 87
438 90
438 91
438 92
438 93
438 94
438 95
438 96
438 97
438 107
438 108
438 110
438 113
438 114
438 116
438 117
438 119
438 120
438 121
438 122
438 123
438 124
438 125
438 168
438 171
438 325
438 327
438 329
438 333
438 336
438 338
438 339
438 431
438 436
441 1
441 2
441 17
441 18
441 19
441 20
441 21
441 22
441 23
441 24
441 25
441 26
441 27
441 28
441 29
441 30
441 31
441 32
441 38
441 46
441 50
441 55
441 63
441 67
441 74
441 78
441 87
441 90
441 91
441 92
441 93
441 94
441 95
441 96
441 97
441 107
441 108
441 110
441 113
441 114
441 116
441 117
441 119
441 120
441 121
441 122
441 123
441 124
441 125
441 168
441 171
441 325
441 327
441 329
441 333
441 336
441 338
441 339
441 431
441 438
443 1
443 2
443 17
443 18
443 19
443 20
443 21
443 22
443 23
443 24
443 25
443 26
443 27
443 28
443 29
443 30
443 31
443 32
443 38
443 46
443 50
443 55
443 63
443 67
443 74
443 78
443 90
443 91
443 92
443 93
443 94
443 95
443 96
443 97
443 107
443 108
443 110
443 113
443 114
443 116
443 117
443 119
443 120
443 121
443 122
443 123
443 124
443 125
443 168
443 171
443 325
443 327
443 329
443 333
443 336
443 338
443 339
443 431
443 438
443 441
445 1
445 2
445 17
445 18
445 19
445 20
445 21
445 22
445 23
445 24
445 25
445 26
445 27
445 28
445 29
445 30
445 31
445 32
445 38
445 46
445 50
445 55
445 63
445 67
445 74
445 78
445 90
445 91
445 92
445 93
445 94
445 95
445 96
445 97
445 107
445 108
445 110
445 113
445 114
445 116
445 117
445 119
445 120
445 121
445 122
445 123
445 124
445 125
445 168
445 171
445 325
445 327
445 329
445 333
445 336
445 338
445 339
445 431
445 438
445 441
445 443
449 1
449 2
449 17
449 18
449 19
449 20
449 21
449 22
449 23
449 24
449 25
449 26
449 27
449 28
449 29
449 30
449 31
449 32
449 38
449 46
449 50
449 55
449 63
449 67
449 74
449 78
449 90
449 91
449 92
449 93
449 94
449 95
449 96
449 97
449 107
449 108
449 110
449 113
449 114
449 116
449 117
449 119
449 120
449 121
449 122
449 123
449 124
449 125
449 168
449 171
449 325
449 327
449 329
449 333
449 336
449 338
449 339
449 431
449 438
449 441
451 1
451 2
451 17
451 18
451 19
451 20
451 21
451 22
451 23
451 24
451 25
451 26
451 27
451 28
451 29
451 30
451 31
451 32
451 38
451 46
451 50
451 55
451 63
451 67
451 74
451 78
451 87
451 90
451 91
451 92
451 93
451 94
451 95
451 96
451 97
451 107
451 108
451 110
451 113
451 114
451 116
451 117
451 119
451 120
451 121
451 122
451 123
451 124
451 125
451 168
451 171
451 325
451 327
451 329
451 333
451 336
451 338
451 339
451 431
451 438
451 441
451 445
452 1
452 2
452 17
452 18
452 19
452 20
452 21
452 22
452 23
452 24
452 25
452 26
452 27
452 28
452 29
452 30
452 31
452 32
452 38
452 46
452 50
452 55
452 63
452 67
452 74
452 78
452 87
452 90
452 91
452 92
452 93
452 94
452 95
452 96
452 97
452 107
452 108
452 110
452 113
452 114
452 116
452 117
452 119
452 120
452 121
452 122
452 123
452 124
452 125
452 168
452 171
452 325
452 327
452 329
452 333
452 336
452 338
452 339
452 431
452 438
452 441
452 451
454 1
454 2
454 3
454 4
454 5
454 6
454 7
454 8
454 9
454 10
454 11
454 12
454 13
454 14
454 15
454 16
454 17
454 98
454 99
454 100
454 101
454 102
454 103
454 104
454 105
454 106
457 1
457 2
457 17
457 18
457 19
457 20
457 21
457 22
457 23
457 24
457 25
457 26
457 27
457 28
457 29
457 30
457 31
457 32
457 38
457 46
457 50
457 55
457 63
457 67
457 74
457 78
457 87
457 90
457 91
457 92
457 93
457 94
457 95
457 96
457 97
457 107
457 108
457 110
457 113
457 114
457 116
457 117
457 119
457 120
457 121
457 122
457 123
457 124
457 125
457 168
457 171
457 325
457 327
457 329
457 333
457 336
457 338
457 339
457 431
457 438
457 441
457 451
457 452
459 1
459 2
459 17
459 18
459 19
459 20
459 21
459 22
459 23
459 24
459 25
459 26
459 27
459 28
459 29
459 30
459 31
459 32
459 38
459 50
459 55
459 59
459 67
459 74
459 90
459 91
459 92
459 93
459 94
459 95
459 96
459 97
459 107
459 108
459 110
459 113
459 114
459 116
459 117
459 119
459 120
459 121
459 122
459 123
459 124
459 125
459 168
459 171
460 1
460 2
460 17
460 18
460 19
460 20
460 21
460 22
460 23
460 24
460 25
460 26
460 27
460 28
460 29
460 30
460 31
460 32
460 38
460 50
460 55
460 67
460 74
460 90
460 91
460 92
460 93
460 94
460 95
460 96
460 97
460 107
460 108
460 110
460 113
460 114
460 116
460 117
460 119
460 120
460 121
460 122
460 123
460 124
460 125
460 168
460 171
460 459
462 1
462 2
462 17
462 18
462 19
462 20
462 21
462 22
462 23
462 24
462 25
462 26
462 27
462 28
462 29
462 30
462 31
462 32
462 38
462 50
462 55
462 67
462 74
462 90
462 91
462 92
462 93
462 94
462 95
462 96
462 97
462 107
462 108
462 110
462 113
462 114
462 116
462 117
462 119
462 120
462 121
462 122
462 123
462 124
462 125
462 168
462 171
462 459
463 1
463 2
463 17
463 18
463 19
463 20
463 21
463 22
463 23
463 24
463 25
463 26
463 27
463 28
463 29
463 30
463 31
463 32
463 38
463 50
463 55
463 67
463 74
463 90
463 91
463 92
463 93
463 94
463 95
463 96
463 97
463 107
463 108
463 110
463 113
463 114
463 116
463 117
463 119
463 120
463 121
463 122
463 123
463 124
463 125
463 168
463 171
463 459
465 1
465 2
465 17
465 18
465 19
465 20
465 21
465 22
465 23
465 24
465 25
465 26
465 27
465 28
465 29
465 30
465 31
465 32
465 38
465 50
465 55
465 67
465 74
465 85
465 90
465 91
465 92
465 93
465 94
465 95
465 96
465 97
465 107
465 108
465 110
465 113
465 114
465 116
465 117
465 119
465 120
465 121
465 122
465 123
465 124
465 125
465 168
465 171
465 459
465 463
467 1
467 2
467 17
467 18
467 19
467 20
467 21
467 22
467 23
467 24
467 25
467 26
467 27
467 28
467 29
467 30
467 31
467 32
467 38
467 50
467 55
467 67
467 74
467 90
467 91
467 92
467 93
467 94
467 95
467 96
467 97
467 107
467 108
467 110
467 113
467 114
467 116
467 117
467 119
467 120
467 121
467 122
467 123
467 124
467 125
467 168
467 171
467 459
467 465
469 1
469 2
469 17
469 18
469 19
469 20
469 21
469 22
469 23
469 24
469 25
469 26
469 27
469 28
469 29
469 30
469 31
469 32
469 38
469 50
469 55
469 67
469 74
469 85
469 90
469 91
469 92
469 93
469 94
469 95
469 96
469 97
469 107
469 108
469 110
469 113
469 114
469 116
469 117
469 119
469 120
469 121
469 122
469 123
469 124
469 125
469 168
469 171
469 459
469 465
470 1
470 2
470 17
470 18
470 19
470 20
470 21
470 22
470 23
470 24
470 25
470 26
470 27
470 28
470 29
470 30
470 31
470 32
470 38
470 50
470 55
470 67
470 74
470 85
470 90
470 91
470 92
470 93
470 94
470 95
470 96
470 97
470 107
470 108
470 110
470 113
470 114
470 116
470 117
470 119
470 120
470 121
470 122
470 123
470 124
470 125
470 168
470 171
470 459
470 465
470 469
471 1
471 2
471 17
471 18
471 19
471 20
471 21
471 22
471 23
471 24
471 25
471 26
471 27
471 28
471 29
471 30
471 31
471 32
471 38
471 50
471 55
471 67
471 74
471 85
471 90
471 91
471 92
471 93
471 94
471 95
471 96
471 97
471 107
471 108
471 110
471 113
471 114
471 116
471 117
471 119
471 120
471 121
471 122
471 123
471 124
471 125
471 168
471 171
471 459
471 465
471 469
471 470
473 1
473 2
473 3
473 4
473 5
473 6
473 7
473 8
473 9
473 10
473 11
473 12
473 13
473 14
473 15
473 16
473 17
473 98
473 99
473 100
473 101
473 102
473 103
473 104
473 105
473 106
474 1
474 2
474 3
474 4
474 5
474 6
474 7
474 8
474 9
474 10
474 11
474 12
474 13
474 14
474 15
474 16
474 17
474 98
474 99
474 100
474 101
474 102
474 103
474 104
474 105
474 106
474 473
475 1
475 2
475 3
475 4
475 5
475 6
475 7
475 8
475 9
475 10
475 11
475 12
475 13
475 14
475 15
475 16
475 17
475 98
475 99
475 100
475 101
475 102
475 103
475 104
475 105
475 106
478 1
478 2
478 17
478 18
478 19
478 20
478 21
478 22
478 23
478 24
478 25
478 26
478 27
478 28
478 29
478 30
478 31
478 32
478 38
478 50
478 55
478 67
478 74
478 85
478 90
478 91
478 92
478 93
478 94
478 95
478 96
478 97
478 107
478 108
478 110
478 113
478 114
478 116
478 117
478 119
478 120
478 121
478 122
478 123
478 124
478 125
478 168
478 171
478 465
478 469
478 470
478 471
480 1
480 2
480 17
480 18
480 19
480 20
480 21
480 22
480 23
480 24
480 25
480 26
480 27
480 28
480 29
480 30
480 31
480 32
480 33
480 47
480 55
480 59
480 74
480 90
480 91
480 92
480 93
480 94
480 95
480 96
480 97
480 107
480 108
480 110
480 113
480 114
480 116
480 117
480 119
480 120
480 121
480 122
480 123
480 124
480 125
480 168
480 171
482 1
482 2
482 17
482 18
482 19
482 20
482 21
482 22
482 23
482 24
482 25
482 26
482 27
482 28
482 29
482 30
482 31
482 32
482 33
482 47
482 55
482 59
482 74
482 90
482 91
482 92
482 93
482 94
482 95
482 96
482 97
482 107
482 108
482 110
482 113
482 114
482 116
482 117
482 119
482 120
482 121
482 122
482 123
482 124
482 125
482 168
482 171
482 480
483 1
483 2
483 17
483 18
483 19
483 20
483 21
483 22
483 23
483 24
483 25
483 26
483 27
483 28
483 29
483 30
483 31
483 32
483 33
483 47
483 55
483 59
483 74
483 90
483 91
483 92
483 93
483 94
483 95
483 96
483 97
483 107
483 108
483 110
483 113
483 114
483 116
483 117
483 119
483 120
483 121
483 122
483 123
483 124
483 125
483 168
483 171
483 480
484 1
484 2
484 17
484 18
484 19
484 20
484 21
484 22
484 23
484 24
484 25
484 26
484 27
484 28
484 29
484 30
484 31
484 32
484 33
484 47
484 55
484 59
484 74
484 90
484 91
484 92
484 93
484 94
484 95
484 96
484 97
484 107
484 108
484 110
484 113
484 114
484 116
484 117
484 119
484 120
484 121
484 122
484 123
484 124
484 125
484 168
484 171
484 480
486 1
486 2
486 17
486 18
486 19
486 20
486 21
486 22
486 23
486 24
486 25
486 26
486 27
486 28
486 29
486 30
486 31
486 32
486 33
486 47
486 55
486 59
486 74
486 84
486 90
486 91
486 92
486 93
486 94
486 95
486 96
486 97
486 107
486 108
486 110
486 113
486 114
486 116
486 117
486 119
486 120
486 121
486 122
486 123
486 124
486 125
486 168
486 171
486 480
486 484
488 1
488 2
488 17
488 18
488 19
488 20
488 21
488 22
488 23
488 24
488 25
488 26
488 27
488 28
488 29
488 30
488 31
488 32
488 33
488 47
488 55
488 59
488 74
488 90
488 91
488 92
488 93
488 94
488 95
488 96
488 97
488 107
488 108
488 110
488 113
488 114
488 116
488 117
488 119
488 120
488 121
488 122
488 123
488 124
488 125
488 168
488 171
488 480
488 486
490 1
490 2
490 17
490 18
490 19
490 20
490 21
490 22
490 23
490 24
490 25
490 26
490 27
490 28
490 29
490 30
490 31
490 32
490 33
490 47
490 55
490 59
490 74
490 84
490 90
490 91
490 92
490 93
490 94
490 95
490 96
490 97
490 107
490 108
490 110
490 113
490 114
490 116
490 117
490 119
490 120
490 121
490 122
490 123
490 124
490 125
490 168
490 171
490 480
490 486
491 1
491 2
491 17
491 18
491 19
491 20
491 21
491 22
491 23
491 24
491 25
491 26
491 27
491 28
491 29
491 30
491 31
491 32
491 33
491 47
491 55
491 59
491 74
491 84
491 90
491 91
491 92
491 93
491 94
491 95
491 96
491 97
491 107
491 108
491 110
491 113
491 114
491 116
491 117
491 119
491 120
491 121
491 122
491 123
491 124
491 125
491 168
491 171
491 480
491 486
491 490
493 1
493 2
493 3
493 4
493 5
493 6
493 7
493 8
493 9
493 10
493 11
493 12
493 13
493 14
493 15
493 16
493 17
493 98
493 99
493 100
493 101
493 102
493 103
493 104
493 105
493 106
496 1
496 2
496 17
496 18
496 19
496 20
496 21
496 22
496 23
496 24
496 25
496 26
496 27
496 28
496 29
496 30
496 31
496 32
496 33
496 47
496 55
496 59
496 74
496 84
496 90
496 91
496 92
496 93
496 94
496 95
496 96
496 97
496 107
496 108
496 110
496 113
496 114
496 116
496 117
496 119
496 120
496 121
496 122
496 123
496 124
496 125
496 168
496 171
496 486
496 490
496 491
65