5 1
6 2
10 7
11 6
12 4
13 6
13 11
14 6
14 11
14 13
15 1
16 1
17 9
18 8
19 12
20 1
20 18
21 1
21 7
21 10
22 3
23 12
23 19
24 2
24 6
24 14
25 7
25 10
25 21
26 5
26 16
27 16
27 18
27 23
28 7
28 17
28 25
29 12
29 19
30 2
30 11
30 13
30 24
31 3
31 9
31 17
31 25
32 5
32 28
33 9
33 17
33 31
34 5
34 16
34 17
34 26
35 10
35 12
35 19
35 23
36 10
36 32
37 15
37 29
37 34
38 4
38 5
38 8
38 9
38 23
38 27
38 33
39 15
39 22
39 29
39 37
41 2
41 6
41 11
41 13
41 14
41 30
42 3
42 17
42 22
43 12
43 19
43 23
43 35
44 3
44 22
44 23
44 42
45 40
46 8
46 40
46 45
47 16
47 20
47 27
48 7
48 10
48 21
48 25
49 4
49 36
50 4
50 25
50 49
51 7
51 9
51 26
51 31
51 33
51 38
51 50
52 15
52 29
52 37
52 39
52 45
53 5
53 8
53 15
53 18
54 2
54 11
54 13
54 14
54 24
54 30
55 2
55 6
55 11
55 13
55 14
55 30
55 41
56 5
56 20
56 26
56 34
57 1
57 16
57 20
57 23
57 37
57 47
58 9
58 28
58 31
58 38
59 15
59 23
59 37
59 39
59 47
59 52
60 6
60 11
60 13
60 14
60 24
60 41
60 55
61 4
61 19
61 49
61 50
62 1
62 16
62 20
62 47
62 57
63 4
63 49
63 50
63 61
64 7
64 10
64 26
64 36
65 15
65 16
65 20
65 27
65 29
65 34
65 37
65 39
65 59
66 7
66 15
66 40
66 45
66 46
66 59
67 3
67 20
67 22
67 42
67 44
68 12
68 28
68 56
68 58
68 66
69 9
69 17
69 32
69 33
69 68
70 9
70 31
70 38
70 43
70 51
70 58
70 64
71 3
71 8
71 18
71 53
72 5
72 26
72 27
72 34
72 56
72 68
73 8
73 18
73 40
73 52
73 53
73 71
74 22
74 29
74 40
74 45
74 46
74 66
75 7
75 10
75 21
75 25
75 28
75 48
76 5
76 26
76 27
76 34
76 44
76 49
76 56
76 58
76 65
76 72
77 2
77 13
77 14
77 24
77 30
77 54
77 60
78 32
78 50
78 61
79 17
79 28
79 31
79 32
79 69
79 70
79 76
79 78
80 1
80 16
80 19
80 20
80 35
80 47
80 62
81 38
81 40
81 45
81 46
81 66
81 71
81 74
82 40
82 45
82 46
82 66
82 74
82 81
83 7
83 10
83 21
83 25
83 48
83 72
83 75
84 4
84 18
84 27
84 48
84 56
84 64
85 4
85 5
85 32
85 49
85 61
85 75
85 78
85 79
86 8
86 18
86 45
86 53
86 71
86 73
86 80
86 82
87 6
87 11
87 13
87 14
87 41
87 55
87 60
87 77
88 12
88 15
88 27
88 34
88 44
88 56
88 67
88 72
88 73
88 79
89 1
89 16
89 20
89 28
89 35
89 47
89 57
89 59
89 62
89 80
89 88
90 3
90 19
90 22
90 39
90 42
90 44
90 67
91 3
91 22
91 33
91 42
91 44
91 67
91 90
92 2
92 6
92 24
92 26
92 30
92 54
92 60
92 77
92 87
93 18
93 26
93 30
93 34
93 56
93 63
93 77
93 84
94 1
94 16
94 20
94 47
94 51
94 57
94 62
94 80
95 15
95 23
95 27
95 29
95 37
95 52
95 59
95 65
95 66
96 4
96 49
96 50
96 61
96 62
96 63
96 78
96 93
97 12
97 19
97 23
97 35
97 43
97 44
97 72
98 8
98 18
98 36
98 39
98 52
98 53
98 71
98 86
98 91
99 4
99 49
99 50
99 61
99 63
99 78
99 85
99 96
100 3
100 8
100 18
100 45
100 52
100 53
100 71
100 73
100 86
100 88
100 98
101 9
101 17
101 32
101 58
101 68
101 69
101 85
101 99
102 12
102 19
102 23
102 35
102 43
102 46
102 97
103 3
103 17
103 22
103 42
103 44
103 62
103 63
103 67
103 90
103 91
104 8
104 37
104 46
104 53
104 67
104 71
104 73
104 82
104 86
104 98
104 100
104 102
105 3
105 22
105 42
105 43
105 44
105 67
105 90
105 91
105 103
106 31
106 33
106 34
106 38
106 42
106 51
106 58
106 63
106 93
107 4
107 40
107 49
107 50
107 57
107 61
107 63
107 78
107 96
107 99
108 15
108 29
108 37
108 52
108 59
108 65
108 73
108 95
108 97
109 26
109 28
109 34
109 49
109 56
109 68
109 72
109 76
109 78
109 85
110 31
110 32
110 33
110 51
110 58
110 61
110 70
110 101
110 106
110 107
111 36
111 43
111 46
111 68
111 69
111 91
111 97
111 98
112 15
112 29
112 37
112 39
112 53
112 59
112 65
112 95
112 100
112 105
112 108
113 1
113 16
113 20
113 27
113 33
113 47
113 49
113 57
113 80
113 89
113 94
113 108
114 19
114 32
114 48
114 62
114 64
114 82
114 102
115 3
115 17
115 32
115 36
115 58
115 69
115 101
115 111
115 114
116 9
116 33
116 36
116 38
116 58
116 70
116 79
116 94
116 101
116 106
116 110
117 12
117 19
117 23
117 35
117 39
117 43
117 45
117 94
117 97
117 102
117 105
118 7
118 10
118 21
118 25
118 48
118 75
118 82
118 83
118 94
119 9
119 40
119 45
119 46
119 64
119 66
119 71
119 74
119 81
119 82
119 116
120 7
120 10
120 21
120 25
120 28
120 48
120 64
120 75
120 83
120 109
120 118
9