30 25
35 1
35 32
40 35
44 6
44 18
49 11
49 17
53 17
53 49
57 25
60 54
61 8
61 12
61 31
61 35
61 38
62 12
62 45
62 61
64 2
66 62
69 32
69 35
73 62
74 72
76 11
76 49
78 11
78 17
78 49
78 53
78 76
83 11
83 49
83 76
83 78
85 1
85 12
85 35
86 1
86 35
86 85
88 5
95 95
99 1
99 35
99 72
99 74
99 85
99 86
103 78
104 46
108 34
114 10
114 61
114 64
119 1
119 35
119 85
119 86
119 99
120 62
123 35
123 40
130 62
130 66
132 115
134 44
135 1
135 35
135 85
135 86
135 99
135 119
136 61
137 102
141 49
145 61
147 34
147 108
150 17
150 26
150 44
150 114
150 118
150 123
150 125
150 126
150 131
150 147
151 2
151 61
152 1
152 32
152 35
152 50
152 69
152 99
152 150
154 44
154 61
154 64
154 81
154 114
155 50
155 152
157 152
159 15
159 35
159 61
159 123
159 151
160 35
160 40
160 123
161 35
161 40
161 44
161 61
161 123
161 134
161 154
161 160
162 80
162 150
163 160
164 1
164 12
164 35
164 85
164 86
164 99
164 119
164 135
165 6
165 34
165 43
165 44
165 94
165 99
165 108
165 117
165 131
165 147
165 150
165 161
168 39
169 61
169 62
169 66
171 147
171 152
174 61
174 145
177 12
177 85
177 164
178 1
178 12
178 35
178 85
178 86
178 99
178 119
178 135
178 164
178 177
180 152
183 50
183 152
183 155
184 19
184 39
184 168
185 125
185 150
186 61
188 152
189 64
189 114
192 46
192 104
196 35
196 152
198 154
198 172
201 150
202 14
202 23
202 37
202 41
202 50
202 61
202 89
202 95
202 108
202 110
202 117
202 121
202 124
202 132
202 154
202 165
202 166
202 193
202 195
202 196
203 42
203 50
203 75
203 87
203 114
203 152
203 154
203 155
203 183
204 17
204 49
204 53
204 78
207 17
207 49
207 53
207 78
207 152
207 202
207 204
208 150
208 196
209 19
211 2
211 61
211 134
211 150
211 151
211 159
211 161
212 59
215 156
217 165
218 12
218 44
218 46
218 61
218 159
219 11
219 49
219 76
219 78
219 83
222 30
222 32
222 35
222 69
222 152
222 171
223 165
225 211
226 202
227 25
227 57
228 114
230 165
230 202
231 126
231 150
234 38
235 78
239 27
240 179
242 150
243 15
244 2
244 5
244 6
244 15
244 17
244 35
244 44
244 54
244 60
244 61
244 64
244 88
244 95
244 101
244 102
244 105
244 107
244 108
244 117
244 123
244 132
244 137
244 138
244 150
244 161
244 165
244 196
244 202
244 218
244 230
245 165
247 25
247 30
247 203
249 61
251 167
253 125
253 185
254 35
255 207
255 244
258 150
259 2
259 12
259 61
259 114
259 128
259 134
259 150
259 151
259 154
259 161
259 202
259 203
259 208
259 211
259 218
259 244
260 112
261 35
261 196
262 7
262 17
262 49
262 53
262 78
262 204
262 207
263 64
263 139
264 115
264 127
264 132
264 202
264 244
265 203
267 42
267 104
267 114
267 152
267 154
267 171
267 203
267 222
267 244
267 259
268 233
269 140
273 244
274 79
274 98
275 202
276 2
276 24
276 44
276 61
276 62
276 66
276 150
276 152
276 159
276 169
276 186
276 211
276 218
276 244
276 246
276 259
277 64
277 114
277 189
277 202
279 202
280 58
281 61
281 111
281 154
281 218
281 256
281 276
283 150
285 5
285 25
285 44
285 51
285 55
285 61
285 64
285 87
285 114
285 117
285 123
285 144
285 147
285 150
285 154
285 161
285 165
285 189
285 202
285 203
285 213
285 218
285 220
285 224
285 244
285 247
285 250
285 252
285 259
285 277
285 278
286 61
286 62
286 66
286 170
286 218
286 239
286 259
286 274
287 154
287 281
288 203
290 154
291 35
291 244
291 261
292 25
292 57
292 227
294 202
295 5
295 285
296 285
297 34
297 48
297 72
297 108
297 147
297 161
297 165
297 203
297 259
297 285
298 114
299 74
300 32
300 35
300 69
300 152
300 222
301 150
302 165
303 221
304 165
306 187
306 202
307 211
308 131
308 150
308 165
309 152
310 10
310 61
310 154
311 49
312 33
313 126
313 231
314 64
314 114
314 189
314 277
314 285
316 61
316 244
317 10
317 176
317 310
318 62
319 61
319 218
319 286
320 77
321 10
321 61
321 67
321 100
321 176
321 184
321 310
321 317
322 297
323 35
326 150
327 35
327 261
328 285
329 44
329 165
329 259
330 46
330 104
330 192
330 203
330 218
330 324
331 150
331 242
332 139
332 263
333 202
334 277
335 1
335 35
335 85
335 86
335 99
335 119
335 135
335 164
335 178
336 17
336 49
336 53
336 78
336 204
336 207
336 262
337 202
340 35
340 40
340 74
340 96
340 123
340 160
340 161
340 299
341 35
341 40
342 49
344 211
344 321
345 44
345 55
345 154
345 161
345 165
345 220
345 262
345 271
345 285
346 165
348 50
348 152
348 155
348 183
348 203
349 11
349 49
349 76
349 78
349 83
349 219
350 150
350 165
351 19
352 165
353 64
353 114
353 189
353 277
353 285
353 314
355 297
356 15
356 95
356 244
357 147
357 152
357 171
357 211
357 222
357 267
359 300
360 165
361 21
361 22
361 25
361 46
361 61
361 114
361 129
361 154
361 191
361 200
361 205
361 218
361 220
361 229
361 236
361 237
361 241
361 247
361 248
361 254
361 266
361 284
361 285
361 330
361 345
361 347
362 48
362 297
363 102
363 137
363 244
364 259
365 61
365 95
365 132
365 202
365 218
365 244
365 276
366 162
367 34
367 46
367 108
367 112
367 147
367 150
367 165
367 218
367 285
367 297
367 330
367 361
368 32
368 35
368 69
368 152
368 222
368 259
368 267
368 300
369 32
369 35
369 69
369 152
369 222
369 300
369 368
370 244
372 165
372 329
373 202
374 133
375 315
376 29
376 150
376 162
377 162
378 34
378 108
378 147
378 165
378 171
378 297
378 357
378 367
379 244
380 108
380 123
380 202
380 207
380 244
380 285
381 64
381 114
381 189
381 277
381 285
381 314
381 353
382 244
383 165
384 19
384 209
385 147
385 171
385 211
385 357
385 378
386 132
386 365
387 63
387 64
387 114
387 189
387 277
387 285
387 314
387 353
387 381
389 162
389 179
389 240
390 318
391 2
391 61
391 109
391 126
391 159
391 218
391 232
391 276
391 289
392 33
392 312
393 170
393 184
395 165
396 160
396 244
397 140
397 165
397 202
397 218
397 230
397 244
397 269
397 306
397 365
398 15
398 98
398 117
398 165
398 202
398 244
398 274
398 285
398 356
398 397
400 44
400 55
400 95
400 147
400 150
400 153
400 161
400 165
400 202
400 218
400 244
400 262
400 285
400 345
400 367
401 61
401 67
401 321
402 61
403 165
405 42
405 87
405 112
405 203
405 260
405 267
405 293
405 330
406 8
406 61
406 249
408 32
408 35
408 69
408 152
408 222
408 300
408 368
408 369
410 46
410 147
410 152
410 171
410 218
410 222
410 267
410 330
410 357
410 361
410 367
410 368
410 378
410 385
411 4
412 159
413 269
414 78
415 108
415 117
415 165
415 202
415 244
415 285
415 380
415 398
416 11
416 13
416 17
416 25
416 30
416 34
416 46
416 47
416 91
416 108
416 147
416 150
416 152
416 165
416 171
416 183
416 199
416 216
416 218
416 219
416 222
416 244
416 247
416 267
416 285
416 297
416 330
416 357
416 361
416 367
416 371
416 378
416 409
416 410
417 330
418 26
418 150
419 150
420 211
420 357
420 385
421 244
422 10
422 211
422 310
422 317
422 321
422 344
423 71
423 321
424 44
424 61
424 109
424 202
424 218
424 232
424 244
424 276
424 289
424 391
424 397
425 50
425 152
425 155
425 183
425 203
425 348
426 102
426 137
426 244
426 363
427 271
427 345
428 61
428 276
429 16
430 361
431 159
431 215
432 239
432 286
433 25
433 57
433 227
433 292
434 188
434 416
436 165
437 152
438 202
440 165
441 61
442 297
443 211
443 276
445 2
445 17
445 61
445 108
445 151
445 184
445 210
445 211
445 259
445 276
445 310
446 378
447 1
447 2
447 61
447 86
447 111
447 119
447 150
447 151
447 152
447 160
447 211
447 259
447 276
447 435
447 445
448 244
448 370
449 2
450 35
450 323
451 19
451 209
451 384
452 1
452 28
452 35
452 36
452 40
452 42
452 44
452 46
452 50
452 51
452 52
452 58
452 61
452 64
452 77
452 84
452 95
452 96
452 114
452 123
452 143
452 150
452 152
452 154
452 155
452 158
452 159
452 160
452 161
452 163
452 165
452 175
452 181
452 182
452 183
452 189
452 197
452 199
452 202
452 203
452 211
452 244
452 259
452 262
452 267
452 272
452 277
452 280
452 285
452 286
452 297
452 314
452 320
452 340
452 345
452 347
452 348
452 350
452 353
452 354
452 358
452 361
452 365
452 368
452 372
452 380
452 381
452 387
452 394
452 396
452 400
452 405
452 416
452 419
452 425
452 444
452 447
453 309
456 452
457 4
457 9
457 196
457 202
457 244
457 411
458 202
459 244
460 150
461 211
462 61
462 170
462 286
462 316
462 365
463 202
464 146
464 152
464 218
464 267
465 15
465 68
466 267
466 371
466 416
467 165
468 107
468 244
469 321
469 429
470 244
471 101
471 244
472 112
472 347
473 38
473 61
473 234
474 202
475 95
475 244
475 365
476 90
476 285
476 452
477 382
478 416
478 434
479 102
479 137
479 244
479 363
479 426
480 115
480 132
480 161
480 259
480 264
480 285
480 297
480 452
481 202
482 61
482 246
482 276
483 61
483 218
483 246
483 276
483 286
483 319
483 482
484 202
485 1
485 35
485 85
485 86
485 99
485 119
485 135
485 164
485 178
485 335
487 15
487 68
487 159
487 465
488 254
489 95
489 452
491 64
491 114
491 189
491 277
491 285
491 314
491 353
491 381
491 387
491 452
491 489
492 20
492 25
492 44
492 57
492 62
492 70
492 73
492 147
492 150
492 152
492 165
492 167
492 202
492 207
492 227
492 230
492 244
492 251
492 255
492 285
492 292
492 325
492 375
492 376
492 397
492 398
492 400
492 416
492 433
492 452
492 454
492 486
493 452
494 285
495 118
495 150
496 17
496 34
496 46
496 82
496 97
496 108
496 142
496 147
496 148
496 150
496 152
496 161
496 165
496 171
496 188
496 202
496 218
496 219
496 222
496 267
496 285
496 297
496 330
496 357
496 361
496 367
496 378
496 385
496 400
496 405
496 410
496 416
496 492
497 1
497 35
497 61
497 115
497 132
497 218
497 244
497 259
497 264
497 276
497 447
497 452
497 480
498 3
498 17
498 49
498 53
498 78
498 150
498 152
498 165
498 202
498 204
498 207
498 262
498 285
498 336
498 361
498 367
498 400
498 439
498 455
498 496
499 202
500 343
501 161
501 211
501 452
502 50
502 152
502 155
502 183
502 203
502 348
502 425
502 452
503 452
504 61
504 402
505 347
505 472
506 149
506 218
506 492
507 162
507 179
507 240
507 389
508 15
508 244
508 269
508 356
508 398
508 413
509 285
510 17
510 19
510 24
510 44
510 61
510 74
510 148
510 150
510 152
510 159
510 161
510 165
510 208
510 209
510 211
510 218
510 244
510 259
510 276
510 285
510 299
510 305
510 340
510 368
510 376
510 384
510 391
510 424
510 447
510 451
510 452
510 492
510 497
511 38
511 234
511 473
512 44
512 176
512 177
512 482
513 339
513 407
514 46
515 400
516 211
516 307
517 11
517 49
517 76
517 78
517 83
517 219
517 222
517 349
517 368
517 416
518 79
518 106
519 70
519 461
521 31
521 61
521 170
521 274
521 286
521 462
522 393
523 424
524 13
524 416
525 61
525 194
525 424
525 441
526 13
526 42
526 44
526 61
526 65
526 87
526 114
526 122
526 150
526 151
526 152
526 154
526 161
526 171
526 202
526 203
526 204
526 208
526 218
526 222
526 244
526 259
526 267
526 285
526 357
526 368
526 400
526 405
526 410
526 416
526 445
526 447
526 452
526 489
526 491
526 496
526 524
527 271
527 345
527 427
527 452
528 5
528 25
528 27
528 35
528 44
528 56
528 57
528 88
528 99
528 108
528 114
528 123
528 125
528 136
528 147
528 150
528 156
528 165
528 190
528 202
528 203
528 218
528 221
528 227
528 233
528 244
528 270
528 276
528 282
528 285
528 292
528 303
528 329
528 338
528 345
528 361
528 367
528 376
528 380
528 398
528 400
528 432
528 433
528 452
528 490
528 492
528 496
528 498
528 510
528 526
529 244
530 128
530 259
531 19
532 397
532 424
532 452
533 150
533 207
533 376
533 492
533 528
534 49
535 452
536 147
537 259
537 445
538 61
538 62
538 186
538 194
538 259
538 276
538 365
538 391
538 397
538 424
538 443
538 473
538 510
538 512
538 526
539 202
540 202
541 61
541 285
541 361
541 424
541 496
541 498
541 528
542 102
542 137
542 244
542 363
542 426
542 479
543 492
544 452
545 64
545 114
545 189
545 214
545 277
545 285
545 314
545 353
545 381
545 387
545 452
545 491
546 150
546 326
547 285
548 347
548 472
548 505
549 1
549 13
549 17
549 28
549 44
549 64
549 89
549 99
549 114
549 123
549 125
549 147
549 150
549 152
549 161
549 165
549 188
549 189
549 202
549 206
549 208
549 210
549 211
549 244
549 257
549 277
549 285
549 314
549 322
549 329
549 353
549 361
549 368
549 380
549 381
549 387
549 388
549 398
549 400
549 404
549 416
549 434
549 447
549 452
549 478
549 491
549 492
549 496
549 498
549 510
549 524
549 526
549 528
549 541
549 545
550 285
551 146
551 447
551 464
551 526
552 165
553 46
553 104
553 192
553 330
554 102
554 137
554 244
554 363
554 426
554 479
554 542
555 1
555 30
555 83
555 113
555 147
555 150
555 152
555 161
555 165
555 171
555 173
555 202
555 218
555 222
555 244
555 259
555 267
555 285
555 297
555 341
555 354
555 357
555 361
555 367
555 398
555 400
555 410
555 416
555 452
555 464
555 480
555 492
555 496
555 498
555 517
555 526
555 528
555 541
555 549
556 452
557 92
558 15
558 244
558 356
558 398
558 508
559 202
560 32
560 35
560 69
560 152
560 222
560 300
560 368
560 369
560 408
561 44
561 244
561 528
13