4 1
4 2
5 1
9 1
9 3
9 4
9 8
10 1
10 9
11 1
11 5
12 4
13 1
13 5
13 11
14 8
14 9
17 6
18 8
18 9
18 14
19 4
20 6
20 17
21 6
21 17
21 20
22 1
22 4
22 9
22 15
22 18
23 6
23 17
23 20
23 21
24 18
25 1
25 5
25 11
25 13
26 22
27 4
27 19
28 17
29 1
29 5
29 11
29 13
29 25
30 17
30 23
31 8
31 9
31 14
31 18
31 24
32 4
34 6
34 17
34 20
34 21
34 23
38 8
38 9
38 14
38 18
38 31
39 6
39 17
39 20
39 21
39 23
39 34
40 1
40 5
40 11
40 13
40 25
40 29
41 2
41 4
41 12
41 19
41 22
41 27
41 36
42 22
42 24
43 2
43 4
43 12
43 41
44 1
44 8
44 9
44 14
44 18
44 22
44 31
44 38
45 4
46 2
46 4
46 41
47 4
47 12
47 41
47 43
48 35
49 1
49 4
49 5
49 9
49 10
49 11
49 13
49 22
49 25
49 29
49 33
49 37
49 40
49 44
50 1
50 5
50 11
50 13
50 25
50 29
50 40
50 49
51 2
51 41
51 43
52 3
52 8
52 9
52 14
52 18
52 31
52 38
52 44
53 3
53 9
53 52
55 1
55 2
55 3
55 4
55 5
55 6
55 9
55 10
55 11
55 12
55 13
55 15
55 16
55 17
55 18
55 19
55 20
55 21
55 22
55 23
55 24
55 25
55 27
55 29
55 30
55 31
55 34
55 36
55 39
55 40
55 41
55 42
55 44
55 46
55 47
55 49
55 50
55 52
55 53
55 54
56 4
56 19
56 27
56 41
56 55
57 2
57 4
57 12
57 19
57 22
57 27
57 36
57 41
57 43
57 46
57 47
57 51
57 55
57 56
58 35
58 48
59 1
59 5
59 11
59 13
59 25
59 29
59 40
59 49
59 50
59 55
60 4
60 19
60 27
60 36
60 41
60 55
60 56
60 57
61 22
62 2
62 4
62 12
62 27
62 41
62 46
62 47
62 55
62 57
63 1
63 4
63 22
64 6
64 17
64 20
64 21
64 23
64 34
64 39
64 55
65 16
65 55
66 9
66 22
66 55
67 4
67 12
67 41
67 43
67 47
67 55
67 57
67 62
68 4
68 19
68 27
68 41
68 55
68 56
68 57
68 60
69 1
69 4
69 9
69 22
69 49
69 55
70 7
71 4
71 32
71 45
72 1
72 9
72 10
72 37
72 49
72 55
73 4
73 12
73 19
73 27
73 41
73 43
73 47
73 55
73 56
73 57
73 60
73 67
73 68
74 2
74 41
74 43
74 51
74 57
11