2 1
3 1
3 2
4 1
4 2
4 3
5 1
5 2
5 3
5 4
6 1
6 2
6 3
6 4
6 5
7 1
7 2
7 3
7 4
7 5
7 6
8 1
8 2
8 3
8 4
8 5
8 6
8 7
9 1
9 2
9 3
9 4
9 5
9 6
9 7
9 8
10 1
10 2
10 3
10 4
10 5
10 6
10 7
10 8
10 9
11 1
11 2
11 3
11 4
11 5
11 6
11 7
11 8
11 9
11 10
12 1
12 2
12 3
12 4
12 5
12 6
12 7
12 8
12 9
12 10
12 11
13 1
13 2
13 3
13 4
13 5
13 6
13 7
13 8
13 9
13 10
13 11
13 12
14 1
14 2
14 3
14 4
14 5
14 6
14 7
14 8
14 9
14 10
14 11
14 12
14 13
15 1
15 2
15 3
15 4
15 5
15 6
15 7
15 8
15 9
15 10
15 11
15 12
15 13
15 14
16 1
16 2
16 3
16 4
16 5
16 6
16 7
16 8
16 9
16 10
16 11
16 12
16 13
16 14
16 15
18 17
19 17
19 18
20 17
20 18
20 19
21 17
21 18
21 19
21 20
22 17
22 18
22 19
22 20
22 21
23 17
23 18
23 19
23 20
23 21
23 22
24 17
24 18
24 19
24 20
24 21
24 22
24 23
25 17
25 18
25 19
25 20
25 21
25 22
25 23
25 24
26 17
26 18
26 19
26 20
26 21
26 22
26 23
26 24
26 25
27 17
27 18
27 19
27 20
27 21
27 22
27 23
27 24
27 25
27 26
28 17
28 18
28 19
28 20
28 21
28 22
28 23
28 24
28 25
28 26
28 27
29 17
29 18
29 19
29 20
29 21
29 22
29 23
29 24
29 25
29 26
29 27
29 28
30 17
30 18
30 19
30 20
30 21
30 22
30 23
30 24
30 25
30 26
30 27
30 28
30 29
31 17
31 18
31 19
31 20
31 21
31 22
31 23
31 24
31 25
31 26
31 27
31 28
31 29
31 30
32 17
32 18
32 19
32 20
32 21
32 22
32 23
32 24
32 25
32 26
32 27
32 28
32 29
32 30
32 31
33 1
33 2
33 3
33 17
33 18
33 19
33 20
33 21
33 22
33 23
33 24
33 25
33 26
33 27
33 28
33 29
33 30
33 31
33 32
34 1
34 2
34 3
34 17
34 18
34 19
34 20
34 21
34 22
34 23
34 24
34 25
34 26
34 27
34 28
34 29
34 30
34 31
34 32
34 33
35 1
35 2
35 17
35 18
35 19
35 20
35 21
35 22
35 23
35 24
35 25
35 26
35 27
35 28
35 29
35 30
35 31
35 32
36 1
36 2
36 3
36 17
36 18
36 19
36 20
36 21
36 22
36 23
36 24
36 25
36 26
36 27
36 28
36 29
36 30
36 31
36 32
37 1
37 2
37 3
37 17
37 18
37 19
37 20
37 21
37 22
37 23
37 24
37 25
37 26
37 27
37 28
37 29
37 30
37 31
37 32
38 1
38 2
38 3
38 4
38 5
38 6
38 7
38 8
38 9
38 10
38 11
38 12
38 13
38 14
38 15
38 16
38 17
39 1
39 2
39 3
39 17
39 18
39 19
39 20
39 21
39 22
39 23
39 24
39 25
39 26
39 27
39 28
39 29
39 30
39 31
39 32
40 1
40 2
40 3
40 17
40 18
40 19
40 20
40 21
40 22
40 23
40 24
40 25
40 26
40 27
40 28
40 29
40 30
40 31
40 32
40 39
41 1
41 2
41 3
41 17
41 18
41 19
41 20
41 21
41 22
41 23
41 24
41 25
41 26
41 27
41 28
41 29
41 30
41 31
41 32
41 39
42 1
42 2
42 17
42 18
42 19
42 20
42 21
42 22
42 23
42 24
42 25
42 26
42 27
42 28
42 29
42 30
42 31
42 32
42 35
43 1
43 2
43 17
43 18
43 19
43 20
43 21
43 22
43 23
43 24
43 25
43 26
43 27
43 28
43 29
43 30
43 31
43 32
43 37
44 1
44 2
44 17
44 18
44 19
44 20
44 21
44 22
44 23
44 24
44 25
44 26
44 27
44 28
44 29
44 30
44 31
44 32
44 37
45 1
45 2
45 3
45 17
45 18
45 19
45 20
45 21
45 22
45 23
45 24
45 25
45 26
45 27
45 28
45 29
45 30
45 31
45 32
46 1
46 2
46 3
46 17
46 18
46 19
46 20
46 21
46 22
46 23
46 24
46 25
46 26
46 27
46 28
46 29
46 30
46 31
46 32
46 33
46 34
47 1
47 2
47 3
47 17
47 18
47 19
47 20
47 21
47 22
47 23
47 24
47 25
47 26
47 27
47 28
47 29
47 30
47 31
47 32
47 33
47 34
47 46
48 1
48 2
48 3
48 11
48 12
48 13
48 14
48 15
48 16
48 17
48 18
48 19
48 20
48 21
48 22
48 23
48 24
48 25
48 26
48 27
48 28
48 29
48 30
48 31
48 32
48 33
48 34
48 36
48 37
48 39
48 40
48 41
48 45
48 46
48 47
49 1
49 2
49 3
49 17
49 18
49 19
49 20
49 21
49 22
49 23
49 24
49 25
49 26
49 27
49 28
49 29
49 30
49 31
49 32
49 48
50 1
50 2
50 3
50 17
50 18
50 19
50 20
50 21
50 22
50 23
50 24
50 25
50 26
50 27
50 28
50 29
50 30
50 31
50 32
50 48
50 49
51 1
51 2
51 3
51 17
51 18
51 19
51 20
51 21
51 22
51 23
51 24
51 25
51 26
51 27
51 28
51 29
51 30
51 31
51 32
51 48
51 49
51 50
52 1
52 2
52 3
52 17
52 18
52 19
52 20
52 21
52 22
52 23
52 24
52 25
52 26
52 27
52 28
52 29
52 30
52 31
52 32
52 45
52 48
53 1
53 2
53 3
53 17
53 18
53 19
53 20
53 21
53 22
53 23
53 24
53 25
53 26
53 27
53 28
53 29
53 30
53 31
53 32
53 45
53 48
53 52
54 1
54 2
54 3
54 17
54 18
54 19
54 20
54 21
54 22
54 23
54 24
54 25
54 26
54 27
54 28
54 29
54 30
54 31
54 32
54 48
55 1
55 2
55 3
55 17
55 18
55 19
55 20
55 21
55 22
55 23
55 24
55 25
55 26
55 27
55 28
55 29
55 30
55 31
55 32
55 48
56 1
56 2
56 3
56 11
56 12
56 13
56 14
56 15
56 16
56 17
56 18
56 19
56 20
56 21
56 22
56 23
56 24
56 25
56 26
56 27
56 28
56 29
56 30
56 31
56 32
56 39
56 40
56 41
56 48
56 55
57 1
57 2
57 3
57 17
57 18
57 19
57 20
57 21
57 22
57 23
57 24
57 25
57 26
57 27
57 28
57 29
57 30
57 31
57 32
57 39
57 48
57 56
58 1
58 2
58 3
58 17
58 18
58 19
58 20
58 21
58 22
58 23
58 24
58 25
58 26
58 27
58 28
58 29
58 30
58 31
58 32
58 39
58 40
58 48
58 56
59 1
59 2
59 3
59 17
59 18
59 19
59 20
59 21
59 22
59 23
59 24
59 25
59 26
59 27
59 28
59 29
59 30
59 31
59 32
59 48
60 1
60 2
60 3
60 17
60 18
60 19
60 20
60 21
60 22
60 23
60 24
60 25
60 26
60 27
60 28
60 29
60 30
60 31
60 32
60 48
60 59
61 1
61 2
61 3
61 17
61 18
61 19
61 20
61 21
61 22
61 23
61 24
61 25
61 26
61 27
61 28
61 29
61 30
61 31
61 32
61 48
61 59
61 60
62 1
62 2
62 3
62 17
62 18
62 19
62 20
62 21
62 22
62 23
62 24
62 25
62 26
62 27
62 28
62 29
62 30
62 31
62 32
62 48
63 1
63 2
63 3
63 5
63 6
63 7
63 8
63 9
63 10
63 16
63 17
63 18
63 19
63 20
63 21
63 22
63 23
63 24
63 25
63 26
63 27
63 28
63 29
63 30
63 31
63 32
64 1
64 2
64 3
64 6
64 7
64 8
64 9
64 10
64 16
64 17
64 18
64 19
64 20
64 21
64 22
64 23
64 24
64 25
64 26
64 27
64 28
64 29
64 30
64 31
64 32
65 1
65 2
65 3
65 7
65 8
65 9
65 10
65 16
65 17
65 18
65 19
65 20
65 21
65 22
65 23
65 24
65 25
65 26
65 27
65 28
65 29
65 30
65 31
65 32
66 1
66 2
66 3
66 8
66 9
66 10
66 16
66 17
66 18
66 19
66 20
66 21
66 22
66 23
66 24
66 25
66 26
66 27
66 28
66 29
66 30
66 31
66 32
67 1
67 2
67 3
67 9
67 10
67 16
67 17
67 18
67 19
67 20
67 21
67 22
67 23
67 24
67 25
67 26
67 27
67 28
67 29
67 30
67 31
67 32
68 1
68 2
68 3
68 10
68 16
68 17
68 18
68 19
68 20
68 21
68 22
68 23
68 24
68 25
68 26
68 27
68 28
68 29
68 30
68 31
68 32
69 1
69 2
69 3
69 16
69 17
69 18
69 19
69 20
69 21
69 22
69 23
69 24
69 25
69 26
69 27
69 28
69 29
69 30
69 31
69 32
70 1
70 2
70 3
70 17
70 18
70 19
70 20
70 21
70 22
70 23
70 24
70 25
70 26
70 27
70 28
70 29
70 30
70 31
70 32
71 1
71 2
71 3
71 4
71 5
71 6
71 7
71 8
71 9
71 10
71 11
71 12
71 13
71 14
71 15
71 16
71 17
71 19
71 20
71 21
71 22
71 23
71 24
71 25
71 26
72 1
72 2
72 3
72 4
72 5
72 6
72 7
72 8
72 9
72 10
72 11
72 12
72 13
72 14
72 15
72 16
72 17
72 20
72 21
72 22
72 23
72 24
72 25
72 26
73 1
73 2
73 3
73 4
73 5
73 6
73 7
73 8
73 9
73 10
73 11
73 12
73 13
73 14
73 15
73 16
73 17
73 21
73 22
73 23
73 24
73 25
73 26
74 1
74 2
74 3
74 4
74 5
74 6
74 7
74 8
74 9
74 10
74 11
74 12
74 13
74 14
74 15
74 16
74 17
74 22
74 23
74 24
74 25
74 26
75 1
75 2
75 3
75 4
75 5
75 6
75 7
75 8
75 9
75 10
75 11
75 12
75 13
75 14
75 15
75 16
75 17
75 23
75 24
75 25
75 26
75 27
75 28
75 29
75 30
75 31
75 32
75 38
76 1
76 2
76 3
76 4
76 5
76 6
76 7
76 8
76 9
76 10
76 11
76 12
76 13
76 14
76 15
76 16
76 17
76 24
76 25
76 26
76 27
76 28
76 29
76 30
76 31
76 32
76 38
76 75
77 1
77 2
77 3
77 4
77 5
77 6
77 7
77 8
77 9
77 10
77 11
77 12
77 13
77 14
77 15
77 16
77 17
77 25
77 26
77 27
77 28
77 29
77 30
77 31
77 32
77 38
77 75
77 76
78 1
78 2
78 3
78 4
78 5
78 6
78 7
78 8
78 9
78 10
78 11
78 12
78 13
78 14
78 15
78 16
78 17
78 26
78 27
78 28
78 29
78 30
78 31
78 32
78 38
78 75
78 76
78 77
79 1
79 2
79 3
79 4
79 5
79 6
79 7
79 8
79 9
79 10
79 11
79 12
79 13
79 14
79 15
79 16
79 17
79 27
79 28
79 29
79 30
79 31
79 32
79 38
79 75
79 76
79 77
79 78
80 1
80 2
80 3
80 4
80 5
80 6
80 7
80 8
80 9
80 10
80 11
80 12
80 13
80 14
80 15
80 16
80 17
80 27
80 28
80 29
80 30
80 31
80 32
80 38
80 75
80 76
80 77
80 78
80 79
81 1
81 2
81 3
81 11
81 12
81 13
81 14
81 15
81 16
81 17
81 18
81 19
81 20
81 21
81 22
81 23
81 24
81 25
81 26
81 27
81 28
81 29
81 30
81 31
81 32
81 33
81 34
81 36
81 37
81 39
81 40
81 41
81 45
81 46
81 47
81 48
81 49
81 50
81 51
81 52
81 53
81 54
81 55
81 56
81 57
81 58
81 59
81 60
81 61
81 62
82 1
82 2
82 3
82 17
82 18
82 19
82 20
82 21
82 22
82 23
82 24
82 25
82 26
82 27
82 28
82 29
82 30
82 31
82 32
82 81
83 1
83 2
83 3
83 17
83 18
83 19
83 20
83 21
83 22
83 23
83 24
83 25
83 26
83 27
83 28
83 29
83 30
83 31
83 32
83 81
83 82
84 1
84 2
84 3
84 17
84 18
84 19
84 20
84 21
84 22
84 23
84 24
84 25
84 26
84 27
84 28
84 29
84 30
84 31
84 32
84 81
85 1
85 2
85 3
85 17
85 18
85 19
85 20
85 21
85 22
85 23
85 24
85 25
85 26
85 27
85 28
85 29
85 30
85 31
85 32
85 81
86 1
86 2
86 3
86 17
86 18
86 19
86 20
86 21
86 22
86 23
86 24
86 25
86 26
86 27
86 28
86 29
86 30
86 31
86 32
86 81
87 1
87 2
87 3
87 17
87 18
87 19
87 20
87 21
87 22
87 23
87 24
87 25
87 26
87 27
87 28
87 29
87 30
87 31
87 32
87 81
87 86
88 1
88 2
88 3
88 17
88 18
88 19
88 20
88 21
88 22
88 23
88 24
88 25
88 26
88 27
88 28
88 29
88 30
88 31
88 32
88 81
89 1
89 2
89 3
89 17
89 18
89 19
89 20
89 21
89 22
89 23
89 24
89 25
89 26
89 27
89 28
89 29
89 30
89 31
89 32
89 81
90 1
90 2
90 3
90 11
90 12
90 13
90 14
90 15
90 16
90 17
90 18
90 19
90 20
90 21
90 22
90 23
90 24
90 25
90 26
90 27
90 28
90 29
90 30
90 31
90 32
90 33
90 34
90 36
90 37
90 39
90 40
90 41
90 45
90 46
90 47
90 48
90 49
90 50
90 51
90 52
90 53
90 54
90 55
90 56
90 57
90 58
90 59
90 60
90 61
90 62
90 81
92 1
92 2
92 3
92 4
92 5
92 6
92 7
92 8
92 9
92 10
92 11
92 12
92 13
92 14
92 15
92 16
92 17
92 27
92 28
92 29
92 30
92 31
92 32
92 38
92 75
92 76
92 77
92 78
92 79
92 80
93 1
93 2
93 3
93 4
93 5
93 6
93 7
93 8
93 9
93 10
93 11
93 12
93 13
93 14
93 15
93 16
93 17
93 38
93 75
93 76
93 77
93 78
93 79
93 80
93 92
94 1
94 2
94 3
94 4
94 5
94 6
94 7
94 8
94 9
94 10
94 11
94 12
94 13
94 14
94 15
94 16
94 17
94 38
94 75
94 76
94 77
94 78
94 79
94 80
94 92
94 93
95 1
95 2
95 3
95 4
95 5
95 6
95 7
95 8
95 9
95 10
95 11
95 12
95 13
95 14
95 15
95 16
95 17
95 38
95 75
95 76
95 77
95 78
95 79
95 80
95 92
95 93
95 94
96 1
96 2
96 3
96 4
96 5
96 6
96 7
96 8
96 9
96 10
96 11
96 12
96 13
96 14
96 15
96 16
96 17
96 38
96 75
96 76
96 77
96 78
96 79
96 80
96 92
96 93
97 1
97 2
97 3
97 17
97 18
97 19
97 20
97 21
97 22
97 23
97 24
97 25
97 26
97 27
97 28
97 29
97 30
97 31
97 32
97 48
97 81
97 90
98 1
98 2
98 3
98 17
98 18
98 19
98 20
98 21
98 22
98 23
98 24
98 25
98 26
98 27
98 28
98 29
98 30
98 31
98 32
98 81
98 90
98 97
100 1
100 2
100 3
100 17
100 18
100 19
100 20
100 21
100 22
100 23
100 24
100 25
100 26
100 27
100 28
100 29
100 30
100 31
100 32
100 33
100 34
100 46
100 47
100 48
100 81
100 90
104 1
104 2
104 3
104 17
104 18
104 19
104 20
104 21
104 22
104 23
104 24
104 25
104 26
104 27
104 28
104 29
104 30
104 31
104 32
104 33
104 34
104 46
104 47
104 48
104 81
104 90
104 100
105 1
105 2
105 3
105 17
105 18
105 19
105 20
105 21
105 22
105 23
105 24
105 25
105 26
105 27
105 28
105 29
105 30
105 31
105 32
105 33
105 34
105 46
105 47
105 48
105 81
105 90
105 100
105 104
106 1
106 2
106 3
106 17
106 18
106 19
106 20
106 21
106 22
106 23
106 24
106 25
106 26
106 27
106 28
106 29
106 30
106 31
106 32
106 33
106 34
106 46
106 47
106 48
106 81
106 90
106 100
106 104
106 105
110 1
110 2
110 3
110 17
110 18
110 19
110 20
110 21
110 22
110 23
110 24
110 25
110 26
110 27
110 28
110 29
110 30
110 31
110 32
110 33
110 34
110 46
110 47
110 48
110 81
110 90
110 100
110 104
110 105
110 106
111 1
111 2
111 3
111 4
111 5
111 6
111 7
111 8
111 9
111 10
111 11
111 12
111 13
111 14
111 15
111 16
111 17
111 75
111 76
111 77
111 78
111 79
111 80
111 92
111 93
111 96
112 1
112 2
112 3
112 4
112 5
112 6
112 7
112 8
112 9
112 10
112 11
112 12
112 13
112 14
112 15
112 16
112 17
112 75
112 76
112 77
112 78
112 79
112 80
112 92
112 93
112 96
112 111
113 1
113 2
113 3
113 4
113 5
113 6
113 7
113 8
113 9
113 10
113 11
113 12
113 13
113 14
113 15
113 16
113 17
113 75
113 76
113 77
113 78
113 79
113 80
113 92
113 93
113 96
113 111
113 112
114 1
114 2
114 3
114 4
114 5
114 6
114 7
114 8
114 9
114 10
114 11
114 12
114 13
114 14
114 15
114 16
114 17
114 75
114 76
114 77
114 78
114 79
114 80
114 92
114 93
114 96
114 111
115 1
115 2
115 3
115 17
115 18
115 19
115 20
115 21
115 22
115 23
115 24
115 25
115 26
115 27
115 28
115 29
115 30
115 31
115 32
115 33
115 46
115 47
115 48
115 81
115 90
115 100
115 104
115 105
115 106
115 110
119 1
119 2
119 3
119 17
119 18
119 19
119 20
119 21
119 22
119 23
119 24
119 25
119 26
119 27
119 28
119 29
119 30
119 31
119 32
119 33
119 46
119 47
119 48
119 81
119 90
119 100
119 104
119 105
119 106
122 1
122 2
122 3
122 4
122 5
122 6
122 7
122 8
122 9
122 10
122 11
122 12
122 13
122 14
122 15
122 16
122 17
122 75
122 76
122 77
122 78
122 79
122 80
122 92
122 93
122 96
122 111
122 114
124 1
124 2
124 3
124 4
124 5
124 6
124 7
124 8
124 9
124 10
124 11
124 12
124 13
124 14
124 15
124 16
124 17
124 75
124 76
124 77
124 78
124 79
124 80
124 92
124 93
124 96
124 111
124 114
124 122
125 1
125 2
125 3
125 4
125 5
125 6
125 7
125 8
125 9
125 10
125 11
125 12
125 13
125 14
125 15
125 16
125 17
125 75
125 76
125 77
125 78
125 79
125 80
125 92
125 93
125 96
125 111
125 114
125 122
126 1
126 2
126 3
126 4
126 5
126 6
126 7
126 8
126 9
126 10
126 11
126 12
126 13
126 14
126 15
126 16
126 17
126 75
126 76
126 77
126 78
126 79
126 80
126 92
126 93
126 96
126 111
126 114
126 122
127 1
127 2
127 3
127 4
127 5
127 6
127 7
127 8
127 9
127 10
127 11
127 12
127 13
127 14
127 15
127 16
127 17
127 75
127 76
127 77
127 78
127 79
127 80
127 92
127 93
127 96
127 111
127 114
127 122
128 1
128 2
128 3
128 4
128 5
128 6
128 7
128 8
128 9
128 10
128 11
128 12
128 13
128 14
128 15
128 16
128 17
128 75
128 76
128 77
128 78
128 79
128 80
128 92
128 93
128 96
128 111
128 114
128 122
128 127
129 1
129 2
129 3
129 4
129 5
129 6
129 7
129 8
129 9
129 10
129 11
129 12
129 13
129 14
129 15
129 16
129 17
129 75
129 76
129 77
129 78
129 79
129 80
129 92
129 93
129 96
129 111
129 114
129 122
129 127
129 128
131 1
131 2
131 3
131 17
131 18
131 19
131 20
131 21
131 22
131 23
131 24
131 25
131 26
131 27
131 28
131 29
131 30
131 31
131 32
131 33
131 34
131 46
131 47
131 48
131 81
131 90
131 100
131 104
131 105
131 106
131 110
132 1
132 2
132 3
132 4
132 5
132 6
132 7
132 8
132 9
132 10
132 11
132 12
132 13
132 14
132 15
132 16
132 17
132 75
132 76
132 77
132 78
132 79
132 80
132 92
132 93
132 96
132 111
132 114
132 122
132 128
133 1
133 2
133 3
133 4
133 5
133 6
133 7
133 8
133 9
133 10
133 11
133 12
133 13
133 14
133 15
133 16
133 17
133 75
133 76
133 77
133 78
133 79
133 80
133 92
133 93
133 96
133 111
133 114
133 122
135 1
135 2
135 3
135 4
135 5
135 6
135 7
135 8
135 9
135 10
135 11
135 12
135 13
135 14
135 15
135 16
135 17
135 38
135 75
135 76
135 77
135 78
135 79
135 80
135 92
136 1
136 2
136 3
136 4
136 5
136 6
136 7
136 8
136 9
136 10
136 11
136 12
136 13
136 14
136 15
136 16
136 17
136 38
136 75
136 76
136 77
136 78
136 79
136 80
136 92
137 1
137 2
137 3
137 4
137 5
137 6
137 7
137 8
137 9
137 10
137 11
137 12
137 13
137 14
137 15
137 16
137 17
137 38
137 75
137 76
137 77
137 78
137 79
137 80
137 92
137 136
138 1
138 2
138 3
138 4
138 5
138 6
138 7
138 8
138 9
138 10
138 11
138 12
138 13
138 14
138 15
138 16
138 17
138 38
138 75
138 76
138 77
138 78
138 79
138 80
138 92
138 136
139 1
139 2
139 3
139 4
139 5
139 6
139 7
139 8
139 9
139 10
139 11
139 12
139 13
139 14
139 15
139 16
139 17
139 38
139 75
139 76
139 77
139 78
139 79
139 80
139 92
140 1
140 2
140 3
140 4
140 5
140 6
140 7
140 8
140 9
140 10
140 11
140 12
140 13
140 14
140 15
140 16
140 17
140 38
140 75
140 76
140 77
140 78
140 79
140 80
140 92
141 1
141 2
141 3
141 17
141 18
141 19
141 20
141 21
141 22
141 23
141 24
141 25
141 26
141 27
141 28
141 29
141 30
141 31
141 32
141 48
141 81
141 90
142 1
142 2
142 3
142 4
142 5
142 6
142 7
142 8
142 9
142 10
142 11
142 12
142 13
142 14
142 15
142 16
142 17
142 38
142 75
142 76
142 77
142 78
142 79
142 80
142 92
142 140
143 1
143 2
143 3
143 4
143 5
143 6
143 7
143 8
143 9
143 10
143 11
143 12
143 13
143 14
143 15
143 16
143 17
143 38
143 75
143 76
143 77
143 78
143 79
143 80
143 92
144 1
144 2
144 3
144 4
144 5
144 6
144 7
144 8
144 9
144 10
144 11
144 12
144 13
144 14
144 15
144 16
144 17
144 27
144 28
144 29
144 30
144 31
144 32
144 38
144 75
144 76
144 77
144 78
144 79
144 80
144 92
144 143
145 1
145 2
145 3
145 4
145 5
145 6
145 7
145 8
145 9
145 10
145 11
145 12
145 13
145 14
145 15
145 16
145 17
145 27
145 28
145 29
145 30
145 31
145 32
145 38
145 75
145 76
145 77
145 78
145 79
145 80
145 92
145 144
146 1
146 2
146 3
146 4
146 5
146 6
146 7
146 8
146 9
146 10
146 11
146 12
146 13
146 14
146 15
146 16
146 17
146 75
146 76
146 77
146 78
146 79
146 80
146 92
146 144
146 145
147 1
147 2
147 3
147 4
147 5
147 6
147 7
147 8
147 9
147 10
147 11
147 12
147 13
147 14
147 15
147 16
147 17
147 75
147 76
147 77
147 78
147 79
147 80
147 92
147 144
147 145
148 1
148 2
148 3
148 4
148 5
148 6
148 7
148 8
148 9
148 10
148 11
148 12
148 13
148 14
148 15
148 16
148 17
148 75
148 76
148 77
148 78
148 79
148 80
148 92
148 144
148 145
148 147
149 1
149 2
149 3
149 4
149 5
149 6
149 7
149 8
149 9
149 10
149 11
149 12
149 13
149 14
149 15
149 16
149 17
149 75
149 76
149 77
149 78
149 79
149 80
149 92
149 144
149 145
150 1
150 2
150 3
150 4
150 5
150 6
150 7
150 8
150 9
150 10
150 11
150 12
150 13
150 14
150 15
150 16
150 17
150 75
150 76
150 77
150 78
150 79
150 80
150 92
150 144
150 145
151 1
151 2
151 3
151 4
151 5
151 6
151 7
151 8
151 9
151 10
151 11
151 12
151 13
151 14
151 15
151 16
151 17
151 75
151 76
151 77
151 78
151 79
151 80
151 92
151 144
151 145
151 150
152 1
152 2
152 3
152 4
152 5
152 6
152 7
152 8
152 9
152 10
152 11
152 12
152 13
152 14
152 15
152 16
152 17
152 75
152 76
152 77
152 78
152 79
152 80
152 92
152 144
152 145
153 1
153 2
153 3
153 17
153 18
153 19
153 20
153 21
153 22
153 23
153 24
153 25
153 26
153 27
153 28
153 29
153 30
153 31
153 32
153 48
153 81
153 90
154 1
154 2
154 3
154 4
154 5
154 6
154 7
154 8
154 9
154 10
154 11
154 12
154 13
154 14
154 15
154 16
154 17
154 75
154 76
154 77
154 78
154 79
154 80
154 92
154 144
154 145
154 152
155 1
155 2
155 3
155 4
155 5
155 6
155 7
155 8
155 9
155 10
155 11
155 12
155 13
155 14
155 15
155 16
155 17
155 75
155 76
155 77
155 78
155 79
155 80
155 92
155 144
155 145
156 1
156 2
156 3
156 11
156 12
156 13
156 14
156 15
156 16
156 17
156 18
156 19
156 20
156 21
156 22
156 23
156 24
156 25
156 26
156 27
156 28
156 29
156 30
156 31
156 32
156 36
156 37
156 39
156 40
156 41
156 45
156 48
156 49
156 50
156 51
156 52
156 53
156 54
156 55
156 56
156 57
156 58
156 59
156 60
156 61
156 62
156 81
156 90
157 1
157 2
157 3
157 4
157 5
157 6
157 7
157 8
157 9
157 10
157 11
157 12
157 13
157 14
157 15
157 16
157 17
157 75
157 76
157 77
157 78
157 79
157 80
157 92
157 144
157 145
158 1
158 2
158 3
158 4
158 5
158 6
158 7
158 8
158 9
158 10
158 11
158 12
158 13
158 14
158 15
158 16
158 17
158 75
158 76
158 77
158 78
158 79
158 80
158 92
158 144
158 145
158 157
159 1
159 2
159 3
159 4
159 5
159 6
159 7
159 8
159 9
159 10
159 11
159 12
159 13
159 14
159 15
159 16
159 17
159 75
159 76
159 77
159 78
159 79
159 80
159 92
159 144
159 145
160 1
160 2
160 3
160 4
160 5
160 6
160 7
160 8
160 9
160 10
160 11
160 12
160 13
160 14
160 15
160 16
160 17
160 75
160 76
160 77
160 78
160 79
160 80
160 92
160 144
160 145
161 1
161 2
161 3
161 4
161 5
161 6
161 7
161 8
161 9
161 10
161 11
161 12
161 13
161 14
161 15
161 16
161 17
161 75
161 76
161 77
161 78
161 79
161 80
161 92
161 144
161 145
161 160
162 1
162 2
162 3
162 4
162 5
162 6
162 7
162 8
162 9
162 10
162 11
162 12
162 13
162 14
162 15
162 16
162 17
162 75
162 76
162 77
162 78
162 79
162 80
162 92
162 144
162 145
163 1
163 2
163 3
163 4
163 5
163 6
163 7
163 8
163 9
163 10
163 11
163 12
163 13
163 14
163 15
163 16
163 17
163 75
163 76
163 77
163 78
163 79
163 80
163 92
163 144
163 145
164 1
164 2
164 3
164 4
164 5
164 6
164 7
164 8
164 9
164 10
164 11
164 12
164 13
164 14
164 15
164 16
164 17
164 75
164 76
164 77
164 78
164 79
164 80
164 92
164 144
164 145
164 163
165 1
165 2
165 3
165 4
165 5
165 6
165 7
165 8
165 9
165 10
165 11
165 12
165 13
165 14
165 15
165 16
165 17
165 75
165 76
165 77
165 78
165 79
165 80
165 92
165 144
165 145
166 1
166 2
166 3
166 4
166 5
166 6
166 7
166 8
166 9
166 10
166 11
166 12
166 13
166 14
166 15
166 16
166 17
166 75
166 76
166 77
166 78
166 79
166 80
166 92
166 144
166 145
167 1
167 2
167 3
167 4
167 5
167 6
167 7
167 8
167 9
167 10
167 11
167 12
167 13
167 14
167 15
167 16
167 17
167 75
167 76
167 77
167 78
167 79
167 80
167 92
167 144
167 145
167 166
168 1
168 2
168 3
168 4
168 5
168 6
168 7
168 8
168 9
168 10
168 11
168 12
168 13
168 14
168 15
168 16
168 17
168 75
168 76
168 77
168 78
168 79
168 80
168 92
168 144
168 145
169 1
169 2
169 3
169 17
169 18
169 19
169 20
169 21
169 22
169 23
169 24
169 25
169 26
169 27
169 28
169 29
169 30
169 31
169 32
169 48
169 81
169 90
169 156
170 1
170 2
170 3
170 4
170 5
170 6
170 7
170 8
170 9
170 10
170 11
170 12
170 13
170 14
170 15
170 16
170 17
170 75
170 76
170 77
170 78
170 79
170 80
170 92
170 144
170 145
171 1
171 2
171 3
171 4
171 5
171 6
171 7
171 8
171 9
171 10
171 11
171 12
171 13
171 14
171 15
171 16
171 17
171 75
171 76
171 77
171 78
171 79
171 80
171 92
171 144
171 145
172 1
172 2
172 3
172 4
172 5
172 6
172 7
172 8
172 9
172 10
172 11
172 12
172 13
172 14
172 15
172 16
172 17
172 75
172 76
172 77
172 78
172 79
172 80
172 92
172 144
172 145
172 171
173 1
173 2
173 3
173 4
173 5
173 6
173 7
173 8
173 9
173 10
173 11
173 12
173 13
173 14
173 15
173 16
173 17
173 75
173 76
173 77
173 78
173 79
173 80
173 92
173 144
173 145
174 1
174 2
174 3
174 4
174 5
174 6
174 7
174 8
174 9
174 10
174 11
174 12
174 13
174 14
174 15
174 16
174 17
174 75
174 76
174 77
174 78
174 79
174 80
174 92
174 144
174 145
174 173
175 1
175 2
175 3
175 4
175 5
175 6
175 7
175 8
175 9
175 10
175 11
175 12
175 13
175 14
175 15
175 16
175 17
175 75
175 76
175 77
175 78
175 79
175 80
175 92
175 144
175 145
175 173
176 1
176 2
176 3
176 4
176 5
176 6
176 7
176 8
176 9
176 10
176 11
176 12
176 13
176 14
176 15
176 16
176 17
176 75
176 76
176 77
176 78
176 79
176 80
176 92
176 144
176 145
178 1
178 2
178 3
178 17
178 18
178 19
178 20
178 21
178 22
178 23
178 24
178 25
178 26
178 27
178 28
178 29
178 30
178 31
178 32
178 36
178 48
178 81
178 90
178 156
179 1
179 2
179 3
179 17
179 18
179 19
179 20
179 21
179 22
179 23
179 24
179 25
179 26
179 27
179 28
179 29
179 30
179 31
179 32
179 48
179 49
179 50
179 51
179 81
179 90
179 156
184 1
184 2
184 3
184 17
184 18
184 19
184 20
184 21
184 22
184 23
184 24
184 25
184 26
184 27
184 28
184 29
184 30
184 31
184 32
184 48
184 49
184 50
184 81
184 90
184 156
184 179
185 1
185 2
185 3
185 17
185 18
185 19
185 20
185 21
185 22
185 23
185 24
185 25
185 26
185 27
185 28
185 29
185 30
185 31
185 32
185 48
185 49
185 50
185 81
185 90
185 156
185 179
185 184
186 1
186 2
186 3
186 17
186 18
186 19
186 20
186 21
186 22
186 23
186 24
186 25
186 26
186 27
186 28
186 29
186 30
186 31
186 32
186 48
186 49
186 50
186 81
186 90
186 156
186 179
186 184
186 185
187 1
187 2
187 3
187 17
187 18
187 19
187 20
187 21
187 22
187 23
187 24
187 25
187 26
187 27
187 28
187 29
187 30
187 31
187 32
187 48
187 49
187 50
187 81
187 90
187 156
187 179
187 184
187 185
187 186
188 1
188 2
188 3
188 17
188 18
188 19
188 20
188 21
188 22
188 23
188 24
188 25
188 26
188 27
188 28
188 29
188 30
188 31
188 32
188 48
188 49
188 50
188 81
188 90
188 156
188 179
188 185
188 186
188 187
189 1
189 2
189 3
189 4
189 5
189 6
189 7
189 8
189 9
189 10
189 11
189 12
189 13
189 14
189 15
189 16
189 17
189 75
189 76
189 77
189 78
189 79
189 80
189 92
189 144
189 145
190 1
190 2
190 3
190 4
190 5
190 6
190 7
190 8
190 9
190 10
190 11
190 12
190 13
190 14
190 15
190 16
190 17
190 75
190 76
190 77
190 78
190 79
190 80
190 92
190 144
190 145
190 189
191 1
191 2
191 3
191 4
191 5
191 6
191 7
191 8
191 9
191 10
191 11
191 12
191 13
191 14
191 15
191 16
191 17
191 75
191 76
191 77
191 78
191 79
191 80
191 92
191 144
191 145
191 190
192 1
192 2
192 3
192 4
192 5
192 6
192 7
192 8
192 9
192 10
192 11
192 12
192 13
192 14
192 15
192 16
192 17
192 75
192 76
192 77
192 78
192 79
192 80
192 92
192 144
192 145
192 190
192 191
193 1
193 2
193 3
193 4
193 5
193 6
193 7
193 8
193 9
193 10
193 11
193 12
193 13
193 14
193 15
193 16
193 17
193 75
193 76
193 77
193 78
193 79
193 80
193 92
193 144
193 145
193 190
193 192
194 1
194 2
194 3
194 4
194 5
194 6
194 7
194 8
194 9
194 10
194 11
194 12
194 13
194 14
194 15
194 16
194 17
194 75
194 76
194 77
194 78
194 79
194 80
194 92
194 144
194 145
194 190
194 192
194 193
195 1
195 2
195 3
195 4
195 5
195 6
195 7
195 8
195 9
195 10
195 11
195 12
195 13
195 14
195 15
195 16
195 17
195 75
195 76
195 77
195 78
195 79
195 80
195 92
195 144
195 145
195 190
195 192
195 194
196 1
196 2
196 3
196 4
196 5
196 6
196 7
196 8
196 9
196 10
196 11
196 12
196 13
196 14
196 15
196 16
196 17
196 75
196 76
196 77
196 78
196 79
196 80
196 92
196 144
196 145
196 190
196 192
196 194
196 195
197 1
197 2
197 3
197 4
197 5
197 6
197 7
197 8
197 9
197 10
197 11
197 12
197 13
197 14
197 15
197 16
197 17
197 75
197 76
197 77
197 78
197 79
197 80
197 92
197 144
197 145
197 190
197 192
197 194
197 195
198 1
198 2
198 3
198 4
198 5
198 6
198 7
198 8
198 9
198 10
198 11
198 12
198 13
198 14
198 15
198 16
198 17
198 75
198 76
198 77
198 78
198 79
198 80
198 92
198 144
198 145
198 190
198 194
198 195
199 1
199 2
199 3
199 4
199 5
199 6
199 7
199 8
199 9
199 10
199 11
199 12
199 13
199 14
199 15
199 16
199 17
199 75
199 76
199 77
199 78
199 79
199 80
199 92
199 144
199 145
199 190
199 194
199 195
200 1
200 2
200 3
200 4
200 5
200 6
200 7
200 8
200 9
200 10
200 11
200 12
200 13
200 14
200 15
200 16
200 17
200 75
200 76
200 77
200 78
200 79
200 80
200 92
200 144
200 145
200 190
200 194
200 195
200 199
201 1
201 2
201 3
201 4
201 5
201 6
201 7
201 8
201 9
201 10
201 11
201 12
201 13
201 14
201 15
201 16
201 17
201 75
201 76
201 77
201 78
201 79
201 80
201 92
201 144
201 145
201 194
201 195
201 199
202 1
202 2
202 3
202 4
202 5
202 6
202 7
202 8
202 9
202 10
202 11
202 12
202 13
202 14
202 15
202 16
202 17
202 75
202 76
202 77
202 78
202 79
202 80
202 92
202 144
202 145
202 194
202 195
202 199
203 1
203 2
203 3
203 17
203 18
203 19
203 20
203 21
203 22
203 23
203 24
203 25
203 26
203 27
203 28
203 29
203 30
203 31
203 32
203 48
203 49
203 50
203 81
203 90
203 156
203 179
203 187
203 188
204 1
204 2
204 3
204 4
204 5
204 6
204 7
204 8
204 9
204 10
204 11
204 12
204 13
204 14
204 15
204 16
204 17
204 75
204 76
204 77
204 78
204 79
204 80
204 92
204 144
204 145
204 194
204 195
204 199
204 202
205 1
205 2
205 3
205 17
205 18
205 19
205 20
205 21
205 22
205 23
205 24
205 25
205 26
205 27
205 28
205 29
205 30
205 31
205 32
205 48
205 49
205 50
205 81
205 90
205 156
205 179
205 187
205 188
206 1
206 2
206 3
206 4
206 5
206 6
206 7
206 8
206 9
206 10
206 11
206 12
206 13
206 14
206 15
206 16
206 17
206 75
206 76
206 77
206 78
206 79
206 80
206 92
206 144
206 145
206 194
206 195
206 199
207 1
207 2
207 3
207 4
207 5
207 6
207 7
207 8
207 9
207 10
207 11
207 12
207 13
207 14
207 15
207 16
207 17
207 75
207 76
207 77
207 78
207 79
207 80
207 92
207 144
207 145
207 195
207 199
208 1
208 2
208 3
208 17
208 18
208 19
208 20
208 21
208 22
208 23
208 24
208 25
208 26
208 27
208 28
208 29
208 30
208 31
208 32
208 48
208 49
208 50
208 81
208 90
208 156
208 179
208 187
208 188
211 1
211 2
211 3
211 17
211 18
211 19
211 20
211 21
211 22
211 23
211 24
211 25
211 26
211 27
211 28
211 29
211 30
211 31
211 32
211 48
211 49
211 50
211 81
211 90
211 156
211 179
213 1
213 2
213 3
213 17
213 18
213 19
213 20
213 21
213 22
213 23
213 24
213 25
213 26
213 27
213 28
213 29
213 30
213 31
213 32
213 48
213 49
213 50
213 81
213 90
213 156
213 179
213 187
213 188
214 1
214 2
214 3
214 17
214 18
214 19
214 20
214 21
214 22
214 23
214 24
214 25
214 26
214 27
214 28
214 29
214 30
214 31
214 32
214 48
214 49
214 50
214 81
214 90
214 156
214 179
214 187
214 188
214 213
215 1
215 2
215 3
215 17
215 18
215 19
215 20
215 21
215 22
215 23
215 24
215 25
215 26
215 27
215 28
215 29
215 30
215 31
215 32
215 48
215 49
215 50
215 81
215 90
215 156
215 179
215 187
215 188
216 1
216 2
216 3
216 17
216 18
216 19
216 20
216 21
216 22
216 23
216 24
216 25
216 26
216 27
216 28
216 29
216 30
216 31
216 32
216 48
216 49
216 50
216 81
216 90
216 156
216 179
216 187
216 215
217 1
217 2
217 3
217 17
217 18
217 19
217 20
217 21
217 22
217 23
217 24
217 25
217 26
217 27
217 28
217 29
217 30
217 31
217 32
217 48
217 49
217 50
217 81
217 90
217 156
217 179
217 187
218 1
218 2
218 3
218 17
218 18
218 19
218 20
218 21
218 22
218 23
218 24
218 25
218 26
218 27
218 28
218 29
218 30
218 31
218 32
218 48
218 49
218 50
218 51
218 81
218 90
218 156
218 179
218 187
219 1
219 2
219 3
219 17
219 18
219 19
219 20
219 21
219 22
219 23
219 24
219 25
219 26
219 27
219 28
219 29
219 30
219 31
219 32
219 48
219 49
219 50
219 81
219 90
219 156
219 179
219 187
219 218
220 1
220 2
220 3
220 17
220 18
220 19
220 20
220 21
220 22
220 23
220 24
220 25
220 26
220 27
220 28
220 29
220 30
220 31
220 32
220 48
220 49
220 50
220 81
220 90
220 156
220 179
220 187
220 218
220 219
221 1
221 2
221 3
221 17
221 18
221 19
221 20
221 21
221 22
221 23
221 24
221 25
221 26
221 27
221 28
221 29
221 30
221 31
221 32
221 48
221 49
221 50
221 81
221 90
221 156
221 179
221 187
221 218
221 219
221 220
222 1
222 2
222 3
222 17
222 18
222 19
222 20
222 21
222 22
222 23
222 24
222 25
222 26
222 27
222 28
222 29
222 30
222 31
222 32
222 48
222 49
222 50
222 51
222 81
222 90
222 156
222 179
222 187
222 218
222 220
222 221
223 1
223 2
223 3
223 17
223 18
223 19
223 20
223 21
223 22
223 23
223 24
223 25
223 26
223 27
223 28
223 29
223 30
223 31
223 32
223 48
223 49
223 50
223 51
223 81
223 90
223 156
223 179
223 187
223 218
223 221
223 222
224 1
224 2
224 3
224 17
224 18
224 19
224 20
224 21
224 22
224 23
224 24
224 25
224 26
224 27
224 28
224 29
224 30
224 31
224 32
224 48
224 49
224 50
224 51
224 81
224 90
224 156
224 179
224 218
224 222
224 223
228 1
228 2
228 3
228 17
228 18
228 19
228 20
228 21
228 22
228 23
228 24
228 25
228 26
228 27
228 28
228 29
228 30
228 31
228 32
228 48
228 49
228 50
228 51
228 81
228 90
228 156
228 179
228 218
228 222
228 223
228 224
229 1
229 2
229 3
229 17
229 18
229 19
229 20
229 21
229 22
229 23
229 24
229 25
229 26
229 27
229 28
229 29
229 30
229 31
229 32
229 36
229 48
229 81
229 90
229 156
230 1
230 2
230 3
230 4
230 5
230 6
230 7
230 8
230 9
230 10
230 11
230 12
230 13
230 14
230 15
230 16
230 17
230 75
230 76
230 77
230 78
230 79
230 80
230 92
230 144
230 145
231 1
231 2
231 3
231 17
231 18
231 19
231 20
231 21
231 22
231 23
231 24
231 25
231 26
231 27
231 28
231 29
231 30
231 31
231 32
231 48
231 81
231 90
231 156
232 1
232 2
232 3
232 4
232 5
232 6
232 7
232 8
232 9
232 10
232 11
232 12
232 13
232 14
232 15
232 16
232 17
232 75
232 76
232 77
232 78
232 79
232 80
232 92
232 144
232 145
232 230
233 1
233 2
233 3
233 4
233 5
233 6
233 7
233 8
233 9
233 10
233 11
233 12
233 13
233 14
233 15
233 16
233 17
233 75
233 76
233 77
233 78
233 79
233 80
233 92
233 144
233 145
234 1
234 2
234 3
234 4
234 5
234 6
234 7
234 8
234 9
234 10
234 11
234 12
234 13
234 14
234 15
234 16
234 17
234 75
234 76
234 77
234 78
234 79
234 80
234 92
234 144
234 145
234 233
235 1
235 2
235 3
235 4
235 5
235 6
235 7
235 8
235 9
235 10
235 11
235 12
235 13
235 14
235 15
235 16
235 17
235 75
235 76
235 77
235 78
235 79
235 80
235 92
235 144
235 145
236 1
236 2
236 3
236 11
236 12
236 17
236 18
236 19
236 20
236 21
236 22
236 23
236 24
236 25
236 26
236 27
236 28
236 29
236 30
236 31
236 32
236 48
236 81
236 90
236 156
238 1
238 2
238 3
238 11
238 12
238 13
238 14
238 17
238 18
238 19
238 20
238 21
238 22
238 23
238 24
238 25
238 26
238 27
238 28
238 29
238 30
238 31
238 32
238 48
238 81
238 90
238 156
239 1
239 2
239 3
239 11
239 12
239 13
239 14
239 17
239 18
239 19
239 20
239 21
239 22
239 23
239 24
239 25
239 26
239 27
239 28
239 29
239 30
239 31
239 32
239 48
239 81
239 90
239 156
240 1
240 2
240 3
240 11
240 12
240 13
240 14
240 17
240 18
240 19
240 20
240 21
240 22
240 23
240 24
240 25
240 26
240 27
240 28
240 29
240 30
240 31
240 32
240 48
240 81
240 90
240 156
241 1
241 2
241 3
241 4
241 5
241 6
241 7
241 8
241 9
241 10
241 11
241 12
241 13
241 14
241 15
241 16
241 17
241 75
241 76
241 77
241 78
241 79
241 80
241 92
241 144
241 145
242 1
242 2
242 3
242 4
242 5
242 6
242 7
242 8
242 9
242 10
242 11
242 12
242 13
242 14
242 15
242 16
242 17
242 75
242 76
242 77
242 78
242 79
242 80
242 92
242 144
242 145
242 241
243 1
243 2
243 3
243 4
243 5
243 6
243 7
243 8
243 9
243 10
243 11
243 12
243 13
243 14
243 15
243 16
243 17
243 75
243 76
243 77
243 78
243 79
243 80
243 92
243 144
243 145
244 1
244 2
244 3
244 17
244 18
244 19
244 20
244 21
244 22
244 23
244 24
244 25
244 26
244 27
244 28
244 29
244 30
244 31
244 32
244 48
244 81
244 90
244 156
245 1
245 2
245 3
245 17
245 18
245 19
245 20
245 21
245 22
245 23
245 24
245 25
245 26
245 27
245 28
245 29
245 30
245 31
245 32
245 48
245 81
245 90
245 156
245 244
246 1
246 2
246 3
246 4
246 5
246 6
246 7
246 8
246 9
246 10
246 11
246 12
246 13
246 14
246 15
246 16
246 17
246 75
246 76
246 77
246 78
246 79
246 92
246 144
246 145
247 1
247 2
247 3
247 4
247 5
247 6
247 7
247 8
247 9
247 10
247 11
247 12
247 13
247 14
247 15
247 16
247 17
247 75
247 76
247 77
247 78
247 79
247 92
247 144
247 145
247 246
248 1
248 2
248 3
248 17
248 18
248 19
248 20
248 21
248 22
248 23
248 24
248 25
248 26
248 27
248 28
248 29
248 30
248 31
248 32
248 48
248 54
248 81
248 90
248 156
250 1
250 2
250 3
250 17
250 18
250 19
250 20
250 21
250 22
250 23
250 24
250 25
250 26
250 27
250 28
250 29
250 30
250 31
250 32
250 48
250 54
250 81
250 90
250 156
250 248
252 1
252 2
252 3
252 17
252 18
252 19
252 20
252 21
252 22
252 23
252 24
252 25
252 26
252 27
252 28
252 29
252 30
252 31
252 32
252 48
252 54
252 81
252 90
252 156
252 248
252 250
253 1
253 2
253 3
253 4
253 5
253 6
253 7
253 8
253 9
253 10
253 11
253 12
253 13
253 14
253 15
253 16
253 17
253 75
253 76
253 77
253 78
253 79
253 92
253 144
253 145
253 246
253 247
254 1
254 2
254 3
254 4
254 5
254 6
254 7
254 8
254 9
254 10
254 11
254 12
254 13
254 14
254 15
254 16
254 17
254 75
254 76
254 77
254 78
254 79
254 92
254 144
254 145
254 246
254 247
254 253
255 1
255 2
255 3
255 4
255 5
255 6
255 7
255 8
255 9
255 10
255 11
255 12
255 13
255 14
255 15
255 16
255 17
255 75
255 76
255 77
255 78
255 79
255 92
255 144
255 145
255 246
255 247
255 253
255 254
256 1
256 2
256 3
256 4
256 5
256 6
256 7
256 8
256 9
256 10
256 11
256 12
256 13
256 14
256 15
256 16
256 17
256 75
256 76
256 77
256 78
256 79
256 92
256 144
256 145
256 246
256 247
256 253
257 1
257 2
257 3
257 4
257 5
257 6
257 7
257 8
257 9
257 10
257 11
257 12
257 13
257 14
257 15
257 16
257 17
257 75
257 76
257 77
257 78
257 79
257 92
257 144
257 145
257 246
257 247
257 253
258 1
258 2
258 3
258 4
258 5
258 6
258 7
258 8
258 9
258 10
258 11
258 12
258 13
258 14
258 15
258 16
258 17
258 75
258 76
258 77
258 78
258 79
258 92
258 144
258 145
258 246
258 247
258 253
258 257
259 1
259 2
259 3
259 4
259 5
259 6
259 7
259 8
259 9
259 10
259 11
259 12
259 13
259 14
259 15
259 16
259 17
259 75
259 76
259 77
259 78
259 79
259 92
259 144
259 145
259 246
259 247
259 253
260 1
260 2
260 3
260 4
260 5
260 6
260 7
260 8
260 9
260 10
260 11
260 12
260 13
260 14
260 15
260 16
260 17
260 75
260 76
260 77
260 78
260 79
260 92
260 144
260 145
260 246
260 247
260 253
260 259
261 1
261 2
261 3
261 4
261 5
261 6
261 7
261 8
261 9
261 10
261 11
261 12
261 13
261 14
261 15
261 16
261 17
261 75
261 76
261 77
261 78
261 79
261 92
261 144
261 145
261 246
261 247
261 259
262 1
262 2
262 3
262 4
262 5
262 6
262 7
262 8
262 9
262 10
262 11
262 12
262 13
262 14
262 15
262 16
262 17
262 75
262 76
262 77
262 78
262 79
262 92
262 144
262 145
262 246
262 247
262 259
263 1
263 2
263 3
263 4
263 5
263 6
263 7
263 8
263 9
263 10
263 11
263 12
263 13
263 14
263 15
263 16
263 17
263 75
263 76
263 77
263 78
263 79
263 92
263 144
263 145
263 246
263 247
264 1
264 2
264 3
264 4
264 5
264 6
264 7
264 8
264 9
264 10
264 11
264 12
264 13
264 14
264 15
264 16
264 17
264 75
264 76
264 77
264 78
264 79
264 92
264 144
264 145
264 246
264 247
264 263
265 1
265 2
265 3
265 4
265 5
265 6
265 7
265 8
265 9
265 10
265 11
265 12
265 13
265 14
265 15
265 16
265 17
265 75
265 76
265 77
265 78
265 79
265 92
265 144
265 145
265 246
265 247
265 263
266 1
266 2
266 3
266 4
266 5
266 6
266 7
266 8
266 9
266 10
266 11
266 12
266 13
266 14
266 15
266 16
266 17
266 75
266 76
266 77
266 78
266 79
266 92
266 144
266 145
266 246
266 247
266 263
267 1
267 2
267 3
267 4
267 5
267 6
267 7
267 8
267 9
267 10
267 11
267 12
267 13
267 14
267 15
267 16
267 17
267 75
267 76
267 77
267 78
267 79
267 92
267 144
267 145
267 246
267 247
268 1
268 2
268 3
268 4
268 5
268 6
268 7
268 8
268 9
268 10
268 11
268 12
268 13
268 14
268 15
268 16
268 17
268 75
268 76
268 77
268 78
268 79
268 92
268 144
268 145
268 246
268 247
270 1
270 2
270 3
270 17
270 18
270 19
270 20
270 21
270 22
270 23
270 24
270 25
270 26
270 27
270 28
270 29
270 30
270 31
270 32
270 48
270 54
270 81
270 90
270 156
270 248
270 250
271 1
271 2
271 3
271 17
271 18
271 19
271 20
271 21
271 22
271 23
271 24
271 25
271 26
271 27
271 28
271 29
271 30
271 31
271 32
271 48
271 81
271 90
271 156
272 1
272 2
272 3
272 17
272 18
272 19
272 20
272 21
272 22
272 23
272 24
272 25
272 26
272 27
272 28
272 29
272 30
272 31
272 32
272 48
272 81
272 90
272 156
273 1
273 2
273 3
273 17
273 18
273 19
273 20
273 21
273 22
273 23
273 24
273 25
273 26
273 27
273 28
273 29
273 30
273 31
273 32
273 48
273 56
273 81
273 90
273 156
274 1
274 2
274 3
274 17
274 18
274 19
274 20
274 21
274 22
274 23
274 24
274 25
274 26
274 27
274 28
274 29
274 30
274 31
274 32
274 48
274 81
274 90
274 156
274 273
276 1
276 2
276 3
276 17
276 18
276 19
276 20
276 21
276 22
276 23
276 24
276 25
276 26
276 27
276 28
276 29
276 30
276 31
276 32
276 48
276 55
276 56
276 81
276 90
276 156
276 273
277 1
277 2
277 3
277 17
277 18
277 19
277 20
277 21
277 22
277 23
277 24
277 25
277 26
277 27
277 28
277 29
277 30
277 31
277 32
277 48
277 56
277 81
277 90
277 156
277 276
278 1
278 2
278 3
278 17
278 18
278 19
278 20
278 21
278 22
278 23
278 24
278 25
278 26
278 27
278 28
278 29
278 30
278 31
278 32
278 48
278 56
278 81
278 90
278 156
278 276
279 1
279 2
279 3
279 17
279 18
279 19
279 20
279 21
279 22
279 23
279 24
279 25
279 26
279 27
279 28
279 29
279 30
279 31
279 32
279 48
279 56
279 81
279 90
279 156
279 276
279 278
280 1
280 2
280 3
280 17
280 18
280 19
280 20
280 21
280 22
280 23
280 24
280 25
280 26
280 27
280 28
280 29
280 30
280 31
280 32
280 48
280 55
280 56
280 81
280 90
280 156
280 276
280 278
280 279
283 1
283 2
283 3
283 17
283 18
283 19
283 20
283 21
283 22
283 23
283 24
283 25
283 26
283 27
283 28
283 29
283 30
283 31
283 32
283 48
283 56
283 81
283 90
283 156
283 276
283 280
284 1
284 2
284 3
284 17
284 18
284 19
284 20
284 21
284 22
284 23
284 24
284 25
284 26
284 27
284 28
284 29
284 30
284 31
284 32
284 48
284 56
284 81
284 90
284 156
284 276
284 280
284 283
285 1
285 2
285 3
285 17
285 18
285 19
285 20
285 21
285 22
285 23
285 24
285 25
285 26
285 27
285 28
285 29
285 30
285 31
285 32
285 48
285 56
285 81
285 90
285 156
285 276
285 280
285 283
285 284
286 1
286 2
286 3
286 17
286 18
286 19
286 20
286 21
286 22
286 23
286 24
286 25
286 26
286 27
286 28
286 29
286 30
286 31
286 32
286 48
286 55
286 56
286 81
286 90
286 156
286 276
286 280
286 283
286 284
286 285
287 1
287 2
287 3
287 17
287 18
287 19
287 20
287 21
287 22
287 23
287 24
287 25
287 26
287 27
287 28
287 29
287 30
287 31
287 32
287 48
287 55
287 56
287 81
287 90
287 156
287 276
287 280
287 284
287 285
287 286
288 1
288 2
288 3
288 17
288 18
288 19
288 20
288 21
288 22
288 23
288 24
288 25
288 26
288 27
288 28
288 29
288 30
288 31
288 32
288 48
288 56
288 81
288 90
288 156
288 276
288 280
288 286
288 287
289 1
289 2
289 3
289 17
289 18
289 19
289 20
289 21
289 22
289 23
289 24
289 25
289 26
289 27
289 28
289 29
289 30
289 31
289 32
289 48
289 56
289 81
289 90
289 156
289 276
289 280
289 286
289 287
289 288
290 1
290 2
290 3
290 17
290 18
290 19
290 20
290 21
290 22
290 23
290 24
290 25
290 26
290 27
290 28
290 29
290 30
290 31
290 32
290 48
290 56
290 81
290 90
290 156
290 276
290 280
291 1
291 2
291 3
291 17
291 18
291 19
291 20
291 21
291 22
291 23
291 24
291 25
291 26
291 27
291 28
291 29
291 30
291 31
291 32
291 48
291 56
291 81
291 90
291 156
291 276
291 280
292 1
292 2
292 3
292 17
292 18
292 19
292 20
292 21
292 22
292 23
292 24
292 25
292 26
292 27
292 28
292 29
292 30
292 31
292 32
292 48
292 56
292 81
292 90
292 156
292 276
292 280
293 1
293 2
293 3
293 17
293 18
293 19
293 20
293 21
293 22
293 23
293 24
293 25
293 26
293 27
293 28
293 29
293 30
293 31
293 32
293 48
293 56
293 81
293 90
293 156
293 276
293 280
294 1
294 2
294 3
294 17
294 18
294 19
294 20
294 21
294 22
294 23
294 24
294 25
294 26
294 27
294 28
294 29
294 30
294 31
294 32
294 48
294 56
294 81
294 90
294 156
294 276
294 280
294 293
295 1
295 2
295 3
295 17
295 18
295 19
295 20
295 21
295 22
295 23
295 24
295 25
295 26
295 27
295 28
295 29
295 30
295 31
295 32
295 48
295 56
295 81
295 90
295 156
295 276
295 280
296 1
296 2
296 3
296 17
296 18
296 19
296 20
296 21
296 22
296 23
296 24
296 25
296 26
296 27
296 28
296 29
296 30
296 31
296 32
296 48
296 56
296 81
296 90
296 156
296 276
296 280
296 286
296 287
296 288
297 1
297 2
297 3
297 17
297 18
297 19
297 20
297 21
297 22
297 23
297 24
297 25
297 26
297 27
297 28
297 29
297 30
297 31
297 32
297 48
297 56
297 81
297 90
297 156
297 276
297 280
297 286
297 287
297 288
297 296
298 1
298 2
298 3
298 17
298 18
298 19
298 20
298 21
298 22
298 23
298 24
298 25
298 26
298 27
298 28
298 29
298 30
298 31
298 32
298 48
298 56
298 81
298 90
298 156
298 276
298 280
298 286
298 287
298 288
299 1
299 2
299 3
299 17
299 18
299 19
299 20
299 21
299 22
299 23
299 24
299 25
299 26
299 27
299 28
299 29
299 30
299 31
299 32
299 48
299 56
299 81
299 90
299 156
299 276
299 280
299 286
299 287
299 298
300 1
300 2
300 3
300 17
300 18
300 19
300 20
300 21
300 22
300 23
300 24
300 25
300 26
300 27
300 28
300 29
300 30
300 31
300 32
300 48
300 56
300 81
300 90
300 156
300 276
300 280
300 286
300 287
301 1
301 2
301 3
301 17
301 18
301 19
301 20
301 21
301 22
301 23
301 24
301 25
301 26
301 27
301 28
301 29
301 30
301 31
301 32
301 48
301 55
301 56
301 81
301 90
301 156
301 276
301 280
301 286
301 287
302 1
302 2
302 3
302 17
302 18
302 19
302 20
302 21
302 22
302 23
302 24
302 25
302 26
302 27
302 28
302 29
302 30
302 31
302 32
302 48
302 55
302 56
302 81
302 90
302 156
302 276
302 280
302 286
302 287
302 301
304 1
304 2
304 3
304 17
304 18
304 19
304 20
304 21
304 22
304 23
304 24
304 25
304 26
304 27
304 28
304 29
304 30
304 31
304 32
304 48
304 55
304 56
304 81
304 90
304 156
304 276
304 280
304 286
304 287
304 301
306 1
306 2
306 3
306 4
306 5
306 6
306 7
306 8
306 9
306 10
306 11
306 12
306 13
306 14
306 15
306 16
306 17
306 75
306 76
306 77
306 78
306 79
306 92
306 145
307 1
307 2
307 3
307 17
307 18
307 19
307 20
307 21
307 22
307 23
307 24
307 25
307 26
307 27
307 28
307 29
307 30
307 31
307 32
307 48
307 55
307 56
307 81
307 90
307 156
307 276
307 280
307 286
307 287
307 301
307 304
308 1
308 2
308 3
308 17
308 18
308 19
308 20
308 21
308 22
308 23
308 24
308 25
308 26
308 27
308 28
308 29
308 30
308 31
308 32
308 48
308 55
308 56
308 81
308 90
308 156
308 276
308 280
308 286
308 287
308 301
308 304
310 1
310 2
310 3
310 17
310 18
310 19
310 20
310 21
310 22
310 23
310 24
310 25
310 26
310 27
310 28
310 29
310 30
310 31
310 32
310 48
310 55
310 56
310 81
310 90
310 156
310 276
310 280
310 286
310 287
310 301
310 304
311 1
311 2
311 3
311 4
311 5
311 6
311 7
311 8
311 9
311 10
311 11
311 12
311 13
311 14
311 15
311 16
311 17
311 75
311 76
311 77
311 78
311 79
311 92
311 145
313 1
313 2
313 3
313 4
313 5
313 6
313 7
313 8
313 9
313 10
313 11
313 12
313 13
313 14
313 15
313 16
313 17
313 75
313 76
313 77
313 78
313 79
313 92
313 145
314 1
314 2
314 3
314 4
314 5
314 6
314 7
314 8
314 9
314 10
314 11
314 12
314 13
314 14
314 15
314 16
314 17
314 75
314 76
314 77
314 78
314 79
314 92
314 145
314 313
315 1
315 2
315 3
315 17
315 18
315 19
315 20
315 21
315 22
315 23
315 24
315 25
315 26
315 27
315 28
315 29
315 30
315 31
315 32
315 48
315 56
315 81
315 90
315 156
316 1
316 2
316 3
316 17
316 18
316 19
316 20
316 21
316 22
316 23
316 24
316 25
316 26
316 27
316 28
316 29
316 30
316 31
316 32
316 48
316 56
316 81
316 90
316 156
317 1
317 2
317 3
317 4
317 5
317 6
317 7
317 8
317 9
317 10
317 11
317 12
317 13
317 14
317 15
317 16
317 17
317 75
317 76
317 77
317 78
317 79
317 92
317 145
317 313
317 314
318 1
318 2
318 3
318 4
318 5
318 6
318 7
318 8
318 9
318 10
318 11
318 12
318 13
318 14
318 15
318 16
318 17
318 75
318 76
318 77
318 78
318 79
318 92
318 145
318 313
319 1
319 2
319 3
319 4
319 5
319 6
319 7
319 8
319 9
319 10
319 11
319 12
319 13
319 14
319 15
319 16
319 17
319 75
319 76
319 77
319 78
319 79
319 92
319 145
320 1
320 2
320 3
320 4
320 5
320 6
320 7
320 8
320 9
320 10
320 11
320 12
320 13
320 14
320 15
320 16
320 17
320 75
320 76
320 77
320 78
320 79
320 92
320 145
321 1
321 2
321 3
321 4
321 5
321 6
321 7
321 8
321 9
321 10
321 11
321 12
321 13
321 14
321 15
321 16
321 17
321 75
321 76
321 77
321 78
321 79
321 92
321 145
322 1
322 2
322 3
322 4
322 5
322 6
322 7
322 8
322 9
322 10
322 11
322 12
322 13
322 14
322 15
322 16
322 17
322 75
322 76
322 77
322 78
322 79
322 92
322 145
322 321
323 1
323 2
323 3
323 4
323 5
323 6
323 7
323 8
323 9
323 10
323 11
323 12
323 13
323 14
323 15
323 16
323 17
323 75
323 76
323 77
323 78
323 79
323 92
323 145
324 1
324 2
324 3
324 4
324 5
324 6
324 7
324 8
324 9
324 10
324 11
324 12
324 13
324 14
324 15
324 16
324 17
324 75
324 76
324 77
324 78
324 79
324 92
324 145
325 1
325 2
325 3
325 4
325 5
325 6
325 7
325 8
325 9
325 10
325 11
325 12
325 13
325 14
325 15
325 16
325 17
325 75
325 76
325 77
325 78
325 79
325 92
325 145
326 1
326 2
326 3
326 4
326 5
326 6
326 7
326 8
326 9
326 10
326 11
326 12
326 13
326 14
326 15
326 16
326 17
326 75
326 76
326 77
326 78
326 79
326 92
326 145
327 1
327 2
327 3
327 12
327 13
327 17
327 18
327 19
327 20
327 21
327 22
327 23
327 24
327 25
327 26
327 27
327 28
327 29
327 30
327 31
327 32
327 48
327 56
327 81
327 90
327 156
328 1
328 2
328 3
328 4
328 5
328 6
328 7
328 8
328 9
328 10
328 11
328 12
328 13
328 14
328 15
328 16
328 17
328 75
328 76
328 77
328 78
328 79
328 92
328 145
328 326
329 1
329 2
329 3
329 12
329 13
329 17
329 18
329 19
329 20
329 21
329 22
329 23
329 24
329 25
329 26
329 27
329 28
329 29
329 30
329 31
329 32
329 48
329 56
329 81
329 90
329 156
330 1
330 2
330 3
330 12
330 13
330 17
330 18
330 19
330 20
330 21
330 22
330 23
330 24
330 25
330 26
330 27
330 28
330 29
330 30
330 31
330 32
330 48
330 56
330 81
330 90
330 156
330 329
331 1
331 2
331 3
331 12
331 13
331 17
331 18
331 19
331 20
331 21
331 22
331 23
331 24
331 25
331 26
331 27
331 28
331 29
331 30
331 31
331 32
331 48
331 56
331 81
331 90
331 156
331 329
331 330
332 1
332 2
332 3
332 11
332 12
332 13
332 17
332 18
332 19
332 20
332 21
332 22
332 23
332 24
332 25
332 26
332 27
332 28
332 29
332 30
332 31
332 32
332 48
332 56
332 81
332 90
332 156
332 329
332 330
332 331
333 1
333 2
333 3
333 4
333 5
333 6
333 7
333 8
333 9
333 10
333 11
333 12
333 13
333 14
333 15
333 16
333 17
333 75
333 76
333 77
333 78
333 79
333 92
333 145
334 1
334 2
334 3
334 4
334 5
334 6
334 7
334 8
334 9
334 10
334 11
334 12
334 13
334 14
334 15
334 16
334 17
334 75
334 76
334 77
334 78
334 79
334 92
334 145
334 333
335 1
335 2
335 3
335 4
335 5
335 6
335 7
335 8
335 9
335 10
335 11
335 12
335 13
335 14
335 15
335 16
335 17
335 75
335 76
335 77
335 78
335 79
335 92
335 145
336 1
336 2
336 3
336 17
336 18
336 19
336 20
336 21
336 22
336 23
336 24
336 25
336 26
336 27
336 28
336 29
336 30
336 31
336 32
336 48
336 56
336 81
336 90
336 156
337 1
337 2
337 3
337 17
337 18
337 19
337 20
337 21
337 22
337 23
337 24
337 25
337 26
337 27
337 28
337 29
337 30
337 31
337 32
337 48
337 56
337 81
337 90
337 156
337 336
338 1
338 2
338 3
338 4
338 5
338 6
338 7
338 8
338 9
338 10
338 11
338 12
338 13
338 14
338 15
338 16
338 17
338 75
338 76
338 77
338 78
338 79
338 92
338 145
339 1
339 2
339 3
339 4
339 5
339 6
339 7
339 8
339 9
339 10
339 11
339 12
339 13
339 14
339 15
339 16
339 17
339 75
339 76
339 77
339 78
339 79
339 92
339 145
340 1
340 2
340 3
340 4
340 5
340 6
340 7
340 8
340 9
340 10
340 11
340 12
340 13
340 14
340 15
340 16
340 17
340 75
340 76
340 77
340 78
340 79
340 92
340 145
340 339
341 1
341 2
341 3
341 4
341 5
341 6
341 7
341 8
341 9
341 10
341 11
341 12
341 13
341 14
341 15
341 16
341 17
341 75
341 76
341 77
341 78
341 79
341 92
341 145
342 1
342 2
342 3
342 4
342 5
342 6
342 7
342 8
342 9
342 10
342 11
342 12
342 13
342 14
342 15
342 16
342 17
342 75
342 76
342 77
342 78
342 79
342 92
343 1
343 2
343 3
343 4
343 5
343 6
343 7
343 8
343 9
343 10
343 11
343 12
343 13
343 14
343 15
343 16
343 17
343 75
343 76
343 77
343 78
343 79
343 92
343 342
344 1
344 2
344 3
344 4
344 5
344 6
344 7
344 8
344 9
344 10
344 11
344 12
344 13
344 14
344 15
344 16
344 17
344 75
344 76
344 77
344 78
344 79
344 92
345 1
345 2
345 3
345 17
345 18
345 19
345 20
345 21
345 22
345 23
345 24
345 25
345 26
345 27
345 28
345 29
345 30
345 31
345 32
345 48
345 56
345 81
345 90
345 156
346 1
346 2
346 3
346 4
346 5
346 6
346 7
346 8
346 9
346 10
346 11
346 12
346 13
346 14
346 15
346 16
346 17
346 75
346 76
346 77
346 78
346 79
346 92
346 344
347 1
347 2
347 3
347 4
347 5
347 6
347 7
347 8
347 9
347 10
347 11
347 12
347 13
347 14
347 15
347 16
347 17
347 75
347 76
347 77
347 78
347 79
347 92
348 1
348 2
348 3
348 17
348 18
348 19
348 20
348 21
348 22
348 23
348 24
348 25
348 26
348 27
348 28
348 29
348 30
348 31
348 32
348 48
348 56
348 81
348 90
348 156
349 1
349 2
349 3
349 17
349 18
349 19
349 20
349 21
349 22
349 23
349 24
349 25
349 26
349 27
349 28
349 29
349 30
349 31
349 32
349 48
349 56
349 81
349 90
349 156
350 1
350 2
350 3
350 17
350 18
350 19
350 20
350 21
350 22
350 23
350 24
350 25
350 26
350 27
350 28
350 29
350 30
350 31
350 32
350 48
350 56
350 81
350 90
350 156
351 1
351 2
351 3
351 17
351 18
351 19
351 20
351 21
351 22
351 23
351 24
351 25
351 26
351 27
351 28
351 29
351 30
351 31
351 32
351 48
351 56
351 81
351 90
351 156
352 1
352 2
352 3
352 17
352 18
352 19
352 20
352 21
352 22
352 23
352 24
352 25
352 26
352 27
352 28
352 29
352 30
352 31
352 32
352 48
352 81
352 90
352 156
353 1
353 2
353 3
353 17
353 18
353 19
353 20
353 21
353 22
353 23
353 24
353 25
353 26
353 27
353 28
353 29
353 30
353 31
353 32
353 48
353 81
353 90
353 156
355 1
355 2
355 3
355 17
355 18
355 19
355 20
355 21
355 22
355 23
355 24
355 25
355 26
355 27
355 28
355 29
355 30
355 31
355 32
355 37
355 48
355 81
355 90
355 156
356 1
356 2
356 17
356 18
356 19
356 20
356 21
356 22
356 23
356 24
356 25
356 26
356 27
356 28
356 29
356 30
356 31
356 32
356 37
356 81
357 1
357 2
357 17
357 18
357 19
357 20
357 21
357 22
357 23
357 24
357 25
357 26
357 27
357 28
357 29
357 30
357 31
357 32
357 37
357 44
357 356
358 1
358 2
358 17
358 18
358 19
358 20
358 21
358 22
358 23
358 24
358 25
358 26
358 27
358 28
358 29
358 30
358 31
358 32
358 37
358 356
358 357
359 1
359 2
359 17
359 18
359 19
359 20
359 21
359 22
359 23
359 24
359 25
359 26
359 27
359 28
359 29
359 30
359 31
359 32
359 37
359 43
360 1
360 2
360 3
360 4
360 5
360 6
360 7
360 8
360 9
360 10
360 11
360 12
360 13
360 14
360 15
360 16
360 17
360 22
360 23
360 24
360 25
360 26
360 75
360 76
360 77
360 78
360 79
361 1
361 2
361 3
361 4
361 5
361 6
361 7
361 8
361 9
361 10
361 11
361 12
361 13
361 14
361 15
361 16
361 17
361 21
361 22
361 23
361 24
361 25
361 26
361 75
361 76
361 77
361 78
361 79
361 360
362 1
362 2
362 3
362 4
362 5
362 6
362 7
362 8
362 9
362 10
362 11
362 12
362 13
362 14
362 15
362 16
362 17
362 20
362 21
362 22
362 23
362 24
362 25
362 26
362 75
362 76
362 77
362 78
362 79
362 360
362 361
363 1
363 2
363 3
363 4
363 5
363 6
363 7
363 8
363 9
363 10
363 11
363 12
363 13
363 14
363 15
363 16
363 17
363 19
363 20
363 21
363 22
363 23
363 24
363 25
363 26
363 75
363 76
363 77
363 78
363 79
363 360
363 361
363 362
364 1
364 2
364 17
364 18
364 19
364 20
364 21
364 22
364 23
364 24
364 25
364 26
364 27
364 28
364 29
364 30
364 31
364 32
365 1
365 2
365 16
365 17
365 18
365 19
365 20
365 21
365 22
365 23
365 24
365 25
365 26
365 27
365 28
365 29
365 30
365 31
365 32
365 364
366 1
366 2
366 10
366 16
366 17
366 18
366 19
366 20
366 21
366 22
366 23
366 24
366 25
366 26
366 27
366 28
366 29
366 30
366 31
366 32
366 364
366 365
367 1
367 2
367 9
367 10
367 16
367 17
367 18
367 19
367 20
367 21
367 22
367 23
367 24
367 25
367 26
367 27
367 28
367 29
367 30
367 31
367 32
367 364
367 365
367 366
368 1
368 2
368 8
368 9
368 10
368 16
368 17
368 18
368 19
368 20
368 21
368 22
368 23
368 24
368 25
368 26
368 27
368 28
368 29
368 30
368 31
368 32
368 364
368 365
368 366
368 367
369 1
369 2
369 7
369 8
369 9
369 10
369 16
369 17
369 18
369 19
369 20
369 21
369 22
369 23
369 24
369 25
369 26
369 27
369 28
369 29
369 30
369 31
369 32
369 364
369 365
369 366
369 367
369 368
370 1
370 2
370 6
370 7
370 8
370 9
370 10
370 16
370 17
370 18
370 19
370 20
370 21
370 22
370 23
370 24
370 25
370 26
370 27
370 28
370 29
370 30
370 31
370 32
370 364
370 365
370 366
370 367
370 368
370 369
371 1
371 2
371 5
371 6
371 7
371 8
371 9
371 10
371 16
371 17
371 18
371 19
371 20
371 21
371 22
371 23
371 24
371 25
371 26
371 27
371 28
371 29
371 30
371 31
371 32
371 364
371 365
371 366
371 367
371 368
371 369
371 370
372 1
372 2
372 17
372 18
372 19
372 20
372 21
372 22
372 23
372 24
372 25
372 26
372 27
372 28
372 29
372 30
372 31
372 32
372 37
373 1
373 2
373 17
373 18
373 19
373 20
373 21
373 22
373 23
373 24
373 25
373 26
373 27
373 28
373 29
373 30
373 31
373 32
373 35
373 42
373 372
374 1
374 2
374 17
374 18
374 19
374 20
374 21
374 22
374 23
374 24
374 25
374 26
374 27
374 28
374 29
374 30
374 31
374 32
374 373
375 1
375 2
375 17
375 18
375 19
375 20
375 21
375 22
375 23
375 24
375 25
375 26
375 27
375 28
375 29
375 30
375 31
375 32
375 373
375 374
376 1
376 2
376 17
376 18
376 19
376 20
376 21
376 22
376 23
376 24
376 25
376 26
376 27
376 28
376 29
376 30
376 31
376 32
376 35
376 42
376 373
379 1
379 2
379 17
379 18
379 19
379 20
379 21
379 22
379 23
379 24
379 25
379 26
379 27
379 28
379 29
379 30
379 31
379 32
379 42
379 373
379 376
380 1
380 2
380 17
380 18
380 19
380 20
380 21
380 22
380 23
380 24
380 25
380 26
380 27
380 28
380 29
380 30
380 31
380 32
380 35
380 42
380 373
380 376
381 1
381 2
381 17
381 18
381 19
381 20
381 21
381 22
381 23
381 24
381 25
381 26
381 27
381 28
381 29
381 30
381 31
381 32
381 42
381 373
381 376
381 380
383 1
383 2
383 17
383 18
383 19
383 20
383 21
383 22
383 23
383 24
383 25
383 26
383 27
383 28
383 29
383 30
383 31
383 32
383 42
383 373
383 376
387 1
387 2
387 17
387 18
387 19
387 20
387 21
387 22
387 23
387 24
387 25
387 26
387 27
387 28
387 29
387 30
387 31
387 32
387 35
387 42
387 373
387 376
387 380
389 1
389 2
389 17
389 18
389 19
389 20
389 21
389 22
389 23
389 24
389 25
389 26
389 27
389 28
389 29
389 30
389 31
389 32
389 37
389 43
389 359
392 1
392 2
392 17
392 18
392 19
392 20
392 21
392 22
392 23
392 24
392 25
392 26
392 27
392 28
392 29
392 30
392 31
392 32
392 37
392 43
392 359
392 389
394 1
394 2
394 17
394 18
394 19
394 20
394 21
394 22
394 23
394 24
394 25
394 26
394 27
394 28
394 29
394 30
394 31
394 32
394 37
394 44
396 1
396 2
396 17
396 18
396 19
396 20
396 21
396 22
396 23
396 24
396 25
396 26
396 27
396 28
396 29
396 30
396 31
396 32
396 37
396 44
396 394
397 1
397 2
397 3
397 17
397 18
397 19
397 20
397 21
397 22
397 23
397 24
397 25
397 26
397 27
397 28
397 29
397 30
397 31
397 32
397 48
397 81
397 90
397 156
398 1
398 2
398 3
398 17
398 18
398 19
398 20
398 21
398 22
398 23
398 24
398 25
398 26
398 27
398 28
398 29
398 30
398 31
398 32
398 48
398 81
398 90
398 156
399 1
399 2
399 3
399 17
399 18
399 19
399 20
399 21
399 22
399 23
399 24
399 25
399 26
399 27
399 28
399 29
399 30
399 31
399 32
399 48
399 81
399 90
399 156
399 398
402 1
402 2
402 3
402 17
402 18
402 19
402 20
402 21
402 22
402 23
402 24
402 25
402 26
402 27
402 28
402 29
402 30
402 31
402 32
402 48
402 81
402 90
402 156
403 1
403 2
403 3
403 17
403 18
403 19
403 20
403 21
403 22
403 23
403 24
403 25
403 26
403 27
403 28
403 29
403 30
403 31
403 32
403 48
403 81
403 90
403 156
403 402
404 1
404 2
404 3
404 17
404 18
404 19
404 20
404 21
404 22
404 23
404 24
404 25
404 26
404 27
404 28
404 29
404 30
404 31
404 32
404 48
404 81
404 90
404 156
404 402
404 403
405 1
405 2
405 3
405 17
405 18
405 19
405 20
405 21
405 22
405 23
405 24
405 25
405 26
405 27
405 28
405 29
405 30
405 31
405 32
405 48
405 81
405 90
405 156
405 403
405 404
406 1
406 2
406 3
406 17
406 18
406 19
406 20
406 21
406 22
406 23
406 24
406 25
406 26
406 27
406 28
406 29
406 30
406 31
406 32
406 48
406 81
406 90
406 156
406 405
407 1
407 2
407 3
407 17
407 18
407 19
407 20
407 21
407 22
407 23
407 24
407 25
407 26
407 27
407 28
407 29
407 30
407 31
407 32
407 48
407 81
407 90
407 156
407 405
407 406
408 1
408 2
408 3
408 17
408 18
408 19
408 20
408 21
408 22
408 23
408 24
408 25
408 26
408 27
408 28
408 29
408 30
408 31
408 32
408 48
408 81
408 90
408 156
409 1
409 2
409 3
409 17
409 18
409 19
409 20
409 21
409 22
409 23
409 24
409 25
409 26
409 27
409 28
409 29
409 30
409 31
409 32
409 48
409 81
409 90
409 156
410 1
410 2
410 3
410 17
410 18
410 19
410 20
410 21
410 22
410 23
410 24
410 25
410 26
410 27
410 28
410 29
410 30
410 31
410 32
410 48
410 81
410 90
410 156
411 1
411 2
411 3
411 17
411 18
411 19
411 20
411 21
411 22
411 23
411 24
411 25
411 26
411 27
411 28
411 29
411 30
411 31
411 32
411 48
411 81
411 90
411 156
412 1
412 2
412 3
412 17
412 18
412 19
412 20
412 21
412 22
412 23
412 24
412 25
412 26
412 27
412 28
412 29
412 30
412 31
412 32
412 48
412 81
412 90
412 156
412 411
413 1
413 2
413 3
413 17
413 18
413 19
413 20
413 21
413 22
413 23
413 24
413 25
413 26
413 27
413 28
413 29
413 30
413 31
413 32
413 48
413 81
413 90
413 156
415 1
415 2
415 3
415 4
415 5
415 6
415 7
415 8
415 9
415 10
415 11
415 12
415 13
415 14
415 15
415 16
415 17
415 75
415 76
415 77
415 78
415 79
415 92
416 1
416 2
416 3
416 17
416 18
416 19
416 20
416 21
416 22
416 23
416 24
416 25
416 26
416 27
416 28
416 29
416 30
416 31
416 32
416 48
416 81
416 90
416 156
416 405
416 406
417 1
417 2
417 3
417 17
417 18
417 19
417 20
417 21
417 22
417 23
417 24
417 25
417 26
417 27
417 28
417 29
417 30
417 31
417 32
417 48
417 81
417 90
417 156
417 405
417 406
417 416
418 1
418 2
418 3
418 17
418 18
418 19
418 20
418 21
418 22
418 23
418 24
418 25
418 26
418 27
418 28
418 29
418 30
418 31
418 32
418 48
418 81
418 90
418 156
418 405
418 406
419 1
419 2
419 3
419 17
419 18
419 19
419 20
419 21
419 22
419 23
419 24
419 25
419 26
419 27
419 28
419 29
419 30
419 31
419 32
419 48
419 81
419 90
419 156
419 405
419 418
420 1
420 2
420 3
420 17
420 18
420 19
420 20
420 21
420 22
420 23
420 24
420 25
420 26
420 27
420 28
420 29
420 30
420 31
420 32
420 48
420 81
420 90
420 156
420 405
421 1
421 2
421 3
421 17
421 18
421 19
421 20
421 21
421 22
421 23
421 24
421 25
421 26
421 27
421 28
421 29
421 30
421 31
421 32
421 48
421 62
421 81
421 90
421 156
421 405
422 1
422 2
422 3
422 17
422 18
422 19
422 20
422 21
422 22
422 23
422 24
422 25
422 26
422 27
422 28
422 29
422 30
422 31
422 32
422 48
422 81
422 90
422 156
422 405
422 421
423 1
423 2
423 3
423 17
423 18
423 19
423 20
423 21
423 22
423 23
423 24
423 25
423 26
423 27
423 28
423 29
423 30
423 31
423 32
423 48
423 81
423 90
423 156
423 405
423 421
423 422
424 1
424 2
424 3
424 17
424 18
424 19
424 20
424 21
424 22
424 23
424 24
424 25
424 26
424 27
424 28
424 29
424 30
424 31
424 32
424 48
424 81
424 90
424 156
424 405
424 421
424 422
424 423
425 1
425 2
425 3
425 17
425 18
425 19
425 20
425 21
425 22
425 23
425 24
425 25
425 26
425 27
425 28
425 29
425 30
425 31
425 32
425 48
425 81
425 90
425 156
425 405
425 421
425 422
425 423
425 424
426 1
426 2
426 3
426 17
426 18
426 19
426 20
426 21
426 22
426 23
426 24
426 25
426 26
426 27
426 28
426 29
426 30
426 31
426 32
426 48
426 81
426 90
426 156
426 405
426 421
426 422
426 423
426 424
426 425
427 1
427 2
427 3
427 17
427 18
427 19
427 20
427 21
427 22
427 23
427 24
427 25
427 26
427 27
427 28
427 29
427 30
427 31
427 32
427 48
427 81
427 90
427 156
427 405
427 421
427 422
427 423
427 424
427 425
427 426
428 1
428 2
428 3
428 17
428 18
428 19
428 20
428 21
428 22
428 23
428 24
428 25
428 26
428 27
428 28
428 29
428 30
428 31
428 32
428 48
428 62
428 81
428 90
428 156
428 405
428 421
428 423
428 424
428 425
428 426
428 427
429 1
429 2
429 3
429 17
429 18
429 19
429 20
429 21
429 22
429 23
429 24
429 25
429 26
429 27
429 28
429 29
429 30
429 31
429 32
429 48
429 62
429 81
429 90
429 156
429 405
429 421
429 424
429 425
429 426
429 427
429 428
430 1
430 2
430 3
430 17
430 18
430 19
430 20
430 21
430 22
430 23
430 24
430 25
430 26
430 27
430 28
430 29
430 30
430 31
430 32
430 48
430 62
430 81
430 90
430 156
430 405
430 421
430 425
430 426
430 427
430 428
430 429
431 1
431 2
431 3
431 17
431 18
431 19
431 20
431 21
431 22
431 23
431 24
431 25
431 26
431 27
431 28
431 29
431 30
431 31
431 32
431 48
431 62
431 81
431 90
431 156
431 405
431 421
431 426
431 427
431 428
431 429
431 430
432 1
432 2
432 3
432 17
432 18
432 19
432 20
432 21
432 22
432 23
432 24
432 25
432 26
432 27
432 28
432 29
432 30
432 31
432 32
432 48
432 62
432 81
432 90
432 156
432 405
432 421
432 427
432 428
432 429
432 430
432 431
433 1
433 2
433 3
433 17
433 18
433 19
433 20
433 21
433 22
433 23
433 24
433 25
433 26
433 27
433 28
433 29
433 30
433 31
433 32
433 48
433 62
433 81
433 90
433 156
433 421
433 428
433 429
433 430
433 431
433 432
436 1
436 2
436 3
436 17
436 18
436 19
436 20
436 21
436 22
436 23
436 24
436 25
436 26
436 27
436 28
436 29
436 30
436 31
436 32
436 48
436 62
436 81
436 90
436 156
436 421
436 428
436 429
436 430
436 431
436 432
436 433
437 1
437 2
437 3
437 4
437 5
437 6
437 7
437 8
437 9
437 10
437 11
437 12
437 13
437 14
437 15
437 16
437 17
437 75
437 76
437 77
437 78
437 79
437 92
437 415
438 1
438 2
438 3
438 4
438 5
438 6
438 7
438 8
438 9
438 10
438 11
438 12
438 13
438 14
438 15
438 16
438 17
438 75
438 76
438 77
438 78
438 79
438 92
438 415
438 437
439 1
439 2
439 3
439 4
439 5
439 6
439 7
439 8
439 9
439 10
439 11
439 12
439 13
439 14
439 15
439 16
439 17
439 75
439 76
439 77
439 78
439 79
439 92
439 415
439 437
439 438
440 1
440 2
440 3
440 4
440 5
440 6
440 7
440 8
440 9
440 10
440 11
440 12
440 13
440 14
440 15
440 16
440 17
440 75
440 76
440 77
440 78
440 79
440 92
440 415
440 437
440 438
440 439
441 1
441 2
441 3
441 4
441 5
441 6
441 7
441 8
441 9
441 10
441 11
441 12
441 13
441 14
441 15
441 16
441 17
441 75
441 76
441 77
441 78
441 79
441 92
441 415
441 437
441 438
442 1
442 2
442 3
442 4
442 5
442 6
442 7
442 8
442 9
442 10
442 11
442 12
442 13
442 14
442 15
442 16
442 17
442 75
442 76
442 77
442 78
442 79
442 92
442 415
442 437
442 438
442 441
443 1
443 2
443 3
443 4
443 5
443 6
443 7
443 8
443 9
443 10
443 11
443 12
443 13
443 14
443 15
443 16
443 17
443 75
443 76
443 77
443 78
443 79
443 92
443 415
443 437
443 438
443 441
443 442
444 1
444 2
444 3
444 4
444 5
444 6
444 7
444 8
444 9
444 10
444 11
444 12
444 13
444 14
444 15
444 16
444 17
444 75
444 76
444 77
444 78
444 79
444 92
444 415
444 437
444 438
444 441
444 442
445 1
445 2
445 3
445 4
445 5
445 6
445 7
445 8
445 9
445 10
445 11
445 12
445 13
445 14
445 15
445 16
445 17
445 75
445 76
445 77
445 78
445 79
445 92
445 415
445 437
445 438
445 442
446 1
446 2
446 3
446 4
446 5
446 6
446 7
446 8
446 9
446 10
446 11
446 12
446 13
446 14
446 15
446 16
446 17
446 75
446 76
446 77
446 78
446 79
446 92
446 415
446 437
446 442
447 1
447 2
447 3
447 4
447 5
447 6
447 7
447 8
447 9
447 10
447 11
447 12
447 13
447 14
447 15
447 16
447 17
447 75
447 76
447 77
447 78
447 79
447 92
447 415
447 437
447 442
448 1
448 2
448 3
448 4
448 5
448 6
448 7
448 8
448 9
448 10
448 11
448 12
448 13
448 14
448 15
448 16
448 17
448 75
448 76
448 77
448 78
448 79
448 92
448 415
448 437
448 442
448 447
449 1
449 2
449 3
449 4
449 5
449 6
449 7
449 8
449 9
449 10
449 11
449 12
449 13
449 14
449 15
449 16
449 17
449 75
449 76
449 77
449 78
449 79
449 92
449 415
449 437
449 442
449 447
449 448
450 1
450 2
450 3
450 4
450 5
450 6
450 7
450 8
450 9
450 10
450 11
450 12
450 13
450 14
450 15
450 16
450 17
450 75
450 76
450 77
450 78
450 79
450 92
450 415
450 437
450 442
450 447
451 1
451 2
451 3
451 4
451 5
451 6
451 7
451 8
451 9
451 10
451 11
451 12
451 13
451 14
451 15
451 16
451 17
451 75
451 76
451 77
451 78
451 79
451 92
451 415
451 437
451 442
451 447
451 450
452 1
452 2
452 3
452 4
452 5
452 6
452 7
452 8
452 9
452 10
452 11
452 12
452 13
452 14
452 15
452 16
452 17
452 75
452 76
452 77
452 78
452 79
452 92
452 415
452 437
452 447
452 450
453 1
453 2
453 3
453 4
453 5
453 6
453 7
453 8
453 9
453 10
453 11
453 12
453 13
453 14
453 15
453 16
453 17
453 75
453 76
453 77
453 78
453 79
453 92
453 415
453 437
453 447
454 1
454 2
454 3
454 4
454 5
454 6
454 7
454 8
454 9
454 10
454 11
454 12
454 13
454 14
454 15
454 16
454 17
454 75
454 76
454 77
454 78
454 79
454 92
454 415
454 437
455 1
455 2
455 3
455 4
455 5
455 6
455 7
455 8
455 9
455 10
455 11
455 12
455 13
455 14
455 15
455 16
455 17
455 75
455 76
455 77
455 78
455 79
455 92
455 415
455 437
456 1
456 2
456 3
456 4
456 5
456 6
456 7
456 8
456 9
456 10
456 11
456 12
456 13
456 14
456 15
456 16
456 17
456 75
456 76
456 77
456 78
456 79
456 92
456 415
456 437
456 455
457 1
457 2
457 3
457 4
457 5
457 6
457 7
457 8
457 9
457 10
457 11
457 12
457 13
457 14
457 15
457 16
457 17
457 75
457 76
457 77
457 78
457 79
457 92
457 415
457 437
457 455
457 456
458 1
458 2
458 3
458 4
458 5
458 6
458 7
458 8
458 9
458 10
458 11
458 12
458 13
458 14
458 15
458 16
458 17
458 75
458 76
458 77
458 78
458 79
458 92
458 415
458 437
458 455
458 456
458 457
459 1
459 2
459 3
459 4
459 5
459 6
459 7
459 8
459 9
459 10
459 11
459 12
459 13
459 14
459 15
459 16
459 17
459 75
459 76
459 77
459 78
459 79
459 92
459 415
459 437
459 455
459 456
460 1
460 2
460 3
460 4
460 5
460 6
460 7
460 8
460 9
460 10
460 11
460 12
460 13
460 14
460 15
460 16
460 17
460 75
460 76
460 77
460 78
460 79
460 92
460 415
460 437
460 455
460 456
461 1
461 2
461 3
461 4
461 5
461 6
461 7
461 8
461 9
461 10
461 11
461 12
461 13
461 14
461 15
461 16
461 17
461 75
461 76
461 77
461 78
461 79
461 92
461 415
461 437
461 455
462 1
462 2
462 3
462 4
462 5
462 6
462 7
462 8
462 9
462 10
462 11
462 12
462 13
462 14
462 15
462 16
462 17
462 75
462 76
462 77
462 78
462 79
462 92
462 415
462 437
462 455
462 461
463 1
463 2
463 3
463 4
463 5
463 6
463 7
463 8
463 9
463 10
463 11
463 12
463 13
463 14
463 15
463 16
463 17
463 75
463 76
463 77
463 78
463 79
463 92
463 415
463 437
463 455
464 1
464 2
464 3
464 4
464 5
464 6
464 7
464 8
464 9
464 10
464 11
464 12
464 13
464 14
464 15
464 16
464 17
464 75
464 76
464 77
464 78
464 79
464 92
464 415
464 455
464 463
465 1
465 2
465 3
465 4
465 5
465 6
465 7
465 8
465 9
465 10
465 11
465 12
465 13
465 14
465 15
465 16
465 17
465 75
465 76
465 77
465 78
465 79
465 92
465 415
465 455
465 463
465 464
466 1
466 2
466 3
466 4
466 5
466 6
466 7
466 8
466 9
466 10
466 11
466 12
466 13
466 14
466 15
466 16
466 17
466 75
466 76
466 77
466 78
466 79
466 92
466 415
466 455
466 463
467 1
467 2
467 3
467 4
467 5
467 6
467 7
467 8
467 9
467 10
467 11
467 12
467 13
467 14
467 15
467 16
467 17
467 75
467 76
467 77
467 78
467 79
467 92
467 415
467 455
468 1
468 2
468 3
468 4
468 5
468 6
468 7
468 8
468 9
468 10
468 11
468 12
468 13
468 14
468 15
468 16
468 17
468 75
468 76
468 77
468 78
468 79
468 92
468 415
470 1
470 2
470 3
470 17
470 18
470 19
470 20
470 21
470 22
470 23
470 24
470 25
470 26
470 27
470 28
470 29
470 30
470 31
470 32
470 48
470 62
470 81
470 90
470 156
470 421
470 428
470 429
470 430
470 431
470 432
470 433
471 1
471 2
471 3
471 17
471 18
471 19
471 20
471 21
471 22
471 23
471 24
471 25
471 26
471 27
471 28
471 29
471 30
471 31
471 32
471 48
471 81
471 90
471 156
472 1
472 2
472 3
472 17
472 18
472 19
472 20
472 21
472 22
472 23
472 24
472 25
472 26
472 27
472 28
472 29
472 30
472 31
472 32
472 48
472 81
472 90
472 156
472 471
473 1
473 2
473 3
473 17
473 18
473 19
473 20
473 21
473 22
473 23
473 24
473 25
473 26
473 27
473 28
473 29
473 30
473 31
473 32
473 48
473 81
473 90
473 156
474 1
474 2
474 3
474 17
474 18
474 19
474 20
474 21
474 22
474 23
474 24
474 25
474 26
474 27
474 28
474 29
474 30
474 31
474 32
474 48
474 81
474 90
474 156
474 473
475 1
475 2
475 3
475 17
475 18
475 19
475 20
475 21
475 22
475 23
475 24
475 25
475 26
475 27
475 28
475 29
475 30
475 31
475 32
475 48
475 81
475 90
475 156
475 474
476 1
476 2
476 3
476 17
476 18
476 19
476 20
476 21
476 22
476 23
476 24
476 25
476 26
476 27
476 28
476 29
476 30
476 31
476 32
476 48
476 81
476 90
476 156
476 475
477 1
477 2
477 3
477 17
477 18
477 19
477 20
477 21
477 22
477 23
477 24
477 25
477 26
477 27
477 28
477 29
477 30
477 31
477 32
477 48
477 81
477 90
477 156
477 475
477 476
478 1
478 2
478 3
478 17
478 18
478 19
478 20
478 21
478 22
478 23
478 24
478 25
478 26
478 27
478 28
478 29
478 30
478 31
478 32
478 48
478 81
478 90
478 156
478 475
478 476
478 477
479 1
479 2
479 3
479 4
479 5
479 6
479 7
479 8
479 9
479 10
479 11
479 12
479 13
479 14
479 15
479 16
479 17
479 75
479 76
479 77
479 78
479 79
479 92
480 1
480 2
480 3
480 4
480 5
480 6
480 7
480 8
480 9
480 10
480 11
480 12
480 13
480 14
480 15
480 16
480 17
480 75
480 76
480 77
480 78
480 79
480 92
480 479
481 1
481 2
481 3
481 17
481 18
481 19
481 20
481 21
481 22
481 23
481 24
481 25
481 26
481 27
481 28
481 29
481 30
481 31
481 32
481 48
481 81
481 90
481 156
481 476
482 1
482 2
482 3
482 17
482 18
482 19
482 20
482 21
482 22
482 23
482 24
482 25
482 26
482 27
482 28
482 29
482 30
482 31
482 32
482 48
482 81
482 90
482 156
482 476
482 481
483 1
483 2
483 3
483 17
483 18
483 19
483 20
483 21
483 22
483 23
483 24
483 25
483 26
483 27
483 28
483 29
483 30
483 31
483 32
483 48
483 81
483 90
483 156
483 476
483 481
483 482
484 1
484 2
484 3
484 17
484 18
484 19
484 20
484 21
484 22
484 23
484 24
484 25
484 26
484 27
484 28
484 29
484 30
484 31
484 32
484 48
484 81
484 90
484 156
484 476
484 481
485 1
485 2
485 3
485 17
485 18
485 19
485 20
485 21
485 22
485 23
485 24
485 25
485 26
485 27
485 28
485 29
485 30
485 31
485 32
485 48
485 81
485 90
485 156
485 476
485 484
486 1
486 2
486 3
486 17
486 18
486 19
486 20
486 21
486 22
486 23
486 24
486 25
486 26
486 27
486 28
486 29
486 30
486 31
486 32
486 48
486 81
486 90
486 156
486 476
487 1
487 2
487 3
487 17
487 18
487 19
487 20
487 21
487 22
487 23
487 24
487 25
487 26
487 27
487 28
487 29
487 30
487 31
487 32
487 48
487 81
487 90
487 156
488 1
488 2
488 3
488 17
488 18
488 19
488 20
488 21
488 22
488 23
488 24
488 25
488 26
488 27
488 28
488 29
488 30
488 31
488 32
488 48
488 81
488 90
488 156
489 1
489 2
489 3
489 17
489 18
489 19
489 20
489 21
489 22
489 23
489 24
489 25
489 26
489 27
489 28
489 29
489 30
489 31
489 32
489 48
489 81
489 90
489 156
489 488
490 1
490 2
490 3
490 4
490 5
490 6
490 7
490 8
490 9
490 10
490 11
490 12
490 13
490 14
490 15
490 16
490 17
490 75
490 76
490 77
490 78
490 79
490 92
490 479
490 480
491 1
491 2
491 3
491 4
491 5
491 6
491 7
491 8
491 9
491 10
491 11
491 12
491 13
491 14
491 15
491 16
491 17
491 75
491 76
491 77
491 78
491 79
491 92
491 479
491 480
491 490
492 1
492 2
492 3
492 4
492 5
492 6
492 7
492 8
492 9
492 10
492 11
492 12
492 13
492 14
492 15
492 16
492 17
492 75
492 76
492 77
492 78
492 79
492 92
492 479
492 480
493 1
493 2
493 3
493 4
493 5
493 6
493 7
493 8
493 9
493 10
493 11
493 12
493 13
493 14
493 15
493 16
493 17
493 75
493 76
493 77
493 78
493 79
493 92
493 479
493 480
494 1
494 2
494 3
494 4
494 5
494 6
494 7
494 8
494 9
494 10
494 11
494 12
494 13
494 14
494 15
494 16
494 17
494 75
494 76
494 77
494 78
494 79
494 92
494 479
495 1
495 2
495 3
495 17
495 18
495 19
495 20
495 21
495 22
495 23
495 24
495 25
495 26
495 27
495 28
495 29
495 30
495 31
495 32
495 48
495 81
495 90
495 156
495 488
496 1
496 2
496 3
496 17
496 18
496 19
496 20
496 21
496 22
496 23
496 24
496 25
496 26
496 27
496 28
496 29
496 30
496 31
496 32
496 48
496 81
496 90
496 156
496 488
497 1
497 2
497 3
497 4
497 5
497 6
497 7
497 8
497 9
497 10
497 11
497 12
497 13
497 14
497 15
497 16
497 17
497 75
497 76
497 77
497 78
497 79
497 92
497 479
498 1
498 2
498 3
498 4
498 5
498 6
498 7
498 8
498 9
498 10
498 11
498 12
498 13
498 14
498 15
498 16
498 17
498 75
498 76
498 77
498 78
498 79
498 92
498 479
498 497
499 1
499 2
499 3
499 4
499 5
499 6
499 7
499 8
499 9
499 10
499 11
499 12
499 13
499 14
499 15
499 16
499 17
499 75
499 76
499 77
499 78
499 79
499 92
499 479
499 497
499 498
500 1
500 2
500 3
500 4
500 5
500 6
500 7
500 8
500 9
500 10
500 11
500 12
500 13
500 14
500 15
500 16
500 17
500 75
500 76
500 77
500 78
500 79
500 92
500 479
500 497
501 1
501 2
501 3
501 4
501 5
501 6
501 7
501 8
501 9
501 10
501 11
501 12
501 13
501 14
501 15
501 16
501 17
501 75
501 76
501 77
501 78
501 79
501 92
501 497
502 1
502 2
502 3
502 4
502 5
502 6
502 7
502 8
502 9
502 10
502 11
502 12
502 13
502 14
502 15
502 16
502 17
502 75
502 76
502 77
502 78
502 79
502 92
503 1
503 2
503 3
503 17
503 18
503 19
503 20
503 21
503 22
503 23
503 24
503 25
503 26
503 27
503 28
503 29
503 30
503 31
503 32
503 48
503 81
503 90
503 156
504 1
504 2
504 3
504 17
504 18
504 19
504 20
504 21
504 22
504 23
504 24
504 25
504 26
504 27
504 28
504 29
504 30
504 31
504 32
504 48
504 59
504 60
504 61
504 81
504 90
504 156
509 1
509 2
509 3
509 17
509 18
509 19
509 20
509 21
509 22
509 23
509 24
509 25
509 26
509 27
509 28
509 29
509 30
509 31
509 32
509 48
509 59
509 60
509 81
509 90
509 156
509 504
510 1
510 2
510 3
510 17
510 18
510 19
510 20
510 21
510 22
510 23
510 24
510 25
510 26
510 27
510 28
510 29
510 30
510 31
510 32
510 48
510 59
510 60
510 81
510 90
510 156
510 504
510 509
511 1
511 2
511 3
511 17
511 18
511 19
511 20
511 21
511 22
511 23
511 24
511 25
511 26
511 27
511 28
511 29
511 30
511 31
511 32
511 48
511 59
511 60
511 81
511 90
511 156
511 504
511 509
511 510
512 1
512 2
512 3
512 4
512 5
512 6
512 7
512 8
512 9
512 10
512 11
512 12
512 13
512 14
512 15
512 16
512 17
512 75
512 76
512 77
512 78
512 79
512 92
513 1
513 2
513 3
513 17
513 18
513 19
513 20
513 21
513 22
513 23
513 24
513 25
513 26
513 27
513 28
513 29
513 30
513 31
513 32
513 48
513 59
513 60
513 81
513 90
513 156
513 504
513 511
514 1
514 2
514 3
514 17
514 18
514 19
514 20
514 21
514 22
514 23
514 24
514 25
514 26
514 27
514 28
514 29
514 30
514 31
514 32
514 48
514 59
514 60
514 81
514 90
514 156
514 504
514 511
514 513
517 1
517 2
517 3
517 17
517 18
517 19
517 20
517 21
517 22
517 23
517 24
517 25
517 26
517 27
517 28
517 29
517 30
517 31
517 32
517 48
517 59
517 60
517 81
517 90
517 156
517 504
518 1
518 2
518 3
518 17
518 18
518 19
518 20
518 21
518 22
518 23
518 24
518 25
518 26
518 27
518 28
518 29
518 30
518 31
518 32
518 48
518 59
518 60
518 81
518 90
518 156
518 504
518 511
518 513
519 1
519 2
519 3
519 17
519 18
519 19
519 20
519 21
519 22
519 23
519 24
519 25
519 26
519 27
519 28
519 29
519 30
519 31
519 32
519 48
519 59
519 60
519 81
519 90
519 156
519 504
519 511
519 513
519 518
520 1
520 2
520 3
520 17
520 18
520 19
520 20
520 21
520 22
520 23
520 24
520 25
520 26
520 27
520 28
520 29
520 30
520 31
520 32
520 48
520 59
520 60
520 81
520 90
520 156
520 504
520 511
520 513
521 1
521 2
521 3
521 17
521 18
521 19
521 20
521 21
521 22
521 23
521 24
521 25
521 26
521 27
521 28
521 29
521 30
521 31
521 32
521 48
521 59
521 60
521 81
521 90
521 156
521 504
521 511
521 520
522 1
522 2
522 3
522 17
522 18
522 19
522 20
522 21
522 22
522 23
522 24
522 25
522 26
522 27
522 28
522 29
522 30
522 31
522 32
522 48
522 59
522 60
522 81
522 90
522 156
522 504
522 511
523 1
523 2
523 3
523 17
523 18
523 19
523 20
523 21
523 22
523 23
523 24
523 25
523 26
523 27
523 28
523 29
523 30
523 31
523 32
523 48
523 59
523 60
523 61
523 81
523 90
523 156
523 504
523 511
524 1
524 2
524 3
524 17
524 18
524 19
524 20
524 21
524 22
524 23
524 24
524 25
524 26
524 27
524 28
524 29
524 30
524 31
524 32
524 48
524 59
524 60
524 81
524 90
524 156
524 504
524 511
524 523
525 1
525 2
525 3
525 17
525 18
525 19
525 20
525 21
525 22
525 23
525 24
525 25
525 26
525 27
525 28
525 29
525 30
525 31
525 32
525 48
525 59
525 60
525 81
525 90
525 156
525 504
525 511
525 523
525 524
526 1
526 2
526 3
526 17
526 18
526 19
526 20
526 21
526 22
526 23
526 24
526 25
526 26
526 27
526 28
526 29
526 30
526 31
526 32
526 48
526 59
526 60
526 81
526 90
526 156
526 504
526 511
526 523
526 524
526 525
527 1
527 2
527 3
527 17
527 18
527 19
527 20
527 21
527 22
527 23
527 24
527 25
527 26
527 27
527 28
527 29
527 30
527 31
527 32
527 48
527 59
527 60
527 61
527 81
527 90
527 156
527 504
527 511
527 523
527 525
527 526
528 1
528 2
528 3
528 17
528 18
528 19
528 20
528 21
528 22
528 23
528 24
528 25
528 26
528 27
528 28
528 29
528 30
528 31
528 32
528 48
528 59
528 60
528 61
528 81
528 90
528 156
528 504
528 511
528 523
528 526
528 527
529 1
529 2
529 3
529 17
529 18
529 19
529 20
529 21
529 22
529 23
529 24
529 25
529 26
529 27
529 28
529 29
529 30
529 31
529 32
529 48
529 59
529 60
529 61
529 81
529 90
529 156
529 504
529 523
529 527
529 528
532 1
532 2
532 3
532 4
532 5
532 6
532 7
532 8
532 9
532 10
532 11
532 12
532 13
532 14
532 15
532 16
532 17
532 75
532 76
532 77
532 78
532 79
532 92
532 512
533 1
533 2
533 3
533 4
533 5
533 6
533 7
533 8
533 9
533 10
533 11
533 12
533 13
533 14
533 15
533 16
533 17
533 75
533 76
533 77
533 78
533 79
533 92
533 512
533 532
534 1
534 2
534 3
534 4
534 5
534 6
534 7
534 8
534 9
534 10
534 11
534 12
534 13
534 14
534 15
534 16
534 17
534 75
534 76
534 77
534 78
534 79
534 92
534 512
534 532
534 533
535 1
535 2
535 3
535 4
535 5
535 6
535 7
535 8
535 9
535 10
535 11
535 12
535 13
535 14
535 15
535 16
535 17
535 75
535 76
535 77
535 78
535 79
535 92
535 512
535 532
536 1
536 2
536 3
536 4
536 5
536 6
536 7
536 8
536 9
536 10
536 11
536 12
536 13
536 14
536 15
536 16
536 17
536 75
536 76
536 77
536 78
536 79
536 92
536 512
536 532
537 1
537 2
537 3
537 4
537 5
537 6
537 7
537 8
537 9
537 10
537 11
537 12
537 13
537 14
537 15
537 16
537 17
537 75
537 76
537 77
537 78
537 79
537 92
537 512
539 1
539 2
539 3
539 17
539 18
539 19
539 20
539 21
539 22
539 23
539 24
539 25
539 26
539 27
539 28
539 29
539 30
539 31
539 32
539 48
539 59
539 60
539 61
539 81
539 90
539 156
539 504
539 523
539 527
539 528
539 529
540 1
540 2
540 3
540 17
540 18
540 19
540 20
540 21
540 22
540 23
540 24
540 25
540 26
540 27
540 28
540 29
540 30
540 31
540 32
540 48
540 56
540 81
540 90
540 156
541 1
541 2
541 3
541 17
541 18
541 19
541 20
541 21
541 22
541 23
541 24
541 25
541 26
541 27
541 28
541 29
541 30
541 31
541 32
541 48
541 56
541 81
541 90
541 156
541 540
542 1
542 2
542 3
542 17
542 18
542 19
542 20
542 21
542 22
542 23
542 24
542 25
542 26
542 27
542 28
542 29
542 30
542 31
542 32
542 39
542 40
542 41
542 48
542 56
542 57
542 81
542 90
542 156
542 541
543 1
543 2
543 3
543 17
543 18
543 19
543 20
543 21
543 22
543 23
543 24
543 25
543 26
543 27
543 28
543 29
543 30
543 31
543 32
543 48
543 56
543 81
543 90
543 156
543 541
543 542
544 1
544 2
544 3
544 17
544 18
544 19
544 20
544 21
544 22
544 23
544 24
544 25
544 26
544 27
544 28
544 29
544 30
544 31
544 32
544 48
544 56
544 81
544 90
544 156
544 541
544 542
544 543
545 1
545 2
545 3
545 17
545 18
545 19
545 20
545 21
545 22
545 23
545 24
545 25
545 26
545 27
545 28
545 29
545 30
545 31
545 32
545 39
545 40
545 41
545 48
545 56
545 57
545 81
545 90
545 156
545 542
545 543
546 1
546 2
546 3
546 17
546 18
546 19
546 20
546 21
546 22
546 23
546 24
546 25
546 26
546 27
546 28
546 29
546 30
546 31
546 32
546 39
546 41
546 48
546 56
546 57
546 81
546 90
546 156
546 542
546 545
547 1
547 2
547 3
547 17
547 18
547 19
547 20
547 21
547 22
547 23
547 24
547 25
547 26
547 27
547 28
547 29
547 30
547 31
547 32
547 48
547 56
547 81
547 90
547 156
547 542
547 545
547 546
548 1
548 2
548 3
548 4
548 5
548 6
548 7
548 8
548 9
548 10
548 11
548 12
548 13
548 14
548 15
548 16
548 17
548 75
548 76
548 77
548 78
548 79
548 92
549 1
549 2
549 3
549 17
549 18
549 19
549 20
549 21
549 22
549 23
549 24
549 25
549 26
549 27
549 28
549 29
549 30
549 31
549 32
549 48
549 56
549 81
549 90
549 156
549 542
549 545
549 546
550 1
550 2
550 3
550 4
550 5
550 6
550 7
550 8
550 9
550 10
550 11
550 12
550 13
550 14
550 15
550 16
550 17
550 75
550 76
550 77
550 78
550 79
550 92
550 548
551 1
551 2
551 3
551 17
551 18
551 19
551 20
551 21
551 22
551 23
551 24
551 25
551 26
551 27
551 28
551 29
551 30
551 31
551 32
551 41
551 48
551 56
551 81
551 90
551 156
551 542
551 545
551 546
552 1
552 2
552 3
552 4
552 5
552 6
552 7
552 8
552 9
552 10
552 11
552 12
552 13
552 14
552 15
552 16
552 17
552 75
552 76
552 77
552 78
552 79
552 92
553 1
553 2
553 3
553 4
553 5
553 6
553 7
553 8
553 9
553 10
553 11
553 12
553 13
553 14
553 15
553 16
553 17
553 75
553 76
553 77
553 78
553 79
553 92
553 552
554 1
554 2
554 3
554 4
554 5
554 6
554 7
554 8
554 9
554 10
554 11
554 12
554 13
554 14
554 15
554 16
554 17
554 75
554 76
554 77
554 78
554 79
554 92
555 1
555 2
555 3
555 4
555 5
555 6
555 7
555 8
555 9
555 10
555 11
555 12
555 13
555 14
555 15
555 16
555 17
555 75
555 76
555 77
555 78
555 79
555 92
555 554
556 1
556 2
556 3
556 4
556 5
556 6
556 7
556 8
556 9
556 10
556 11
556 12
556 13
556 14
556 15
556 16
556 17
556 75
556 76
556 77
556 78
556 79
556 92
558 1
558 2
558 3
558 17
558 18
558 19
558 20
558 21
558 22
558 23
558 24
558 25
558 26
558 27
558 28
558 29
558 30
558 31
558 32
558 41
558 48
558 56
558 81
558 90
558 156
558 542
558 545
558 546
560 1
560 2
560 3
560 17
560 18
560 19
560 20
560 21
560 22
560 23
560 24
560 25
560 26
560 27
560 28
560 29
560 30
560 31
560 32
560 39
560 41
560 48
560 56
560 81
560 90
560 156
560 542
560 545
560 546
561 1
561 2
561 3
561 17
561 18
561 19
561 20
561 21
561 22
561 23
561 24
561 25
561 26
561 27
561 28
561 29
561 30
561 31
561 32
561 39
561 41
561 48
561 56
561 81
561 90
561 156
561 542
561 545
561 546
561 560
562 1
562 2
562 3
562 17
562 18
562 19
562 20
562 21
562 22
562 23
562 24
562 25
562 26
562 27
562 28
562 29
562 30
562 31
562 32
562 39
562 41
562 48
562 56
562 81
562 90
562 156
562 542
562 545
562 546
563 1
563 2
563 3
563 17
563 18
563 19
563 20
563 21
563 22
563 23
563 24
563 25
563 26
563 27
563 28
563 29
563 30
563 31
563 32
563 39
563 48
563 56
563 81
563 90
563 156
563 542
563 545
563 546
563 562
564 1
564 2
564 3
564 17
564 18
564 19
564 20
564 21
564 22
564 23
564 24
564 25
564 26
564 27
564 28
564 29
564 30
564 31
564 32
564 39
564 48
564 56
564 81
564 90
564 156
564 542
564 545
564 546
565 1
565 2
565 3
565 17
565 18
565 19
565 20
565 21
565 22
565 23
565 24
565 25
565 26
565 27
565 28
565 29
565 30
565 31
565 32
565 39
565 48
565 56
565 81
565 90
565 156
565 542
565 545
565 546
565 564
566 1
566 2
566 3
566 17
566 18
566 19
566 20
566 21
566 22
566 23
566 24
566 25
566 26
566 27
566 28
566 29
566 30
566 31
566 32
566 39
566 48
566 56
566 57
566 81
566 90
566 156
566 542
566 545
566 546
566 565
567 1
567 2
567 3
567 17
567 18
567 19
567 20
567 21
567 22
567 23
567 24
567 25
567 26
567 27
567 28
567 29
567 30
567 31
567 32
567 39
567 48
567 56
567 81
567 90
567 156
567 542
567 545
567 546
567 566
568 1
568 2
568 3
568 17
568 18
568 19
568 20
568 21
568 22
568 23
568 24
568 25
568 26
568 27
568 28
568 29
568 30
568 31
568 32
568 39
568 48
568 56
568 81
568 90
568 156
568 542
568 545
568 546
568 566
568 567
569 1
569 2
569 3
569 17
569 18
569 19
569 20
569 21
569 22
569 23
569 24
569 25
569 26
569 27
569 28
569 29
569 30
569 31
569 32
569 39
569 48
569 56
569 57
569 81
569 90
569 156
569 542
569 545
569 546
569 566
572 1
572 2
572 3
572 4
572 5
572 6
572 7
572 8
572 9
572 10
572 11
572 12
572 13
572 14
572 15
572 16
572 17
572 75
572 76
572 77
572 78
572 79
572 92
574 1
574 2
574 3
574 17
574 18
574 19
574 20
574 21
574 22
574 23
574 24
574 25
574 26
574 27
574 28
574 29
574 30
574 31
574 32
574 39
574 48
574 56
574 57
574 81
574 90
574 156
574 542
574 545
574 546
574 566
574 569
575 1
575 2
575 3
575 17
575 18
575 19
575 20
575 21
575 22
575 23
575 24
575 25
575 26
575 27
575 28
575 29
575 30
575 31
575 32
575 39
575 48
575 56
575 81
575 90
575 156
575 542
575 545
577 1
577 2
577 3
577 17
577 18
577 19
577 20
577 21
577 22
577 23
577 24
577 25
577 26
577 27
577 28
577 29
577 30
577 31
577 32
577 39
577 41
577 48
577 56
577 81
577 90
577 156
577 542
577 545
578 1
578 2
578 3
578 17
578 18
578 19
578 20
578 21
578 22
578 23
578 24
578 25
578 26
578 27
578 28
578 29
578 30
578 31
578 32
578 39
578 40
578 48
578 56
578 81
578 90
578 156
578 542
578 545
579 1
579 2
579 3
579 17
579 18
579 19
579 20
579 21
579 22
579 23
579 24
579 25
579 26
579 27
579 28
579 29
579 30
579 31
579 32
579 39
579 48
579 56
579 81
579 90
579 156
579 542
579 545
579 578
580 1
580 2
580 3
580 17
580 18
580 19
580 20
580 21
580 22
580 23
580 24
580 25
580 26
580 27
580 28
580 29
580 30
580 31
580 32
580 39
580 48
580 56
580 81
580 90
580 156
580 542
580 545
580 578
581 1
581 2
581 3
581 17
581 18
581 19
581 20
581 21
581 22
581 23
581 24
581 25
581 26
581 27
581 28
581 29
581 30
581 31
581 32
581 39
581 40
581 48
581 56
581 58
581 81
581 90
581 156
581 542
581 545
581 578
583 1
583 2
583 3
583 17
583 18
583 19
583 20
583 21
583 22
583 23
583 24
583 25
583 26
583 27
583 28
583 29
583 30
583 31
583 32
583 39
583 40
583 48
583 56
583 81
583 90
583 156
583 542
583 545
583 578
583 581
584 1
584 2
584 3
584 17
584 18
584 19
584 20
584 21
584 22
584 23
584 24
584 25
584 26
584 27
584 28
584 29
584 30
584 31
584 32
584 39
584 40
584 48
584 56
584 81
584 90
584 156
584 542
584 545
584 578
584 581
584 583
585 1
585 2
585 3
585 17
585 18
585 19
585 20
585 21
585 22
585 23
585 24
585 25
585 26
585 27
585 28
585 29
585 30
585 31
585 32
585 39
585 40
585 48
585 56
585 81
585 90
585 156
585 542
585 545
585 578
585 581
586 1
586 2
586 3
586 17
586 18
586 19
586 20
586 21
586 22
586 23
586 24
586 25
586 26
586 27
586 28
586 29
586 30
586 31
586 32
586 39
586 40
586 48
586 56
586 81
586 90
586 156
586 542
586 578
586 581
586 585
587 1
587 2
587 3
587 17
587 18
587 19
587 20
587 21
587 22
587 23
587 24
587 25
587 26
587 27
587 28
587 29
587 30
587 31
587 32
587 39
587 40
587 48
587 56
587 81
587 90
587 156
587 542
587 578
587 581
588 1
588 2
588 3
588 17
588 18
588 19
588 20
588 21
588 22
588 23
588 24
588 25
588 26
588 27
588 28
588 29
588 30
588 31
588 32
588 39
588 40
588 48
588 56
588 81
588 90
588 156
588 542
588 578
588 581
588 587
589 1
589 2
589 3
589 17
589 18
589 19
589 20
589 21
589 22
589 23
589 24
589 25
589 26
589 27
589 28
589 29
589 30
589 31
589 32
589 39
589 40
589 48
589 56
589 81
589 90
589 156
589 542
589 578
589 581
589 587
589 588
590 1
590 2
590 3
590 17
590 18
590 19
590 20
590 21
590 22
590 23
590 24
590 25
590 26
590 27
590 28
590 29
590 30
590 31
590 32
590 39
590 40
590 48
590 56
590 81
590 90
590 156
590 542
590 578
590 581
590 587
591 1
591 2
591 3
591 17
591 18
591 19
591 20
591 21
591 22
591 23
591 24
591 25
591 26
591 27
591 28
591 29
591 30
591 31
591 32
591 39
591 40
591 48
591 56
591 81
591 90
591 156
591 542
591 581
591 587
591 590
592 1
592 2
592 3
592 17
592 18
592 19
592 20
592 21
592 22
592 23
592 24
592 25
592 26
592 27
592 28
592 29
592 30
592 31
592 32
592 39
592 40
592 48
592 56
592 81
592 90
592 156
592 542
592 581
592 587
593 1
593 2
593 3
593 17
593 18
593 19
593 20
593 21
593 22
593 23
593 24
593 25
593 26
593 27
593 28
593 29
593 30
593 31
593 32
593 39
593 40
593 48
593 56
593 58
593 81
593 90
593 156
593 581
593 587
593 592
594 1
594 2
594 3
594 17
594 18
594 19
594 20
594 21
594 22
594 23
594 24
594 25
594 26
594 27
594 28
594 29
594 30
594 31
594 32
594 39
594 40
594 48
594 56
594 58
594 81
594 90
594 156
594 581
594 592
594 593
596 1
596 2
596 3
596 17
596 18
596 19
596 20
596 21
596 22
596 23
596 24
596 25
596 26
596 27
596 28
596 29
596 30
596 31
596 32
596 39
596 40
596 48
596 56
596 58
596 81
596 90
596 156
596 581
596 594
597 1
597 2
597 3
597 17
597 18
597 19
597 20
597 21
597 22
597 23
597 24
597 25
597 26
597 27
597 28
597 29
597 30
597 31
597 32
597 39
597 40
597 48
597 56
597 58
597 81
597 90
597 156
597 581
597 594
597 596
598 1
598 2
598 3
598 17
598 18
598 19
598 20
598 21
598 22
598 23
598 24
598 25
598 26
598 27
598 28
598 29
598 30
598 31
598 32
598 39
598 40
598 48
598 56
598 58
598 81
598 90
598 156
598 581
598 594
599 1
599 2
599 3
599 4
599 5
599 6
599 7
599 8
599 9
599 10
599 11
599 12
599 13
599 14
599 15
599 16
599 17
599 75
599 76
599 77
599 78
599 79
599 92
601 1
601 2
601 3
601 17
601 18
601 19
601 20
601 21
601 22
601 23
601 24
601 25
601 26
601 27
601 28
601 29
601 30
601 31
601 32
601 39
601 40
601 48
601 56
601 58
601 81
601 90
601 156
601 581
601 594
601 598
602 1
602 2
602 3
602 17
602 18
602 19
602 20
602 21
602 22
602 23
602 24
602 25
602 26
602 27
602 28
602 29
602 30
602 31
602 32
602 39
602 48
602 56
602 81
602 90
602 156
603 1
603 2
603 3
603 17
603 18
603 19
603 20
603 21
603 22
603 23
603 24
603 25
603 26
603 27
603 28
603 29
603 30
603 31
603 32
603 39
603 48
603 56
603 81
603 90
603 156
605 1
605 2
605 3
605 4
605 5
605 6
605 7
605 8
605 9
605 10
605 11
605 12
605 13
605 14
605 15
605 16
605 17
605 75
605 76
605 77
605 78
605 79
605 92
606 1
606 2
606 3
606 4
606 5
606 6
606 7
606 8
606 9
606 10
606 11
606 12
606 13
606 14
606 15
606 16
606 17
606 75
606 76
606 77
606 78
606 79
606 92
607 1
607 2
607 3
607 17
607 18
607 19
607 20
607 21
607 22
607 23
607 24
607 25
607 26
607 27
607 28
607 29
607 30
607 31
607 32
607 39
607 48
607 56
607 81
607 90
607 156
608 1
608 2
608 3
608 17
608 18
608 19
608 20
608 21
608 22
608 23
608 24
608 25
608 26
608 27
608 28
608 29
608 30
608 31
608 32
608 39
608 48
608 56
608 81
608 90
608 156
612 1
612 2
612 3
612 17
612 18
612 19
612 20
612 21
612 22
612 23
612 24
612 25
612 26
612 27
612 28
612 29
612 30
612 31
612 32
612 45
612 48
612 52
612 53
612 81
612 90
612 156
617 1
617 2
617 3
617 17
617 18
617 19
617 20
617 21
617 22
617 23
617 24
617 25
617 26
617 27
617 28
617 29
617 30
617 31
617 32
617 45
617 48
617 52
617 81
617 90
617 156
617 612
618 1
618 2
618 3
618 17
618 18
618 19
618 20
618 21
618 22
618 23
618 24
618 25
618 26
618 27
618 28
618 29
618 30
618 31
618 32
618 45
618 48
618 52
618 53
618 81
618 90
618 156
618 612
618 617
619 1
619 2
619 3
619 17
619 18
619 19
619 20
619 21
619 22
619 23
619 24
619 25
619 26
619 27
619 28
619 29
619 30
619 31
619 32
619 45
619 48
619 52
619 81
619 90
619 156
619 612
619 618
620 1
620 2
620 3
620 17
620 18
620 19
620 20
620 21
620 22
620 23
620 24
620 25
620 26
620 27
620 28
620 29
620 30
620 31
620 32
620 45
620 48
620 52
620 81
620 90
620 156
620 612
620 618
620 619
623 1
623 2
623 3
623 17
623 18
623 19
623 20
623 21
623 22
623 23
623 24
623 25
623 26
623 27
623 28
623 29
623 30
623 31
623 32
623 45
623 48
623 52
623 81
623 90
623 156
623 612
624 1
624 2
624 3
624 4
624 5
624 6
624 7
624 8
624 9
624 10
624 11
624 12
624 13
624 14
624 15
624 16
624 17
624 75
624 76
624 77
624 78
624 79
624 80
624 92
624 144
624 145
625 1
625 2
625 3
625 17
625 18
625 19
625 20
625 21
625 22
625 23
625 24
625 25
625 26
625 27
625 28
625 29
625 30
625 31
625 32
625 45
625 48
625 52
625 81
625 90
625 156
625 612
625 618
625 619
626 1
626 2
626 3
626 17
626 18
626 19
626 20
626 21
626 22
626 23
626 24
626 25
626 26
626 27
626 28
626 29
626 30
626 31
626 32
626 45
626 48
626 52
626 81
626 90
626 156
626 612
626 618
626 619
626 625
627 1
627 2
627 3
627 17
627 18
627 19
627 20
627 21
627 22
627 23
627 24
627 25
627 26
627 27
627 28
627 29
627 30
627 31
627 32
627 45
627 48
627 52
627 81
627 90
627 156
627 612
627 618
627 619
628 1
628 2
628 3
628 17
628 18
628 19
628 20
628 21
628 22
628 23
628 24
628 25
628 26
628 27
628 28
628 29
628 30
628 31
628 32
628 45
628 48
628 52
628 81
628 90
628 156
628 612
628 618
628 627
629 1
629 2
629 3
629 17
629 18
629 19
629 20
629 21
629 22
629 23
629 24
629 25
629 26
629 27
629 28
629 29
629 30
629 31
629 32
629 45
629 48
629 52
629 81
629 90
629 156
629 612
629 618
630 1
630 2
630 3
630 17
630 18
630 19
630 20
630 21
630 22
630 23
630 24
630 25
630 26
630 27
630 28
630 29
630 30
630 31
630 32
630 45
630 48
630 52
630 53
630 81
630 90
630 156
630 612
630 618
631 1
631 2
631 3
631 17
631 18
631 19
631 20
631 21
631 22
631 23
631 24
631 25
631 26
631 27
631 28
631 29
631 30
631 31
631 32
631 45
631 48
631 52
631 53
631 81
631 90
631 156
631 612
631 618
631 630
632 1
632 2
632 3
632 17
632 18
632 19
632 20
632 21
632 22
632 23
632 24
632 25
632 26
632 27
632 28
632 29
632 30
632 31
632 32
632 45
632 48
632 52
632 53
632 81
632 90
632 156
632 612
632 618
632 630
632 631
634 1
634 2
634 3
634 17
634 18
634 19
634 20
634 21
634 22
634 23
634 24
634 25
634 26
634 27
634 28
634 29
634 30
634 31
634 32
634 45
634 48
634 52
634 53
634 81
634 90
634 156
634 612
634 618
634 630
634 632
635 1
635 2
635 3
635 17
635 18
635 19
635 20
635 21
635 22
635 23
635 24
635 25
635 26
635 27
635 28
635 29
635 30
635 31
635 32
635 45
635 48
635 52
635 53
635 81
635 90
635 156
635 612
635 618
635 630
635 634
637 1
637 2
637 3
637 17
637 18
637 19
637 20
637 21
637 22
637 23
637 24
637 25
637 26
637 27
637 28
637 29
637 30
637 31
637 32
637 45
637 48
637 52
637 53
637 81
637 90
637 156
637 612
637 618
637 630
637 634
637 635
638 1
638 2
638 3
638 4
638 5
638 6
638 7
638 8
638 9
638 10
638 11
638 12
638 13
638 14
638 15
638 16
638 17
638 75
638 76
638 77
638 78
638 79
638 80
638 92
638 144
638 145
638 624
639 1
639 2
639 3
639 4
639 5
639 6
639 7
639 8
639 9
639 10
639 11
639 12
639 13
639 14
639 15
639 16
639 17
639 75
639 76
639 77
639 78
639 79
639 80
639 92
639 144
639 145
639 624
639 638
640 1
640 2
640 3
640 4
640 5
640 6
640 7
640 8
640 9
640 10
640 11
640 12
640 13
640 14
640 15
640 16
640 17
640 75
640 76
640 77
640 78
640 79
640 80
640 92
640 144
640 145
640 624
641 1
641 2
641 3
641 4
641 5
641 6
641 7
641 8
641 9
641 10
641 11
641 12
641 13
641 14
641 15
641 16
641 17
641 75
641 76
641 77
641 78
641 79
641 80
641 92
641 144
641 145
641 624
642 1
642 2
642 3
642 4
642 5
642 6
642 7
642 8
642 9
642 10
642 11
642 12
642 13
642 14
642 15
642 16
642 17
642 75
642 76
642 77
642 78
642 79
642 80
642 92
642 144
642 145
642 624
642 641
643 1
643 2
643 3
643 4
643 5
643 6
643 7
643 8
643 9
643 10
643 11
643 12
643 13
643 14
643 15
643 16
643 17
643 75
643 76
643 77
643 78
643 79
643 80
643 92
643 144
643 145
643 624
645 1
645 2
645 3
645 17
645 18
645 19
645 20
645 21
645 22
645 23
645 24
645 25
645 26
645 27
645 28
645 29
645 30
645 31
645 32
645 45
645 48
645 52
645 53
645 81
645 90
645 156
645 612
645 618
645 630
645 634
645 635
31