2 1
3 1
3 2
4 1
4 2
4 3
5 1
5 2
5 3
5 4
6 1
6 2
6 3
6 4
6 5
7 1
7 2
7 3
7 4
7 5
7 6
8 1
8 2
8 3
8 4
8 5
8 6
8 7
9 1
9 2
9 3
9 4
9 5
9 6
9 7
9 8
10 1
10 2
10 3
10 4
10 5
10 6
10 7
10 8
10 9
11 1
11 2
11 3
11 4
11 5
11 6
11 7
11 8
11 9
11 10
12 1
12 2
12 3
12 4
12 5
12 6
12 7
12 8
12 9
12 10
12 11
13 1
13 2
13 3
13 4
13 5
13 6
13 7
13 8
13 9
13 10
13 11
13 12
14 1
14 2
14 3
14 4
14 5
14 6
14 7
14 8
14 9
14 10
14 11
14 12
14 13
15 1
15 2
15 3
15 4
15 5
15 6
15 7
15 8
15 9
15 10
15 11
15 12
15 13
15 14
16 1
16 2
16 3
16 4
16 5
16 6
16 7
16 8
16 9
16 10
16 11
16 12
16 13
16 14
16 15
18 17
19 17
19 18
20 17
20 18
20 19
21 17
21 18
21 19
21 20
22 17
22 18
22 19
22 20
22 21
23 17
23 18
23 19
23 20
23 21
23 22
24 17
24 18
24 19
24 20
24 21
24 22
24 23
25 17
25 18
25 19
25 20
25 21
25 22
25 23
25 24
26 17
26 18
26 19
26 20
26 21
26 22
26 23
26 24
26 25
27 17
27 18
27 19
27 20
27 21
27 22
27 23
27 24
27 25
27 26
28 17
28 18
28 19
28 20
28 21
28 22
28 23
28 24
28 25
28 26
28 27
29 17
29 18
29 19
29 20
29 21
29 22
29 23
29 24
29 25
29 26
29 27
29 28
30 17
30 18
30 19
30 20
30 21
30 22
30 23
30 24
30 25
30 26
30 27
30 28
30 29
31 17
31 18
31 19
31 20
31 21
31 22
31 23
31 24
31 25
31 26
31 27
31 28
31 29
31 30
32 17
32 18
32 19
32 20
32 21
32 22
32 23
32 24
32 25
32 26
32 27
32 28
32 29
32 30
32 31
33 1
33 2
33 3
33 17
33 18
33 19
33 20
33 21
33 22
33 23
33 24
33 25
33 26
33 27
33 28
33 29
33 30
33 31
33 32
34 1
34 2
34 3
34 17
34 18
34 19
34 20
34 21
34 22
34 23
34 24
34 25
34 26
34 27
34 28
34 29
34 30
34 31
34 32
34 33
35 1
35 2
35 17
35 18
35 19
35 20
35 21
35 22
35 23
35 24
35 25
35 26
35 27
35 28
35 29
35 30
35 31
35 32
36 1
36 2
36 3
36 17
36 18
36 19
36 20
36 21
36 22
36 23
36 24
36 25
36 26
36 27
36 28
36 29
36 30
36 31
36 32
37 1
37 2
37 3
37 17
37 18
37 19
37 20
37 21
37 22
37 23
37 24
37 25
37 26
37 27
37 28
37 29
37 30
37 31
37 32
38 1
38 2
38 3
38 4
38 5
38 6
38 7
38 8
38 9
38 10
38 11
38 12
38 13
38 14
38 15
38 16
38 17
39 1
39 2
39 3
39 17
39 18
39 19
39 20
39 21
39 22
39 23
39 24
39 25
39 26
39 27
39 28
39 29
39 30
39 31
39 32
40 1
40 2
40 3
40 17
40 18
40 19
40 20
40 21
40 22
40 23
40 24
40 25
40 26
40 27
40 28
40 29
40 30
40 31
40 32
40 39
41 1
41 2
41 3
41 17
41 18
41 19
41 20
41 21
41 22
41 23
41 24
41 25
41 26
41 27
41 28
41 29
41 30
41 31
41 32
41 39
42 1
42 2
42 17
42 18
42 19
42 20
42 21
42 22
42 23
42 24
42 25
42 26
42 27
42 28
42 29
42 30
42 31
42 32
42 35
43 1
43 2
43 17
43 18
43 19
43 20
43 21
43 22
43 23
43 24
43 25
43 26
43 27
43 28
43 29
43 30
43 31
43 32
43 37
44 1
44 2
44 17
44 18
44 19
44 20
44 21
44 22
44 23
44 24
44 25
44 26
44 27
44 28
44 29
44 30
44 31
44 32
44 37
45 1
45 2
45 3
45 17
45 18
45 19
45 20
45 21
45 22
45 23
45 24
45 25
45 26
45 27
45 28
45 29
45 30
45 31
45 32
46 1
46 2
46 3
46 17
46 18
46 19
46 20
46 21
46 22
46 23
46 24
46 25
46 26
46 27
46 28
46 29
46 30
46 31
46 32
46 33
46 34
47 1
47 2
47 3
47 17
47 18
47 19
47 20
47 21
47 22
47 23
47 24
47 25
47 26
47 27
47 28
47 29
47 30
47 31
47 32
47 33
47 34
47 46
48 1
48 2
48 3
48 11
48 12
48 13
48 14
48 15
48 16
48 17
48 18
48 19
48 20
48 21
48 22
48 23
48 24
48 25
48 26
48 27
48 28
48 29
48 30
48 31
48 32
48 33
48 34
48 36
48 37
48 39
48 40
48 41
48 45
48 46
48 47
49 1
49 2
49 3
49 17
49 18
49 19
49 20
49 21
49 22
49 23
49 24
49 25
49 26
49 27
49 28
49 29
49 30
49 31
49 32
49 48
50 1
50 2
50 3
50 17
50 18
50 19
50 20
50 21
50 22
50 23
50 24
50 25
50 26
50 27
50 28
50 29
50 30
50 31
50 32
50 48
50 49
51 1
51 2
51 3
51 17
51 18
51 19
51 20
51 21
51 22
51 23
51 24
51 25
51 26
51 27
51 28
51 29
51 30
51 31
51 32
51 48
51 49
51 50
52 1
52 2
52 3
52 17
52 18
52 19
52 20
52 21
52 22
52 23
52 24
52 25
52 26
52 27
52 28
52 29
52 30
52 31
52 32
52 45
52 48
53 1
53 2
53 3
53 17
53 18
53 19
53 20
53 21
53 22
53 23
53 24
53 25
53 26
53 27
53 28
53 29
53 30
53 31
53 32
53 45
53 48
53 52
54 1
54 2
54 3
54 17
54 18
54 19
54 20
54 21
54 22
54 23
54 24
54 25
54 26
54 27
54 28
54 29
54 30
54 31
54 32
54 48
55 1
55 2
55 3
55 17
55 18
55 19
55 20
55 21
55 22
55 23
55 24
55 25
55 26
55 27
55 28
55 29
55 30
55 31
55 32
55 48
56 1
56 2
56 3
56 11
56 12
56 13
56 14
56 15
56 16
56 17
56 18
56 19
56 20
56 21
56 22
56 23
56 24
56 25
56 26
56 27
56 28
56 29
56 30
56 31
56 32
56 39
56 40
56 41
56 48
56 55
57 1
57 2
57 3
57 17
57 18
57 19
57 20
57 21
57 22
57 23
57 24
57 25
57 26
57 27
57 28
57 29
57 30
57 31
57 32
57 39
57 48
57 56
58 1
58 2
58 3
58 17
58 18
58 19
58 20
58 21
58 22
58 23
58 24
58 25
58 26
58 27
58 28
58 29
58 30
58 31
58 32
58 39
58 40
58 48
58 56
59 1
59 2
59 3
59 17
59 18
59 19
59 20
59 21
59 22
59 23
59 24
59 25
59 26
59 27
59 28
59 29
59 30
59 31
59 32
59 48
60 1
60 2
60 3
60 17
60 18
60 19
60 20
60 21
60 22
60 23
60 24
60 25
60 26
60 27
60 28
60 29
60 30
60 31
60 32
60 48
60 59
61 1
61 2
61 3
61 17
61 18
61 19
61 20
61 21
61 22
61 23
61 24
61 25
61 26
61 27
61 28
61 29
61 30
61 31
61 32
61 48
61 59
61 60
62 1
62 2
62 3
62 17
62 18
62 19
62 20
62 21
62 22
62 23
62 24
62 25
62 26
62 27
62 28
62 29
62 30
62 31
62 32
62 48
63 1
63 2
63 3
63 5
63 6
63 7
63 8
63 9
63 10
63 16
63 17
63 18
63 19
63 20
63 21
63 22
63 23
63 24
63 25
63 26
63 27
63 28
63 29
63 30
63 31
63 32
64 1
64 2
64 3
64 6
64 7
64 8
64 9
64 10
64 16
64 17
64 18
64 19
64 20
64 21
64 22
64 23
64 24
64 25
64 26
64 27
64 28
64 29
64 30
64 31
64 32
65 1
65 2
65 3
65 7
65 8
65 9
65 10
65 16
65 17
65 18
65 19
65 20
65 21
65 22
65 23
65 24
65 25
65 26
65 27
65 28
65 29
65 30
65 31
65 32
66 1
66 2
66 3
66 8
66 9
66 10
66 16
66 17
66 18
66 19
66 20
66 21
66 22
66 23
66 24
66 25
66 26
66 27
66 28
66 29
66 30
66 31
66 32
67 1
67 2
67 3
67 9
67 10
67 16
67 17
67 18
67 19
67 20
67 21
67 22
67 23
67 24
67 25
67 26
67 27
67 28
67 29
67 30
67 31
67 32
68 1
68 2
68 3
68 10
68 16
68 17
68 18
68 19
68 20
68 21
68 22
68 23
68 24
68 25
68 26
68 27
68 28
68 29
68 30
68 31
68 32
69 1
69 2
69 3
69 16
69 17
69 18
69 19
69 20
69 21
69 22
69 23
69 24
69 25
69 26
69 27
69 28
69 29
69 30
69 31
69 32
70 1
70 2
70 3
70 17
70 18
70 19
70 20
70 21
70 22
70 23
70 24
70 25
70 26
70 27
70 28
70 29
70 30
70 31
70 32
71 1
71 2
71 3
71 4
71 5
71 6
71 7
71 8
71 9
71 10
71 11
71 12
71 13
71 14
71 15
71 16
71 17
71 19
71 20
71 21
71 22
71 23
71 24
71 25
71 26
72 1
72 2
72 3
72 4
72 5
72 6
72 7
72 8
72 9
72 10
72 11
72 12
72 13
72 14
72 15
72 16
72 17
72 20
72 21
72 22
72 23
72 24
72 25
72 26
73 1
73 2
73 3
73 4
73 5
73 6
73 7
73 8
73 9
73 10
73 11
73 12
73 13
73 14
73 15
73 16
73 17
73 21
73 22
73 23
73 24
73 25
73 26
74 1
74 2
74 3
74 4
74 5
74 6
74 7
74 8
74 9
74 10
74 11
74 12
74 13
74 14
74 15
74 16
74 17
74 22
74 23
74 24
74 25
74 26
75 1
75 2
75 3
75 4
75 5
75 6
75 7
75 8
75 9
75 10
75 11
75 12
75 13
75 14
75 15
75 16
75 17
75 23
75 24
75 25
75 26
75 27
75 28
75 29
75 30
75 31
75 32
75 38
76 1
76 2
76 3
76 4
76 5
76 6
76 7
76 8
76 9
76 10
76 11
76 12
76 13
76 14
76 15
76 16
76 17
76 24
76 25
76 26
76 27
76 28
76 29
76 30
76 31
76 32
76 38
76 75
77 1
77 2
77 3
77 4
77 5
77 6
77 7
77 8
77 9
77 10
77 11
77 12
77 13
77 14
77 15
77 16
77 17
77 25
77 26
77 27
77 28
77 29
77 30
77 31
77 32
77 38
77 75
77 76
78 1
78 2
78 3
78 4
78 5
78 6
78 7
78 8
78 9
78 10
78 11
78 12
78 13
78 14
78 15
78 16
78 17
78 26
78 27
78 28
78 29
78 30
78 31
78 32
78 38
78 75
78 76
78 77
79 1
79 2
79 3
79 4
79 5
79 6
79 7
79 8
79 9
79 10
79 11
79 12
79 13
79 14
79 15
79 16
79 17
79 27
79 28
79 29
79 30
79 31
79 32
79 38
79 75
79 76
79 77
79 78
80 1
80 2
80 3
80 4
80 5
80 6
80 7
80 8
80 9
80 10
80 11
80 12
80 13
80 14
80 15
80 16
80 17
80 27
80 28
80 29
80 30
80 31
80 32
80 38
80 75
80 76
80 77
80 78
80 79
81 1
81 2
81 3
81 11
81 12
81 13
81 14
81 15
81 16
81 17
81 18
81 19
81 20
81 21
81 22
81 23
81 24
81 25
81 26
81 27
81 28
81 29
81 30
81 31
81 32
81 33
81 34
81 36
81 37
81 39
81 40
81 41
81 45
81 46
81 47
81 48
81 49
81 50
81 51
81 52
81 53
81 54
81 55
81 56
81 57
81 58
81 59
81 60
81 61
81 62
82 1
82 2
82 3
82 17
82 18
82 19
82 20
82 21
82 22
82 23
82 24
82 25
82 26
82 27
82 28
82 29
82 30
82 31
82 32
82 81
83 1
83 2
83 3
83 17
83 18
83 19
83 20
83 21
83 22
83 23
83 24
83 25
83 26
83 27
83 28
83 29
83 30
83 31
83 32
83 81
83 82
84 1
84 2
84 3
84 17
84 18
84 19
84 20
84 21
84 22
84 23
84 24
84 25
84 26
84 27
84 28
84 29
84 30
84 31
84 32
84 81
85 1
85 2
85 3
85 17
85 18
85 19
85 20
85 21
85 22
85 23
85 24
85 25
85 26
85 27
85 28
85 29
85 30
85 31
85 32
85 81
86 1
86 2
86 3
86 17
86 18
86 19
86 20
86 21
86 22
86 23
86 24
86 25
86 26
86 27
86 28
86 29
86 30
86 31
86 32
86 81
87 1
87 2
87 3
87 17
87 18
87 19
87 20
87 21
87 22
87 23
87 24
87 25
87 26
87 27
87 28
87 29
87 30
87 31
87 32
87 81
87 86
88 1
88 2
88 3
88 17
88 18
88 19
88 20
88 21
88 22
88 23
88 24
88 25
88 26
88 27
88 28
88 29
88 30
88 31
88 32
88 81
89 1
89 2
89 3
89 17
89 18
89 19
89 20
89 21
89 22
89 23
89 24
89 25
89 26
89 27
89 28
89 29
89 30
89 31
89 32
89 81
90 1
90 2
90 3
90 11
90 12
90 13
90 14
90 15
90 16
90 17
90 18
90 19
90 20
90 21
90 22
90 23
90 24
90 25
90 26
90 27
90 28
90 29
90 30
90 31
90 32
90 33
90 34
90 36
90 37
90 39
90 40
90 41
90 45
90 46
90 47
90 48
90 49
90 50
90 51
90 52
90 53
90 54
90 55
90 56
90 57
90 58
90 59
90 60
90 61
90 62
90 81
92 1
92 2
92 3
92 4
92 5
92 6
92 7
92 8
92 9
92 10
92 11
92 12
92 13
92 14
92 15
92 16
92 17
92 27
92 28
92 29
92 30
92 31
92 32
92 38
92 75
92 76
92 77
92 78
92 79
92 80
93 1
93 2
93 3
93 4
93 5
93 6
93 7
93 8
93 9
93 10
93 11
93 12
93 13
93 14
93 15
93 16
93 17
93 38
93 75
93 76
93 77
93 78
93 79
93 80
93 92
94 1
94 2
94 3
94 4
94 5
94 6
94 7
94 8
94 9
94 10
94 11
94 12
94 13
94 14
94 15
94 16
94 17
94 38
94 75
94 76
94 77
94 78
94 79
94 80
94 92
94 93
95 1
95 2
95 3
95 4
95 5
95 6
95 7
95 8
95 9
95 10
95 11
95 12
95 13
95 14
95 15
95 16
95 17
95 38
95 75
95 76
95 77
95 78
95 79
95 80
95 92
95 93
95 94
96 1
96 2
96 3
96 4
96 5
96 6
96 7
96 8
96 9
96 10
96 11
96 12
96 13
96 14
96 15
96 16
96 17
96 38
96 75
96 76
96 77
96 78
96 79
96 80
96 92
96 93
97 1
97 2
97 3
97 17
97 18
97 19
97 20
97 21
97 22
97 23
97 24
97 25
97 26
97 27
97 28
97 29
97 30
97 31
97 32
97 48
97 81
97 90
98 1
98 2
98 3
98 17
98 18
98 19
98 20
98 21
98 22
98 23
98 24
98 25
98 26
98 27
98 28
98 29
98 30
98 31
98 32
98 81
98 90
98 97
100 1
100 2
100 3
100 17
100 18
100 19
100 20
100 21
100 22
100 23
100 24
100 25
100 26
100 27
100 28
100 29
100 30
100 31
100 32
100 33
100 34
100 46
100 47
100 48
100 81
100 90
104 1
104 2
104 3
104 17
104 18
104 19
104 20
104 21
104 22
104 23
104 24
104 25
104 26
104 27
104 28
104 29
104 30
104 31
104 32
104 33
104 34
104 46
104 47
104 48
104 81
104 90
104 100
105 1
105 2
105 3
105 17
105 18
105 19
105 20
105 21
105 22
105 23
105 24
105 25
105 26
105 27
105 28
105 29
105 30
105 31
105 32
105 33
105 34
105 46
105 47
105 48
105 81
105 90
105 100
105 104
106 1
106 2
106 3
106 17
106 18
106 19
106 20
106 21
106 22
106 23
106 24
106 25
106 26
106 27
106 28
106 29
106 30
106 31
106 32
106 33
106 34
106 46
106 47
106 48
106 81
106 90
106 100
106 104
106 105
107 1
107 2
107 3
107 17
107 18
107 19
107 20
107 21
107 22
107 23
107 24
107 25
107 26
107 27
107 28
107 29
107 30
107 31
107 32
107 33
107 34
107 46
107 47
107 48
107 81
107 90
107 100
107 104
107 105
107 106
108 1
108 2
108 3
108 4
108 5
108 6
108 7
108 8
108 9
108 10
108 11
108 12
108 13
108 14
108 15
108 16
108 17
108 75
108 76
108 77
108 78
108 79
108 80
108 92
108 93
108 96
109 1
109 2
109 3
109 4
109 5
109 6
109 7
109 8
109 9
109 10
109 11
109 12
109 13
109 14
109 15
109 16
109 17
109 75
109 76
109 77
109 78
109 79
109 80
109 92
109 93
109 96
109 108
110 1
110 2
110 3
110 4
110 5
110 6
110 7
110 8
110 9
110 10
110 11
110 12
110 13
110 14
110 15
110 16
110 17
110 75
110 76
110 77
110 78
110 79
110 80
110 92
110 93
110 96
110 108
110 109
111 1
111 2
111 3
111 4
111 5
111 6
111 7
111 8
111 9
111 10
111 11
111 12
111 13
111 14
111 15
111 16
111 17
111 75
111 76
111 77
111 78
111 79
111 80
111 92
111 93
111 96
111 108
112 1
112 2
112 3
112 17
112 18
112 19
112 20
112 21
112 22
112 23
112 24
112 25
112 26
112 27
112 28
112 29
112 30
112 31
112 32
112 33
112 46
112 47
112 48
112 81
112 90
112 100
112 104
112 105
112 106
112 107
116 1
116 2
116 3
116 17
116 18
116 19
116 20
116 21
116 22
116 23
116 24
116 25
116 26
116 27
116 28
116 29
116 30
116 31
116 32
116 33
116 46
116 47
116 48
116 81
116 90
116 100
116 104
116 105
116 106
119 1
119 2
119 3
119 4
119 5
119 6
119 7
119 8
119 9
119 10
119 11
119 12
119 13
119 14
119 15
119 16
119 17
119 75
119 76
119 77
119 78
119 79
119 80
119 92
119 93
119 96
119 108
119 111
120 1
120 2
120 3
120 4
120 5
120 6
120 7
120 8
120 9
120 10
120 11
120 12
120 13
120 14
120 15
120 16
120 17
120 75
120 76
120 77
120 78
120 79
120 80
120 92
120 93
120 96
120 108
120 111
120 119
121 1
121 2
121 3
121 4
121 5
121 6
121 7
121 8
121 9
121 10
121 11
121 12
121 13
121 14
121 15
121 16
121 17
121 75
121 76
121 77
121 78
121 79
121 80
121 92
121 93
121 96
121 108
121 111
121 119
122 1
122 2
122 3
122 4
122 5
122 6
122 7
122 8
122 9
122 10
122 11
122 12
122 13
122 14
122 15
122 16
122 17
122 75
122 76
122 77
122 78
122 79
122 80
122 92
122 93
122 96
122 108
122 111
122 119
123 1
123 2
123 3
123 4
123 5
123 6
123 7
123 8
123 9
123 10
123 11
123 12
123 13
123 14
123 15
123 16
123 17
123 75
123 76
123 77
123 78
123 79
123 80
123 92
123 93
123 96
123 108
123 111
123 119
124 1
124 2
124 3
124 4
124 5
124 6
124 7
124 8
124 9
124 10
124 11
124 12
124 13
124 14
124 15
124 16
124 17
124 75
124 76
124 77
124 78
124 79
124 80
124 92
124 93
124 96
124 108
124 111
124 119
124 123
125 1
125 2
125 3
125 4
125 5
125 6
125 7
125 8
125 9
125 10
125 11
125 12
125 13
125 14
125 15
125 16
125 17
125 75
125 76
125 77
125 78
125 79
125 80
125 92
125 93
125 96
125 108
125 111
125 119
125 123
125 124
127 1
127 2
127 3
127 17
127 18
127 19
127 20
127 21
127 22
127 23
127 24
127 25
127 26
127 27
127 28
127 29
127 30
127 31
127 32
127 33
127 34
127 46
127 47
127 48
127 81
127 90
127 100
127 104
127 105
127 106
127 107
128 1
128 2
128 3
128 4
128 5
128 6
128 7
128 8
128 9
128 10
128 11
128 12
128 13
128 14
128 15
128 16
128 17
128 75
128 76
128 77
128 78
128 79
128 80
128 92
128 93
128 96
128 108
128 111
128 119
128 124
129 1
129 2
129 3
129 4
129 5
129 6
129 7
129 8
129 9
129 10
129 11
129 12
129 13
129 14
129 15
129 16
129 17
129 75
129 76
129 77
129 78
129 79
129 80
129 92
129 93
129 96
129 108
129 111
129 119
131 1
131 2
131 3
131 4
131 5
131 6
131 7
131 8
131 9
131 10
131 11
131 12
131 13
131 14
131 15
131 16
131 17
131 38
131 75
131 76
131 77
131 78
131 79
131 80
131 92
132 1
132 2
132 3
132 4
132 5
132 6
132 7
132 8
132 9
132 10
132 11
132 12
132 13
132 14
132 15
132 16
132 17
132 38
132 75
132 76
132 77
132 78
132 79
132 80
132 92
133 1
133 2
133 3
133 4
133 5
133 6
133 7
133 8
133 9
133 10
133 11
133 12
133 13
133 14
133 15
133 16
133 17
133 38
133 75
133 76
133 77
133 78
133 79
133 80
133 92
133 132
134 1
134 2
134 3
134 4
134 5
134 6
134 7
134 8
134 9
134 10
134 11
134 12
134 13
134 14
134 15
134 16
134 17
134 38
134 75
134 76
134 77
134 78
134 79
134 80
134 92
134 132
135 1
135 2
135 3
135 4
135 5
135 6
135 7
135 8
135 9
135 10
135 11
135 12
135 13
135 14
135 15
135 16
135 17
135 38
135 75
135 76
135 77
135 78
135 79
135 80
135 92
136 1
136 2
136 3
136 4
136 5
136 6
136 7
136 8
136 9
136 10
136 11
136 12
136 13
136 14
136 15
136 16
136 17
136 38
136 75
136 76
136 77
136 78
136 79
136 80
136 92
137 1
137 2
137 3
137 17
137 18
137 19
137 20
137 21
137 22
137 23
137 24
137 25
137 26
137 27
137 28
137 29
137 30
137 31
137 32
137 48
137 81
137 90
138 1
138 2
138 3
138 4
138 5
138 6
138 7
138 8
138 9
138 10
138 11
138 12
138 13
138 14
138 15
138 16
138 17
138 38
138 75
138 76
138 77
138 78
138 79
138 80
138 92
138 136
139 1
139 2
139 3
139 4
139 5
139 6
139 7
139 8
139 9
139 10
139 11
139 12
139 13
139 14
139 15
139 16
139 17
139 38
139 75
139 76
139 77
139 78
139 79
139 80
139 92
140 1
140 2
140 3
140 4
140 5
140 6
140 7
140 8
140 9
140 10
140 11
140 12
140 13
140 14
140 15
140 16
140 17
140 27
140 28
140 29
140 30
140 31
140 32
140 38
140 75
140 76
140 77
140 78
140 79
140 80
140 92
140 139
141 1
141 2
141 3
141 4
141 5
141 6
141 7
141 8
141 9
141 10
141 11
141 12
141 13
141 14
141 15
141 16
141 17
141 27
141 28
141 29
141 30
141 31
141 32
141 38
141 75
141 76
141 77
141 78
141 79
141 80
141 92
141 140
142 1
142 2
142 3
142 4
142 5
142 6
142 7
142 8
142 9
142 10
142 11
142 12
142 13
142 14
142 15
142 16
142 17
142 75
142 76
142 77
142 78
142 79
142 80
142 92
142 140
142 141
143 1
143 2
143 3
143 4
143 5
143 6
143 7
143 8
143 9
143 10
143 11
143 12
143 13
143 14
143 15
143 16
143 17
143 75
143 76
143 77
143 78
143 79
143 80
143 92
143 140
143 141
144 1
144 2
144 3
144 4
144 5
144 6
144 7
144 8
144 9
144 10
144 11
144 12
144 13
144 14
144 15
144 16
144 17
144 75
144 76
144 77
144 78
144 79
144 80
144 92
144 140
144 141
144 143
145 1
145 2
145 3
145 4
145 5
145 6
145 7
145 8
145 9
145 10
145 11
145 12
145 13
145 14
145 15
145 16
145 17
145 75
145 76
145 77
145 78
145 79
145 80
145 92
145 140
145 141
146 1
146 2
146 3
146 4
146 5
146 6
146 7
146 8
146 9
146 10
146 11
146 12
146 13
146 14
146 15
146 16
146 17
146 75
146 76
146 77
146 78
146 79
146 80
146 92
146 140
146 141
147 1
147 2
147 3
147 4
147 5
147 6
147 7
147 8
147 9
147 10
147 11
147 12
147 13
147 14
147 15
147 16
147 17
147 75
147 76
147 77
147 78
147 79
147 80
147 92
147 140
147 141
147 146
148 1
148 2
148 3
148 4
148 5
148 6
148 7
148 8
148 9
148 10
148 11
148 12
148 13
148 14
148 15
148 16
148 17
148 75
148 76
148 77
148 78
148 79
148 80
148 92
148 140
148 141
149 1
149 2
149 3
149 17
149 18
149 19
149 20
149 21
149 22
149 23
149 24
149 25
149 26
149 27
149 28
149 29
149 30
149 31
149 32
149 48
149 81
149 90
150 1
150 2
150 3
150 4
150 5
150 6
150 7
150 8
150 9
150 10
150 11
150 12
150 13
150 14
150 15
150 16
150 17
150 75
150 76
150 77
150 78
150 79
150 80
150 92
150 140
150 141
150 148
151 1
151 2
151 3
151 4
151 5
151 6
151 7
151 8
151 9
151 10
151 11
151 12
151 13
151 14
151 15
151 16
151 17
151 75
151 76
151 77
151 78
151 79
151 80
151 92
151 140
151 141
152 1
152 2
152 3
152 11
152 12
152 13
152 14
152 15
152 16
152 17
152 18
152 19
152 20
152 21
152 22
152 23
152 24
152 25
152 26
152 27
152 28
152 29
152 30
152 31
152 32
152 36
152 37
152 39
152 40
152 41
152 45
152 48
152 49
152 50
152 51
152 52
152 53
152 54
152 55
152 56
152 57
152 58
152 59
152 60
152 61
152 62
152 81
152 90
153 1
153 2
153 3
153 4
153 5
153 6
153 7
153 8
153 9
153 10
153 11
153 12
153 13
153 14
153 15
153 16
153 17
153 75
153 76
153 77
153 78
153 79
153 80
153 92
153 140
153 141
154 1
154 2
154 3
154 4
154 5
154 6
154 7
154 8
154 9
154 10
154 11
154 12
154 13
154 14
154 15
154 16
154 17
154 75
154 76
154 77
154 78
154 79
154 80
154 92
154 140
154 141
154 153
155 1
155 2
155 3
155 4
155 5
155 6
155 7
155 8
155 9
155 10
155 11
155 12
155 13
155 14
155 15
155 16
155 17
155 75
155 76
155 77
155 78
155 79
155 80
155 92
155 140
155 141
156 1
156 2
156 3
156 4
156 5
156 6
156 7
156 8
156 9
156 10
156 11
156 12
156 13
156 14
156 15
156 16
156 17
156 75
156 76
156 77
156 78
156 79
156 80
156 92
156 140
156 141
157 1
157 2
157 3
157 4
157 5
157 6
157 7
157 8
157 9
157 10
157 11
157 12
157 13
157 14
157 15
157 16
157 17
157 75
157 76
157 77
157 78
157 79
157 80
157 92
157 140
157 141
157 156
158 1
158 2
158 3
158 4
158 5
158 6
158 7
158 8
158 9
158 10
158 11
158 12
158 13
158 14
158 15
158 16
158 17
158 75
158 76
158 77
158 78
158 79
158 80
158 92
158 140
158 141
159 1
159 2
159 3
159 4
159 5
159 6
159 7
159 8
159 9
159 10
159 11
159 12
159 13
159 14
159 15
159 16
159 17
159 75
159 76
159 77
159 78
159 79
159 80
159 92
159 140
159 141
160 1
160 2
160 3
160 4
160 5
160 6
160 7
160 8
160 9
160 10
160 11
160 12
160 13
160 14
160 15
160 16
160 17
160 75
160 76
160 77
160 78
160 79
160 80
160 92
160 140
160 141
160 159
161 1
161 2
161 3
161 4
161 5
161 6
161 7
161 8
161 9
161 10
161 11
161 12
161 13
161 14
161 15
161 16
161 17
161 75
161 76
161 77
161 78
161 79
161 80
161 92
161 140
161 141
162 1
162 2
162 3
162 4
162 5
162 6
162 7
162 8
162 9
162 10
162 11
162 12
162 13
162 14
162 15
162 16
162 17
162 75
162 76
162 77
162 78
162 79
162 80
162 92
162 140
162 141
163 1
163 2
163 3
163 4
163 5
163 6
163 7
163 8
163 9
163 10
163 11
163 12
163 13
163 14
163 15
163 16
163 17
163 75
163 76
163 77
163 78
163 79
163 80
163 92
163 140
163 141
163 162
164 1
164 2
164 3
164 4
164 5
164 6
164 7
164 8
164 9
164 10
164 11
164 12
164 13
164 14
164 15
164 16
164 17
164 75
164 76
164 77
164 78
164 79
164 80
164 92
164 140
164 141
165 1
165 2
165 3
165 17
165 18
165 19
165 20
165 21
165 22
165 23
165 24
165 25
165 26
165 27
165 28
165 29
165 30
165 31
165 32
165 48
165 81
165 90
165 152
166 1
166 2
166 3
166 4
166 5
166 6
166 7
166 8
166 9
166 10
166 11
166 12
166 13
166 14
166 15
166 16
166 17
166 75
166 76
166 77
166 78
166 79
166 80
166 92
166 140
166 141
167 1
167 2
167 3
167 4
167 5
167 6
167 7
167 8
167 9
167 10
167 11
167 12
167 13
167 14
167 15
167 16
167 17
167 75
167 76
167 77
167 78
167 79
167 80
167 92
167 140
167 141
168 1
168 2
168 3
168 4
168 5
168 6
168 7
168 8
168 9
168 10
168 11
168 12
168 13
168 14
168 15
168 16
168 17
168 75
168 76
168 77
168 78
168 79
168 80
168 92
168 140
168 141
168 167
169 1
169 2
169 3
169 4
169 5
169 6
169 7
169 8
169 9
169 10
169 11
169 12
169 13
169 14
169 15
169 16
169 17
169 75
169 76
169 77
169 78
169 79
169 80
169 92
169 140
169 141
170 1
170 2
170 3
170 4
170 5
170 6
170 7
170 8
170 9
170 10
170 11
170 12
170 13
170 14
170 15
170 16
170 17
170 75
170 76
170 77
170 78
170 79
170 80
170 92
170 140
170 141
170 169
171 1
171 2
171 3
171 4
171 5
171 6
171 7
171 8
171 9
171 10
171 11
171 12
171 13
171 14
171 15
171 16
171 17
171 75
171 76
171 77
171 78
171 79
171 80
171 92
171 140
171 141
171 169
172 1
172 2
172 3
172 4
172 5
172 6
172 7
172 8
172 9
172 10
172 11
172 12
172 13
172 14
172 15
172 16
172 17
172 75
172 76
172 77
172 78
172 79
172 80
172 92
172 140
172 141
174 1
174 2
174 3
174 17
174 18
174 19
174 20
174 21
174 22
174 23
174 24
174 25
174 26
174 27
174 28
174 29
174 30
174 31
174 32
174 36
174 48
174 81
174 90
174 152
175 1
175 2
175 3
175 17
175 18
175 19
175 20
175 21
175 22
175 23
175 24
175 25
175 26
175 27
175 28
175 29
175 30
175 31
175 32
175 48
175 49
175 50
175 51
175 81
175 90
175 152
178 1
178 2
178 3
178 17
178 18
178 19
178 20
178 21
178 22
178 23
178 24
178 25
178 26
178 27
178 28
178 29
178 30
178 31
178 32
178 48
178 49
178 50
178 81
178 90
178 152
178 175
179 1
179 2
179 3
179 17
179 18
179 19
179 20
179 21
179 22
179 23
179 24
179 25
179 26
179 27
179 28
179 29
179 30
179 31
179 32
179 48
179 49
179 50
179 81
179 90
179 152
179 175
179 178
180 1
180 2
180 3
180 17
180 18
180 19
180 20
180 21
180 22
180 23
180 24
180 25
180 26
180 27
180 28
180 29
180 30
180 31
180 32
180 48
180 49
180 50
180 81
180 90
180 152
180 175
180 179
181 1
181 2
181 3
181 17
181 18
181 19
181 20
181 21
181 22
181 23
181 24
181 25
181 26
181 27
181 28
181 29
181 30
181 31
181 32
181 48
181 49
181 50
181 81
181 90
181 152
181 175
181 179
181 180
182 1
182 2
182 3
182 4
182 5
182 6
182 7
182 8
182 9
182 10
182 11
182 12
182 13
182 14
182 15
182 16
182 17
182 75
182 76
182 77
182 78
182 79
182 80
182 92
182 140
182 141
183 1
183 2
183 3
183 4
183 5
183 6
183 7
183 8
183 9
183 10
183 11
183 12
183 13
183 14
183 15
183 16
183 17
183 75
183 76
183 77
183 78
183 79
183 80
183 92
183 140
183 141
183 182
184 1
184 2
184 3
184 17
184 18
184 19
184 20
184 21
184 22
184 23
184 24
184 25
184 26
184 27
184 28
184 29
184 30
184 31
184 32
184 48
184 49
184 50
184 81
184 90
184 152
184 175
184 179
184 180
185 1
185 2
185 3
185 4
185 5
185 6
185 7
185 8
185 9
185 10
185 11
185 12
185 13
185 14
185 15
185 16
185 17
185 75
185 76
185 77
185 78
185 79
185 80
185 92
185 140
185 141
185 183
186 1
186 2
186 3
186 4
186 5
186 6
186 7
186 8
186 9
186 10
186 11
186 12
186 13
186 14
186 15
186 16
186 17
186 75
186 76
186 77
186 78
186 79
186 80
186 92
186 140
186 141
186 183
186 185
187 1
187 2
187 3
187 4
187 5
187 6
187 7
187 8
187 9
187 10
187 11
187 12
187 13
187 14
187 15
187 16
187 17
187 75
187 76
187 77
187 78
187 79
187 80
187 92
187 140
187 141
187 183
187 186
188 1
188 2
188 3
188 4
188 5
188 6
188 7
188 8
188 9
188 10
188 11
188 12
188 13
188 14
188 15
188 16
188 17
188 75
188 76
188 77
188 78
188 79
188 80
188 92
188 140
188 141
188 183
188 186
188 187
189 1
189 2
189 3
189 4
189 5
189 6
189 7
189 8
189 9
189 10
189 11
189 12
189 13
189 14
189 15
189 16
189 17
189 75
189 76
189 77
189 78
189 79
189 80
189 92
189 140
189 141
189 183
189 186
189 188
190 1
190 2
190 3
190 4
190 5
190 6
190 7
190 8
190 9
190 10
190 11
190 12
190 13
190 14
190 15
190 16
190 17
190 75
190 76
190 77
190 78
190 79
190 80
190 92
190 140
190 141
190 183
190 186
190 188
190 189
191 1
191 2
191 3
191 4
191 5
191 6
191 7
191 8
191 9
191 10
191 11
191 12
191 13
191 14
191 15
191 16
191 17
191 75
191 76
191 77
191 78
191 79
191 80
191 92
191 140
191 141
191 183
191 186
191 188
191 189
192 1
192 2
192 3
192 4
192 5
192 6
192 7
192 8
192 9
192 10
192 11
192 12
192 13
192 14
192 15
192 16
192 17
192 75
192 76
192 77
192 78
192 79
192 80
192 92
192 140
192 141
192 183
192 188
192 189
193 1
193 2
193 3
193 4
193 5
193 6
193 7
193 8
193 9
193 10
193 11
193 12
193 13
193 14
193 15
193 16
193 17
193 75
193 76
193 77
193 78
193 79
193 80
193 92
193 140
193 141
193 183
193 188
193 189
194 1
194 2
194 3
194 4
194 5
194 6
194 7
194 8
194 9
194 10
194 11
194 12
194 13
194 14
194 15
194 16
194 17
194 75
194 76
194 77
194 78
194 79
194 80
194 92
194 140
194 141
194 183
194 188
194 189
194 193
195 1
195 2
195 3
195 4
195 5
195 6
195 7
195 8
195 9
195 10
195 11
195 12
195 13
195 14
195 15
195 16
195 17
195 75
195 76
195 77
195 78
195 79
195 80
195 92
195 140
195 141
195 188
195 189
195 193
196 1
196 2
196 3
196 4
196 5
196 6
196 7
196 8
196 9
196 10
196 11
196 12
196 13
196 14
196 15
196 16
196 17
196 75
196 76
196 77
196 78
196 79
196 80
196 92
196 140
196 141
196 188
196 189
196 193
197 1
197 2
197 3
197 17
197 18
197 19
197 20
197 21
197 22
197 23
197 24
197 25
197 26
197 27
197 28
197 29
197 30
197 31
197 32
197 48
197 49
197 50
197 81
197 90
197 152
197 175
197 179
197 180
198 1
198 2
198 3
198 4
198 5
198 6
198 7
198 8
198 9
198 10
198 11
198 12
198 13
198 14
198 15
198 16
198 17
198 75
198 76
198 77
198 78
198 79
198 80
198 92
198 140
198 141
198 188
198 189
198 193
198 196
199 1
199 2
199 3
199 17
199 18
199 19
199 20
199 21
199 22
199 23
199 24
199 25
199 26
199 27
199 28
199 29
199 30
199 31
199 32
199 48
199 49
199 50
199 81
199 90
199 152
199 175
199 179
199 180
200 1
200 2
200 3
200 4
200 5
200 6
200 7
200 8
200 9
200 10
200 11
200 12
200 13
200 14
200 15
200 16
200 17
200 75
200 76
200 77
200 78
200 79
200 80
200 92
200 140
200 141
200 188
200 189
200 193
201 1
201 2
201 3
201 4
201 5
201 6
201 7
201 8
201 9
201 10
201 11
201 12
201 13
201 14
201 15
201 16
201 17
201 75
201 76
201 77
201 78
201 79
201 80
201 92
201 140
201 141
201 189
201 193
202 1
202 2
202 3
202 17
202 18
202 19
202 20
202 21
202 22
202 23
202 24
202 25
202 26
202 27
202 28
202 29
202 30
202 31
202 32
202 48
202 49
202 50
202 81
202 90
202 152
202 175
202 179
202 180
205 1
205 2
205 3
205 17
205 18
205 19
205 20
205 21
205 22
205 23
205 24
205 25
205 26
205 27
205 28
205 29
205 30
205 31
205 32
205 48
205 49
205 50
205 81
205 90
205 152
205 175
207 1
207 2
207 3
207 17
207 18
207 19
207 20
207 21
207 22
207 23
207 24
207 25
207 26
207 27
207 28
207 29
207 30
207 31
207 32
207 48
207 49
207 50
207 81
207 90
207 152
207 175
207 179
207 180
208 1
208 2
208 3
208 17
208 18
208 19
208 20
208 21
208 22
208 23
208 24
208 25
208 26
208 27
208 28
208 29
208 30
208 31
208 32
208 48
208 49
208 50
208 81
208 90
208 152
208 175
208 179
208 180
208 207
209 1
209 2
209 3
209 17
209 18
209 19
209 20
209 21
209 22
209 23
209 24
209 25
209 26
209 27
209 28
209 29
209 30
209 31
209 32
209 48
209 49
209 50
209 81
209 90
209 152
209 175
209 179
209 180
210 1
210 2
210 3
210 17
210 18
210 19
210 20
210 21
210 22
210 23
210 24
210 25
210 26
210 27
210 28
210 29
210 30
210 31
210 32
210 48
210 49
210 50
210 81
210 90
210 152
210 175
210 179
210 209
211 1
211 2
211 3
211 17
211 18
211 19
211 20
211 21
211 22
211 23
211 24
211 25
211 26
211 27
211 28
211 29
211 30
211 31
211 32
211 48
211 49
211 50
211 81
211 90
211 152
211 175
211 179
212 1
212 2
212 3
212 17
212 18
212 19
212 20
212 21
212 22
212 23
212 24
212 25
212 26
212 27
212 28
212 29
212 30
212 31
212 32
212 48
212 49
212 50
212 51
212 81
212 90
212 152
212 175
212 179
213 1
213 2
213 3
213 17
213 18
213 19
213 20
213 21
213 22
213 23
213 24
213 25
213 26
213 27
213 28
213 29
213 30
213 31
213 32
213 48
213 49
213 50
213 81
213 90
213 152
213 175
213 179
213 212
214 1
214 2
214 3
214 17
214 18
214 19
214 20
214 21
214 22
214 23
214 24
214 25
214 26
214 27
214 28
214 29
214 30
214 31
214 32
214 48
214 49
214 50
214 51
214 81
214 90
214 152
214 175
214 179
214 212
215 1
215 2
215 3
215 17
215 18
215 19
215 20
215 21
215 22
215 23
215 24
215 25
215 26
215 27
215 28
215 29
215 30
215 31
215 32
215 48
215 49
215 50
215 81
215 90
215 152
215 175
215 179
215 212
215 214
216 1
216 2
216 3
216 17
216 18
216 19
216 20
216 21
216 22
216 23
216 24
216 25
216 26
216 27
216 28
216 29
216 30
216 31
216 32
216 48
216 49
216 50
216 51
216 81
216 90
216 152
216 175
216 179
216 212
216 214
217 1
217 2
217 3
217 17
217 18
217 19
217 20
217 21
217 22
217 23
217 24
217 25
217 26
217 27
217 28
217 29
217 30
217 31
217 32
217 48
217 49
217 50
217 81
217 90
217 152
217 175
217 179
217 212
217 214
217 216
218 1
218 2
218 3
218 17
218 18
218 19
218 20
218 21
218 22
218 23
218 24
218 25
218 26
218 27
218 28
218 29
218 30
218 31
218 32
218 48
218 49
218 50
218 51
218 81
218 90
218 152
218 175
218 212
218 214
218 216
221 1
221 2
221 3
221 17
221 18
221 19
221 20
221 21
221 22
221 23
221 24
221 25
221 26
221 27
221 28
221 29
221 30
221 31
221 32
221 48
221 49
221 50
221 51
221 81
221 90
221 152
221 175
221 212
221 214
221 216
221 218
222 1
222 2
222 3
222 17
222 18
222 19
222 20
222 21
222 22
222 23
222 24
222 25
222 26
222 27
222 28
222 29
222 30
222 31
222 32
222 36
222 48
222 81
222 90
222 152
223 1
223 2
223 3
223 4
223 5
223 6
223 7
223 8
223 9
223 10
223 11
223 12
223 13
223 14
223 15
223 16
223 17
223 75
223 76
223 77
223 78
223 79
223 80
223 92
223 140
223 141
224 1
224 2
224 3
224 17
224 18
224 19
224 20
224 21
224 22
224 23
224 24
224 25
224 26
224 27
224 28
224 29
224 30
224 31
224 32
224 48
224 81
224 90
224 152
225 1
225 2
225 3
225 4
225 5
225 6
225 7
225 8
225 9
225 10
225 11
225 12
225 13
225 14
225 15
225 16
225 17
225 75
225 76
225 77
225 78
225 79
225 80
225 92
225 140
225 141
225 223
226 1
226 2
226 3
226 4
226 5
226 6
226 7
226 8
226 9
226 10
226 11
226 12
226 13
226 14
226 15
226 16
226 17
226 75
226 76
226 77
226 78
226 79
226 80
226 92
226 140
226 141
227 1
227 2
227 3
227 4
227 5
227 6
227 7
227 8
227 9
227 10
227 11
227 12
227 13
227 14
227 15
227 16
227 17
227 75
227 76
227 77
227 78
227 79
227 80
227 92
227 140
227 141
227 226
228 1
228 2
228 3
228 4
228 5
228 6
228 7
228 8
228 9
228 10
228 11
228 12
228 13
228 14
228 15
228 16
228 17
228 75
228 76
228 77
228 78
228 79
228 80
228 92
228 140
228 141
229 1
229 2
229 3
229 11
229 12
229 17
229 18
229 19
229 20
229 21
229 22
229 23
229 24
229 25
229 26
229 27
229 28
229 29
229 30
229 31
229 32
229 48
229 81
229 90
229 152
230 1
230 2
230 3
230 11
230 12
230 13
230 14
230 17
230 18
230 19
230 20
230 21
230 22
230 23
230 24
230 25
230 26
230 27
230 28
230 29
230 30
230 31
230 32
230 48
230 81
230 90
230 152
231 1
231 2
231 3
231 11
231 12
231 13
231 14
231 17
231 18
231 19
231 20
231 21
231 22
231 23
231 24
231 25
231 26
231 27
231 28
231 29
231 30
231 31
231 32
231 48
231 81
231 90
231 152
232 1
232 2
232 3
232 11
232 12
232 13
232 14
232 17
232 18
232 19
232 20
232 21
232 22
232 23
232 24
232 25
232 26
232 27
232 28
232 29
232 30
232 31
232 32
232 48
232 81
232 90
232 152
233 1
233 2
233 3
233 4
233 5
233 6
233 7
233 8
233 9
233 10
233 11
233 12
233 13
233 14
233 15
233 16
233 17
233 75
233 76
233 77
233 78
233 79
233 80
233 92
233 140
233 141
234 1
234 2
234 3
234 4
234 5
234 6
234 7
234 8
234 9
234 10
234 11
234 12
234 13
234 14
234 15
234 16
234 17
234 75
234 76
234 77
234 78
234 79
234 80
234 92
234 140
234 141
234 233
235 1
235 2
235 3
235 4
235 5
235 6
235 7
235 8
235 9
235 10
235 11
235 12
235 13
235 14
235 15
235 16
235 17
235 75
235 76
235 77
235 78
235 79
235 80
235 92
235 140
235 141
236 1
236 2
236 3
236 17
236 18
236 19
236 20
236 21
236 22
236 23
236 24
236 25
236 26
236 27
236 28
236 29
236 30
236 31
236 32
236 48
236 81
236 90
236 152
237 1
237 2
237 3
237 17
237 18
237 19
237 20
237 21
237 22
237 23
237 24
237 25
237 26
237 27
237 28
237 29
237 30
237 31
237 32
237 48
237 81
237 90
237 152
237 236
238 1
238 2
238 3
238 4
238 5
238 6
238 7
238 8
238 9
238 10
238 11
238 12
238 13
238 14
238 15
238 16
238 17
238 75
238 76
238 77
238 78
238 79
238 92
238 140
238 141
239 1
239 2
239 3
239 4
239 5
239 6
239 7
239 8
239 9
239 10
239 11
239 12
239 13
239 14
239 15
239 16
239 17
239 75
239 76
239 77
239 78
239 79
239 92
239 140
239 141
239 238
240 1
240 2
240 3
240 17
240 18
240 19
240 20
240 21
240 22
240 23
240 24
240 25
240 26
240 27
240 28
240 29
240 30
240 31
240 32
240 48
240 54
240 81
240 90
240 152
242 1
242 2
242 3
242 17
242 18
242 19
242 20
242 21
242 22
242 23
242 24
242 25
242 26
242 27
242 28
242 29
242 30
242 31
242 32
242 48
242 54
242 81
242 90
242 152
242 240
243 1
243 2
243 3
243 17
243 18
243 19
243 20
243 21
243 22
243 23
243 24
243 25
243 26
243 27
243 28
243 29
243 30
243 31
243 32
243 48
243 54
243 81
243 90
243 152
243 240
243 242
244 1
244 2
244 3
244 4
244 5
244 6
244 7
244 8
244 9
244 10
244 11
244 12
244 13
244 14
244 15
244 16
244 17
244 75
244 76
244 77
244 78
244 79
244 92
244 140
244 141
244 238
244 239
245 1
245 2
245 3
245 4
245 5
245 6
245 7
245 8
245 9
245 10
245 11
245 12
245 13
245 14
245 15
245 16
245 17
245 75
245 76
245 77
245 78
245 79
245 92
245 140
245 141
245 238
245 239
245 244
246 1
246 2
246 3
246 4
246 5
246 6
246 7
246 8
246 9
246 10
246 11
246 12
246 13
246 14
246 15
246 16
246 17
246 75
246 76
246 77
246 78
246 79
246 92
246 140
246 141
246 238
246 239
246 244
246 245
247 1
247 2
247 3
247 4
247 5
247 6
247 7
247 8
247 9
247 10
247 11
247 12
247 13
247 14
247 15
247 16
247 17
247 75
247 76
247 77
247 78
247 79
247 92
247 140
247 141
247 238
247 239
247 244
248 1
248 2
248 3
248 4
248 5
248 6
248 7
248 8
248 9
248 10
248 11
248 12
248 13
248 14
248 15
248 16
248 17
248 75
248 76
248 77
248 78
248 79
248 92
248 140
248 141
248 238
248 239
248 244
249 1
249 2
249 3
249 4
249 5
249 6
249 7
249 8
249 9
249 10
249 11
249 12
249 13
249 14
249 15
249 16
249 17
249 75
249 76
249 77
249 78
249 79
249 92
249 140
249 141
249 238
249 239
249 244
249 248
250 1
250 2
250 3
250 4
250 5
250 6
250 7
250 8
250 9
250 10
250 11
250 12
250 13
250 14
250 15
250 16
250 17
250 75
250 76
250 77
250 78
250 79
250 92
250 140
250 141
250 238
250 239
250 244
251 1
251 2
251 3
251 4
251 5
251 6
251 7
251 8
251 9
251 10
251 11
251 12
251 13
251 14
251 15
251 16
251 17
251 75
251 76
251 77
251 78
251 79
251 92
251 140
251 141
251 238
251 239
251 244
251 250
252 1
252 2
252 3
252 4
252 5
252 6
252 7
252 8
252 9
252 10
252 11
252 12
252 13
252 14
252 15
252 16
252 17
252 75
252 76
252 77
252 78
252 79
252 92
252 140
252 141
252 238
252 239
252 250
253 1
253 2
253 3
253 4
253 5
253 6
253 7
253 8
253 9
253 10
253 11
253 12
253 13
253 14
253 15
253 16
253 17
253 75
253 76
253 77
253 78
253 79
253 92
253 140
253 141
253 238
253 239
253 250
254 1
254 2
254 3
254 4
254 5
254 6
254 7
254 8
254 9
254 10
254 11
254 12
254 13
254 14
254 15
254 16
254 17
254 75
254 76
254 77
254 78
254 79
254 92
254 140
254 141
254 238
254 239
255 1
255 2
255 3
255 4
255 5
255 6
255 7
255 8
255 9
255 10
255 11
255 12
255 13
255 14
255 15
255 16
255 17
255 75
255 76
255 77
255 78
255 79
255 92
255 140
255 141
255 238
255 239
255 254
256 1
256 2
256 3
256 4
256 5
256 6
256 7
256 8
256 9
256 10
256 11
256 12
256 13
256 14
256 15
256 16
256 17
256 75
256 76
256 77
256 78
256 79
256 92
256 140
256 141
256 238
256 239
256 254
257 1
257 2
257 3
257 4
257 5
257 6
257 7
257 8
257 9
257 10
257 11
257 12
257 13
257 14
257 15
257 16
257 17
257 75
257 76
257 77
257 78
257 79
257 92
257 140
257 141
257 238
257 239
257 254
258 1
258 2
258 3
258 4
258 5
258 6
258 7
258 8
258 9
258 10
258 11
258 12
258 13
258 14
258 15
258 16
258 17
258 75
258 76
258 77
258 78
258 79
258 92
258 140
258 141
258 238
258 239
259 1
259 2
259 3
259 4
259 5
259 6
259 7
259 8
259 9
259 10
259 11
259 12
259 13
259 14
259 15
259 16
259 17
259 75
259 76
259 77
259 78
259 79
259 92
259 140
259 141
259 238
259 239
261 1
261 2
261 3
261 17
261 18
261 19
261 20
261 21
261 22
261 23
261 24
261 25
261 26
261 27
261 28
261 29
261 30
261 31
261 32
261 48
261 54
261 81
261 90
261 152
261 240
261 242
262 1
262 2
262 3
262 17
262 18
262 19
262 20
262 21
262 22
262 23
262 24
262 25
262 26
262 27
262 28
262 29
262 30
262 31
262 32
262 48
262 81
262 90
262 152
263 1
263 2
263 3
263 17
263 18
263 19
263 20
263 21
263 22
263 23
263 24
263 25
263 26
263 27
263 28
263 29
263 30
263 31
263 32
263 48
263 81
263 90
263 152
264 1
264 2
264 3
264 17
264 18
264 19
264 20
264 21
264 22
264 23
264 24
264 25
264 26
264 27
264 28
264 29
264 30
264 31
264 32
264 48
264 56
264 81
264 90
264 152
265 1
265 2
265 3
265 17
265 18
265 19
265 20
265 21
265 22
265 23
265 24
265 25
265 26
265 27
265 28
265 29
265 30
265 31
265 32
265 48
265 81
265 90
265 152
265 264
267 1
267 2
267 3
267 17
267 18
267 19
267 20
267 21
267 22
267 23
267 24
267 25
267 26
267 27
267 28
267 29
267 30
267 31
267 32
267 48
267 55
267 56
267 81
267 90
267 152
267 264
268 1
268 2
268 3
268 17
268 18
268 19
268 20
268 21
268 22
268 23
268 24
268 25
268 26
268 27
268 28
268 29
268 30
268 31
268 32
268 48
268 56
268 81
268 90
268 152
268 267
269 1
269 2
269 3
269 17
269 18
269 19
269 20
269 21
269 22
269 23
269 24
269 25
269 26
269 27
269 28
269 29
269 30
269 31
269 32
269 48
269 56
269 81
269 90
269 152
269 267
270 1
270 2
270 3
270 17
270 18
270 19
270 20
270 21
270 22
270 23
270 24
270 25
270 26
270 27
270 28
270 29
270 30
270 31
270 32
270 48
270 55
270 56
270 81
270 90
270 152
270 267
270 269
271 1
271 2
271 3
271 17
271 18
271 19
271 20
271 21
271 22
271 23
271 24
271 25
271 26
271 27
271 28
271 29
271 30
271 31
271 32
271 48
271 56
271 81
271 90
271 152
271 267
271 270
272 1
272 2
272 3
272 17
272 18
272 19
272 20
272 21
272 22
272 23
272 24
272 25
272 26
272 27
272 28
272 29
272 30
272 31
272 32
272 48
272 56
272 81
272 90
272 152
272 267
272 270
273 1
273 2
273 3
273 17
273 18
273 19
273 20
273 21
273 22
273 23
273 24
273 25
273 26
273 27
273 28
273 29
273 30
273 31
273 32
273 48
273 56
273 81
273 90
273 152
273 267
273 270
273 272
274 1
274 2
274 3
274 17
274 18
274 19
274 20
274 21
274 22
274 23
274 24
274 25
274 26
274 27
274 28
274 29
274 30
274 31
274 32
274 48
274 55
274 56
274 81
274 90
274 152
274 267
274 270
274 272
274 273
275 1
275 2
275 3
275 17
275 18
275 19
275 20
275 21
275 22
275 23
275 24
275 25
275 26
275 27
275 28
275 29
275 30
275 31
275 32
275 48
275 55
275 56
275 81
275 90
275 152
275 267
275 270
275 273
275 274
276 1
276 2
276 3
276 17
276 18
276 19
276 20
276 21
276 22
276 23
276 24
276 25
276 26
276 27
276 28
276 29
276 30
276 31
276 32
276 48
276 56
276 81
276 90
276 152
276 267
276 270
276 273
276 274
276 275
277 1
277 2
277 3
277 17
277 18
277 19
277 20
277 21
277 22
277 23
277 24
277 25
277 26
277 27
277 28
277 29
277 30
277 31
277 32
277 48
277 56
277 81
277 90
277 152
277 267
277 270
277 274
277 275
278 1
278 2
278 3
278 17
278 18
278 19
278 20
278 21
278 22
278 23
278 24
278 25
278 26
278 27
278 28
278 29
278 30
278 31
278 32
278 48
278 56
278 81
278 90
278 152
278 267
278 270
278 274
278 275
278 277
279 1
279 2
279 3
279 17
279 18
279 19
279 20
279 21
279 22
279 23
279 24
279 25
279 26
279 27
279 28
279 29
279 30
279 31
279 32
279 48
279 56
279 81
279 90
279 152
279 267
279 270
280 1
280 2
280 3
280 17
280 18
280 19
280 20
280 21
280 22
280 23
280 24
280 25
280 26
280 27
280 28
280 29
280 30
280 31
280 32
280 48
280 56
280 81
280 90
280 152
280 267
280 270
281 1
281 2
281 3
281 17
281 18
281 19
281 20
281 21
281 22
281 23
281 24
281 25
281 26
281 27
281 28
281 29
281 30
281 31
281 32
281 48
281 56
281 81
281 90
281 152
281 267
281 270
282 1
282 2
282 3
282 17
282 18
282 19
282 20
282 21
282 22
282 23
282 24
282 25
282 26
282 27
282 28
282 29
282 30
282 31
282 32
282 48
282 56
282 81
282 90
282 152
282 267
282 270
283 1
283 2
283 3
283 17
283 18
283 19
283 20
283 21
283 22
283 23
283 24
283 25
283 26
283 27
283 28
283 29
283 30
283 31
283 32
283 48
283 56
283 81
283 90
283 152
283 267
283 270
283 282
284 1
284 2
284 3
284 17
284 18
284 19
284 20
284 21
284 22
284 23
284 24
284 25
284 26
284 27
284 28
284 29
284 30
284 31
284 32
284 48
284 56
284 81
284 90
284 152
284 267
284 270
285 1
285 2
285 3
285 17
285 18
285 19
285 20
285 21
285 22
285 23
285 24
285 25
285 26
285 27
285 28
285 29
285 30
285 31
285 32
285 48
285 56
285 81
285 90
285 152
285 267
285 270
285 274
285 275
285 277
286 1
286 2
286 3
286 17
286 18
286 19
286 20
286 21
286 22
286 23
286 24
286 25
286 26
286 27
286 28
286 29
286 30
286 31
286 32
286 48
286 56
286 81
286 90
286 152
286 267
286 270
286 274
286 275
286 277
286 285
287 1
287 2
287 3
287 17
287 18
287 19
287 20
287 21
287 22
287 23
287 24
287 25
287 26
287 27
287 28
287 29
287 30
287 31
287 32
287 48
287 56
287 81
287 90
287 152
287 267
287 270
287 274
287 275
287 277
288 1
288 2
288 3
288 17
288 18
288 19
288 20
288 21
288 22
288 23
288 24
288 25
288 26
288 27
288 28
288 29
288 30
288 31
288 32
288 48
288 56
288 81
288 90
288 152
288 267
288 270
288 274
288 275
288 287
289 1
289 2
289 3
289 17
289 18
289 19
289 20
289 21
289 22
289 23
289 24
289 25
289 26
289 27
289 28
289 29
289 30
289 31
289 32
289 48
289 56
289 81
289 90
289 152
289 267
289 270
289 274
289 275
290 1
290 2
290 3
290 17
290 18
290 19
290 20
290 21
290 22
290 23
290 24
290 25
290 26
290 27
290 28
290 29
290 30
290 31
290 32
290 48
290 55
290 56
290 81
290 90
290 152
290 267
290 270
290 274
290 275
291 1
291 2
291 3
291 17
291 18
291 19
291 20
291 21
291 22
291 23
291 24
291 25
291 26
291 27
291 28
291 29
291 30
291 31
291 32
291 48
291 55
291 56
291 81
291 90
291 152
291 267
291 270
291 274
291 275
291 290
293 1
293 2
293 3
293 17
293 18
293 19
293 20
293 21
293 22
293 23
293 24
293 25
293 26
293 27
293 28
293 29
293 30
293 31
293 32
293 48
293 55
293 56
293 81
293 90
293 152
293 267
293 270
293 274
293 275
293 290
294 1
294 2
294 3
294 4
294 5
294 6
294 7
294 8
294 9
294 10
294 11
294 12
294 13
294 14
294 15
294 16
294 17
294 75
294 76
294 77
294 78
294 79
294 92
294 141
295 1
295 2
295 3
295 17
295 18
295 19
295 20
295 21
295 22
295 23
295 24
295 25
295 26
295 27
295 28
295 29
295 30
295 31
295 32
295 48
295 55
295 56
295 81
295 90
295 152
295 267
295 270
295 274
295 275
295 290
295 293
296 1
296 2
296 3
296 17
296 18
296 19
296 20
296 21
296 22
296 23
296 24
296 25
296 26
296 27
296 28
296 29
296 30
296 31
296 32
296 48
296 55
296 56
296 81
296 90
296 152
296 267
296 270
296 274
296 275
296 290
296 293
298 1
298 2
298 3
298 17
298 18
298 19
298 20
298 21
298 22
298 23
298 24
298 25
298 26
298 27
298 28
298 29
298 30
298 31
298 32
298 48
298 55
298 56
298 81
298 90
298 152
298 267
298 270
298 274
298 275
298 290
298 293
299 1
299 2
299 3
299 4
299 5
299 6
299 7
299 8
299 9
299 10
299 11
299 12
299 13
299 14
299 15
299 16
299 17
299 75
299 76
299 77
299 78
299 79
299 92
299 141
301 1
301 2
301 3
301 4
301 5
301 6
301 7
301 8
301 9
301 10
301 11
301 12
301 13
301 14
301 15
301 16
301 17
301 75
301 76
301 77
301 78
301 79
301 92
301 141
302 1
302 2
302 3
302 4
302 5
302 6
302 7
302 8
302 9
302 10
302 11
302 12
302 13
302 14
302 15
302 16
302 17
302 75
302 76
302 77
302 78
302 79
302 92
302 141
302 301
303 1
303 2
303 3
303 17
303 18
303 19
303 20
303 21
303 22
303 23
303 24
303 25
303 26
303 27
303 28
303 29
303 30
303 31
303 32
303 48
303 56
303 81
303 90
303 152
304 1
304 2
304 3
304 17
304 18
304 19
304 20
304 21
304 22
304 23
304 24
304 25
304 26
304 27
304 28
304 29
304 30
304 31
304 32
304 48
304 56
304 81
304 90
304 152
305 1
305 2
305 3
305 4
305 5
305 6
305 7
305 8
305 9
305 10
305 11
305 12
305 13
305 14
305 15
305 16
305 17
305 75
305 76
305 77
305 78
305 79
305 92
305 141
305 301
305 302
306 1
306 2
306 3
306 4
306 5
306 6
306 7
306 8
306 9
306 10
306 11
306 12
306 13
306 14
306 15
306 16
306 17
306 75
306 76
306 77
306 78
306 79
306 92
306 141
306 301
307 1
307 2
307 3
307 4
307 5
307 6
307 7
307 8
307 9
307 10
307 11
307 12
307 13
307 14
307 15
307 16
307 17
307 75
307 76
307 77
307 78
307 79
307 92
307 141
308 1
308 2
308 3
308 4
308 5
308 6
308 7
308 8
308 9
308 10
308 11
308 12
308 13
308 14
308 15
308 16
308 17
308 75
308 76
308 77
308 78
308 79
308 92
308 141
309 1
309 2
309 3
309 4
309 5
309 6
309 7
309 8
309 9
309 10
309 11
309 12
309 13
309 14
309 15
309 16
309 17
309 75
309 76
309 77
309 78
309 79
309 92
309 141
310 1
310 2
310 3
310 4
310 5
310 6
310 7
310 8
310 9
310 10
310 11
310 12
310 13
310 14
310 15
310 16
310 17
310 75
310 76
310 77
310 78
310 79
310 92
310 141
310 309
311 1
311 2
311 3
311 4
311 5
311 6
311 7
311 8
311 9
311 10
311 11
311 12
311 13
311 14
311 15
311 16
311 17
311 75
311 76
311 77
311 78
311 79
311 92
311 141
312 1
312 2
312 3
312 4
312 5
312 6
312 7
312 8
312 9
312 10
312 11
312 12
312 13
312 14
312 15
312 16
312 17
312 75
312 76
312 77
312 78
312 79
312 92
312 141
313 1
313 2
313 3
313 4
313 5
313 6
313 7
313 8
313 9
313 10
313 11
313 12
313 13
313 14
313 15
313 16
313 17
313 75
313 76
313 77
313 78
313 79
313 92
313 141
314 1
314 2
314 3
314 4
314 5
314 6
314 7
314 8
314 9
314 10
314 11
314 12
314 13
314 14
314 15
314 16
314 17
314 75
314 76
314 77
314 78
314 79
314 92
314 141
315 1
315 2
315 3
315 12
315 13
315 17
315 18
315 19
315 20
315 21
315 22
315 23
315 24
315 25
315 26
315 27
315 28
315 29
315 30
315 31
315 32
315 48
315 56
315 81
315 90
315 152
316 1
316 2
316 3
316 4
316 5
316 6
316 7
316 8
316 9
316 10
316 11
316 12
316 13
316 14
316 15
316 16
316 17
316 75
316 76
316 77
316 78
316 79
316 92
316 141
316 314
317 1
317 2
317 3
317 12
317 13
317 17
317 18
317 19
317 20
317 21
317 22
317 23
317 24
317 25
317 26
317 27
317 28
317 29
317 30
317 31
317 32
317 48
317 56
317 81
317 90
317 152
318 1
318 2
318 3
318 12
318 13
318 17
318 18
318 19
318 20
318 21
318 22
318 23
318 24
318 25
318 26
318 27
318 28
318 29
318 30
318 31
318 32
318 48
318 56
318 81
318 90
318 152
318 317
319 1
319 2
319 3
319 4
319 5
319 6
319 7
319 8
319 9
319 10
319 11
319 12
319 13
319 14
319 15
319 16
319 17
319 75
319 76
319 77
319 78
319 79
319 92
319 141
320 1
320 2
320 3
320 4
320 5
320 6
320 7
320 8
320 9
320 10
320 11
320 12
320 13
320 14
320 15
320 16
320 17
320 75
320 76
320 77
320 78
320 79
320 92
320 141
320 319
321 1
321 2
321 3
321 4
321 5
321 6
321 7
321 8
321 9
321 10
321 11
321 12
321 13
321 14
321 15
321 16
321 17
321 75
321 76
321 77
321 78
321 79
321 92
321 141
322 1
322 2
322 3
322 12
322 13
322 17
322 18
322 19
322 20
322 21
322 22
322 23
322 24
322 25
322 26
322 27
322 28
322 29
322 30
322 31
322 32
322 48
322 56
322 81
322 90
322 152
323 1
323 2
323 3
323 12
323 13
323 17
323 18
323 19
323 20
323 21
323 22
323 23
323 24
323 25
323 26
323 27
323 28
323 29
323 30
323 31
323 32
323 48
323 56
323 81
323 90
323 152
323 322
324 1
324 2
324 3
324 11
324 12
324 13
324 17
324 18
324 19
324 20
324 21
324 22
324 23
324 24
324 25
324 26
324 27
324 28
324 29
324 30
324 31
324 32
324 48
324 56
324 81
324 90
324 152
325 1
325 2
325 3
325 17
325 18
325 19
325 20
325 21
325 22
325 23
325 24
325 25
325 26
325 27
325 28
325 29
325 30
325 31
325 32
325 48
325 56
325 81
325 90
325 152
326 1
326 2
326 3
326 4
326 5
326 6
326 7
326 8
326 9
326 10
326 11
326 12
326 13
326 14
326 15
326 16
326 17
326 75
326 76
326 77
326 78
326 79
326 92
326 141
327 1
327 2
327 3
327 4
327 5
327 6
327 7
327 8
327 9
327 10
327 11
327 12
327 13
327 14
327 15
327 16
327 17
327 75
327 76
327 77
327 78
327 79
327 92
327 141
328 1
328 2
328 3
328 4
328 5
328 6
328 7
328 8
328 9
328 10
328 11
328 12
328 13
328 14
328 15
328 16
328 17
328 75
328 76
328 77
328 78
328 79
328 92
328 141
328 327
329 1
329 2
329 3
329 17
329 18
329 19
329 20
329 21
329 22
329 23
329 24
329 25
329 26
329 27
329 28
329 29
329 30
329 31
329 32
329 48
329 56
329 81
329 90
329 152
330 1
330 2
330 3
330 4
330 5
330 6
330 7
330 8
330 9
330 10
330 11
330 12
330 13
330 14
330 15
330 16
330 17
330 75
330 76
330 77
330 78
330 79
330 92
330 141
331 1
331 2
331 3
331 4
331 5
331 6
331 7
331 8
331 9
331 10
331 11
331 12
331 13
331 14
331 15
331 16
331 17
331 75
331 76
331 77
331 78
331 79
331 92
332 1
332 2
332 3
332 4
332 5
332 6
332 7
332 8
332 9
332 10
332 11
332 12
332 13
332 14
332 15
332 16
332 17
332 75
332 76
332 77
332 78
332 79
332 92
332 331
333 1
333 2
333 3
333 4
333 5
333 6
333 7
333 8
333 9
333 10
333 11
333 12
333 13
333 14
333 15
333 16
333 17
333 75
333 76
333 77
333 78
333 79
333 92
334 1
334 2
334 3
334 17
334 18
334 19
334 20
334 21
334 22
334 23
334 24
334 25
334 26
334 27
334 28
334 29
334 30
334 31
334 32
334 48
334 56
334 81
334 90
334 152
335 1
335 2
335 3
335 4
335 5
335 6
335 7
335 8
335 9
335 10
335 11
335 12
335 13
335 14
335 15
335 16
335 17
335 75
335 76
335 77
335 78
335 79
335 92
335 333
336 1
336 2
336 3
336 4
336 5
336 6
336 7
336 8
336 9
336 10
336 11
336 12
336 13
336 14
336 15
336 16
336 17
336 75
336 76
336 77
336 78
336 79
336 92
337 1
337 2
337 3
337 17
337 18
337 19
337 20
337 21
337 22
337 23
337 24
337 25
337 26
337 27
337 28
337 29
337 30
337 31
337 32
337 48
337 56
337 81
337 90
337 152
338 1
338 2
338 3
338 17
338 18
338 19
338 20
338 21
338 22
338 23
338 24
338 25
338 26
338 27
338 28
338 29
338 30
338 31
338 32
338 48
338 56
338 81
338 90
338 152
339 1
339 2
339 3
339 17
339 18
339 19
339 20
339 21
339 22
339 23
339 24
339 25
339 26
339 27
339 28
339 29
339 30
339 31
339 32
339 48
339 56
339 81
339 90
339 152
340 1
340 2
340 3
340 17
340 18
340 19
340 20
340 21
340 22
340 23
340 24
340 25
340 26
340 27
340 28
340 29
340 30
340 31
340 32
340 48
340 56
340 81
340 90
340 152
341 1
341 2
341 3
341 17
341 18
341 19
341 20
341 21
341 22
341 23
341 24
341 25
341 26
341 27
341 28
341 29
341 30
341 31
341 32
341 48
341 81
341 90
341 152
342 1
342 2
342 3
342 17
342 18
342 19
342 20
342 21
342 22
342 23
342 24
342 25
342 26
342 27
342 28
342 29
342 30
342 31
342 32
342 48
342 81
342 90
342 152
344 1
344 2
344 3
344 17
344 18
344 19
344 20
344 21
344 22
344 23
344 24
344 25
344 26
344 27
344 28
344 29
344 30
344 31
344 32
344 37
344 48
344 81
344 90
344 152
345 1
345 2
345 17
345 18
345 19
345 20
345 21
345 22
345 23
345 24
345 25
345 26
345 27
345 28
345 29
345 30
345 31
345 32
345 37
345 81
346 1
346 2
346 17
346 18
346 19
346 20
346 21
346 22
346 23
346 24
346 25
346 26
346 27
346 28
346 29
346 30
346 31
346 32
346 37
346 44
346 345
347 1
347 2
347 17
347 18
347 19
347 20
347 21
347 22
347 23
347 24
347 25
347 26
347 27
347 28
347 29
347 30
347 31
347 32
347 37
347 345
347 346
348 1
348 2
348 17
348 18
348 19
348 20
348 21
348 22
348 23
348 24
348 25
348 26
348 27
348 28
348 29
348 30
348 31
348 32
348 37
348 43
349 1
349 2
349 3
349 4
349 5
349 6
349 7
349 8
349 9
349 10
349 11
349 12
349 13
349 14
349 15
349 16
349 17
349 22
349 23
349 24
349 25
349 26
349 75
349 76
349 77
349 78
349 79
350 1
350 2
350 3
350 4
350 5
350 6
350 7
350 8
350 9
350 10
350 11
350 12
350 13
350 14
350 15
350 16
350 17
350 21
350 22
350 23
350 24
350 25
350 26
350 75
350 76
350 77
350 78
350 79
350 349
351 1
351 2
351 3
351 4
351 5
351 6
351 7
351 8
351 9
351 10
351 11
351 12
351 13
351 14
351 15
351 16
351 17
351 20
351 21
351 22
351 23
351 24
351 25
351 26
351 75
351 76
351 77
351 78
351 79
351 349
351 350
352 1
352 2
352 3
352 4
352 5
352 6
352 7
352 8
352 9
352 10
352 11
352 12
352 13
352 14
352 15
352 16
352 17
352 19
352 20
352 21
352 22
352 23
352 24
352 25
352 26
352 75
352 76
352 77
352 78
352 79
352 349
352 350
352 351
353 1
353 2
353 17
353 18
353 19
353 20
353 21
353 22
353 23
353 24
353 25
353 26
353 27
353 28
353 29
353 30
353 31
353 32
354 1
354 2
354 16
354 17
354 18
354 19
354 20
354 21
354 22
354 23
354 24
354 25
354 26
354 27
354 28
354 29
354 30
354 31
354 32
354 353
355 1
355 2
355 10
355 16
355 17
355 18
355 19
355 20
355 21
355 22
355 23
355 24
355 25
355 26
355 27
355 28
355 29
355 30
355 31
355 32
355 353
355 354
356 1
356 2
356 9
356 10
356 16
356 17
356 18
356 19
356 20
356 21
356 22
356 23
356 24
356 25
356 26
356 27
356 28
356 29
356 30
356 31
356 32
356 353
356 354
356 355
357 1
357 2
357 8
357 9
357 10
357 16
357 17
357 18
357 19
357 20
357 21
357 22
357 23
357 24
357 25
357 26
357 27
357 28
357 29
357 30
357 31
357 32
357 353
357 354
357 355
357 356
358 1
358 2
358 7
358 8
358 9
358 10
358 16
358 17
358 18
358 19
358 20
358 21
358 22
358 23
358 24
358 25
358 26
358 27
358 28
358 29
358 30
358 31
358 32
358 353
358 354
358 355
358 356
358 357
359 1
359 2
359 6
359 7
359 8
359 9
359 10
359 16
359 17
359 18
359 19
359 20
359 21
359 22
359 23
359 24
359 25
359 26
359 27
359 28
359 29
359 30
359 31
359 32
359 353
359 354
359 355
359 356
359 357
359 358
360 1
360 2
360 5
360 6
360 7
360 8
360 9
360 10
360 16
360 17
360 18
360 19
360 20
360 21
360 22
360 23
360 24
360 25
360 26
360 27
360 28
360 29
360 30
360 31
360 32
360 353
360 354
360 355
360 356
360 357
360 358
360 359
361 1
361 2
361 17
361 18
361 19
361 20
361 21
361 22
361 23
361 24
361 25
361 26
361 27
361 28
361 29
361 30
361 31
361 32
361 37
362 1
362 2
362 17
362 18
362 19
362 20
362 21
362 22
362 23
362 24
362 25
362 26
362 27
362 28
362 29
362 30
362 31
362 32
362 35
362 42
362 361
363 1
363 2
363 17
363 18
363 19
363 20
363 21
363 22
363 23
363 24
363 25
363 26
363 27
363 28
363 29
363 30
363 31
363 32
363 362
364 1
364 2
364 17
364 18
364 19
364 20
364 21
364 22
364 23
364 24
364 25
364 26
364 27
364 28
364 29
364 30
364 31
364 32
364 362
364 363
365 1
365 2
365 17
365 18
365 19
365 20
365 21
365 22
365 23
365 24
365 25
365 26
365 27
365 28
365 29
365 30
365 31
365 32
365 35
365 42
365 362
367 1
367 2
367 17
367 18
367 19
367 20
367 21
367 22
367 23
367 24
367 25
367 26
367 27
367 28
367 29
367 30
367 31
367 32
367 42
367 362
367 365
368 1
368 2
368 17
368 18
368 19
368 20
368 21
368 22
368 23
368 24
368 25
368 26
368 27
368 28
368 29
368 30
368 31
368 32
368 35
368 42
368 362
368 365
369 1
369 2
369 17
369 18
369 19
369 20
369 21
369 22
369 23
369 24
369 25
369 26
369 27
369 28
369 29
369 30
369 31
369 32
369 42
369 362
369 365
369 368
371 1
371 2
371 17
371 18
371 19
371 20
371 21
371 22
371 23
371 24
371 25
371 26
371 27
371 28
371 29
371 30
371 31
371 32
371 42
371 362
371 365
374 1
374 2
374 17
374 18
374 19
374 20
374 21
374 22
374 23
374 24
374 25
374 26
374 27
374 28
374 29
374 30
374 31
374 32
374 35
374 42
374 362
374 365
374 368
376 1
376 2
376 17
376 18
376 19
376 20
376 21
376 22
376 23
376 24
376 25
376 26
376 27
376 28
376 29
376 30
376 31
376 32
376 37
376 43
376 348
378 1
378 2
378 17
378 18
378 19
378 20
378 21
378 22
378 23
378 24
378 25
378 26
378 27
378 28
378 29
378 30
378 31
378 32
378 37
378 43
378 348
378 376
380 1
380 2
380 17
380 18
380 19
380 20
380 21
380 22
380 23
380 24
380 25
380 26
380 27
380 28
380 29
380 30
380 31
380 32
380 37
380 44
382 1
382 2
382 17
382 18
382 19
382 20
382 21
382 22
382 23
382 24
382 25
382 26
382 27
382 28
382 29
382 30
382 31
382 32
382 37
382 44
382 380
383 1
383 2
383 3
383 17
383 18
383 19
383 20
383 21
383 22
383 23
383 24
383 25
383 26
383 27
383 28
383 29
383 30
383 31
383 32
383 48
383 81
383 90
383 152
384 1
384 2
384 3
384 17
384 18
384 19
384 20
384 21
384 22
384 23
384 24
384 25
384 26
384 27
384 28
384 29
384 30
384 31
384 32
384 48
384 81
384 90
384 152
385 1
385 2
385 3
385 17
385 18
385 19
385 20
385 21
385 22
385 23
385 24
385 25
385 26
385 27
385 28
385 29
385 30
385 31
385 32
385 48
385 81
385 90
385 152
386 1
386 2
386 3
386 17
386 18
386 19
386 20
386 21
386 22
386 23
386 24
386 25
386 26
386 27
386 28
386 29
386 30
386 31
386 32
386 48
386 81
386 90
386 152
387 1
387 2
387 3
387 17
387 18
387 19
387 20
387 21
387 22
387 23
387 24
387 25
387 26
387 27
387 28
387 29
387 30
387 31
387 32
387 48
387 81
387 90
387 152
387 386
388 1
388 2
388 3
388 17
388 18
388 19
388 20
388 21
388 22
388 23
388 24
388 25
388 26
388 27
388 28
388 29
388 30
388 31
388 32
388 48
388 81
388 90
388 152
388 387
389 1
389 2
389 3
389 17
389 18
389 19
389 20
389 21
389 22
389 23
389 24
389 25
389 26
389 27
389 28
389 29
389 30
389 31
389 32
389 48
389 81
389 90
389 152
389 387
389 388
390 1
390 2
390 3
390 17
390 18
390 19
390 20
390 21
390 22
390 23
390 24
390 25
390 26
390 27
390 28
390 29
390 30
390 31
390 32
390 48
390 81
390 90
390 152
390 388
391 1
391 2
391 3
391 17
391 18
391 19
391 20
391 21
391 22
391 23
391 24
391 25
391 26
391 27
391 28
391 29
391 30
391 31
391 32
391 48
391 81
391 90
391 152
391 388
391 390
392 1
392 2
392 3
392 17
392 18
392 19
392 20
392 21
392 22
392 23
392 24
392 25
392 26
392 27
392 28
392 29
392 30
392 31
392 32
392 48
392 81
392 90
392 152
393 1
393 2
393 3
393 17
393 18
393 19
393 20
393 21
393 22
393 23
393 24
393 25
393 26
393 27
393 28
393 29
393 30
393 31
393 32
393 48
393 81
393 90
393 152
394 1
394 2
394 3
394 17
394 18
394 19
394 20
394 21
394 22
394 23
394 24
394 25
394 26
394 27
394 28
394 29
394 30
394 31
394 32
394 48
394 81
394 90
394 152
395 1
395 2
395 3
395 17
395 18
395 19
395 20
395 21
395 22
395 23
395 24
395 25
395 26
395 27
395 28
395 29
395 30
395 31
395 32
395 48
395 81
395 90
395 152
396 1
396 2
396 3
396 17
396 18
396 19
396 20
396 21
396 22
396 23
396 24
396 25
396 26
396 27
396 28
396 29
396 30
396 31
396 32
396 48
396 81
396 90
396 152
396 395
397 1
397 2
397 3
397 17
397 18
397 19
397 20
397 21
397 22
397 23
397 24
397 25
397 26
397 27
397 28
397 29
397 30
397 31
397 32
397 48
397 81
397 90
397 152
399 1
399 2
399 3
399 4
399 5
399 6
399 7
399 8
399 9
399 10
399 11
399 12
399 13
399 14
399 15
399 16
399 17
399 75
399 76
399 77
399 78
399 79
399 92
400 1
400 2
400 3
400 17
400 18
400 19
400 20
400 21
400 22
400 23
400 24
400 25
400 26
400 27
400 28
400 29
400 30
400 31
400 32
400 48
400 81
400 90
400 152
400 388
400 390
401 1
401 2
401 3
401 17
401 18
401 19
401 20
401 21
401 22
401 23
401 24
401 25
401 26
401 27
401 28
401 29
401 30
401 31
401 32
401 48
401 81
401 90
401 152
401 388
401 390
401 400
402 1
402 2
402 3
402 17
402 18
402 19
402 20
402 21
402 22
402 23
402 24
402 25
402 26
402 27
402 28
402 29
402 30
402 31
402 32
402 48
402 81
402 90
402 152
402 388
402 390
403 1
403 2
403 3
403 17
403 18
403 19
403 20
403 21
403 22
403 23
403 24
403 25
403 26
403 27
403 28
403 29
403 30
403 31
403 32
403 48
403 81
403 90
403 152
403 388
403 402
404 1
404 2
404 3
404 17
404 18
404 19
404 20
404 21
404 22
404 23
404 24
404 25
404 26
404 27
404 28
404 29
404 30
404 31
404 32
404 48
404 81
404 90
404 152
404 388
405 1
405 2
405 3
405 17
405 18
405 19
405 20
405 21
405 22
405 23
405 24
405 25
405 26
405 27
405 28
405 29
405 30
405 31
405 32
405 48
405 62
405 81
405 90
405 152
405 388
406 1
406 2
406 3
406 17
406 18
406 19
406 20
406 21
406 22
406 23
406 24
406 25
406 26
406 27
406 28
406 29
406 30
406 31
406 32
406 48
406 81
406 90
406 152
406 388
406 405
407 1
407 2
407 3
407 17
407 18
407 19
407 20
407 21
407 22
407 23
407 24
407 25
407 26
407 27
407 28
407 29
407 30
407 31
407 32
407 48
407 62
407 81
407 90
407 152
407 388
407 405
408 1
408 2
408 3
408 17
408 18
408 19
408 20
408 21
408 22
408 23
408 24
408 25
408 26
408 27
408 28
408 29
408 30
408 31
408 32
408 48
408 81
408 90
408 152
408 388
408 405
408 407
409 1
409 2
409 3
409 17
409 18
409 19
409 20
409 21
409 22
409 23
409 24
409 25
409 26
409 27
409 28
409 29
409 30
409 31
409 32
409 48
409 62
409 81
409 90
409 152
409 388
409 405
409 407
410 1
410 2
410 3
410 17
410 18
410 19
410 20
410 21
410 22
410 23
410 24
410 25
410 26
410 27
410 28
410 29
410 30
410 31
410 32
410 48
410 81
410 90
410 152
410 388
410 405
410 407
410 409
411 1
411 2
411 3
411 17
411 18
411 19
411 20
411 21
411 22
411 23
411 24
411 25
411 26
411 27
411 28
411 29
411 30
411 31
411 32
411 48
411 62
411 81
411 90
411 152
411 388
411 405
411 407
411 409
412 1
412 2
412 3
412 17
412 18
412 19
412 20
412 21
412 22
412 23
412 24
412 25
412 26
412 27
412 28
412 29
412 30
412 31
412 32
412 48
412 81
412 90
412 152
412 388
412 405
412 407
412 409
412 411
413 1
413 2
413 3
413 17
413 18
413 19
413 20
413 21
413 22
413 23
413 24
413 25
413 26
413 27
413 28
413 29
413 30
413 31
413 32
413 48
413 62
413 81
413 90
413 152
413 388
413 405
413 407
413 409
413 411
414 1
414 2
414 3
414 17
414 18
414 19
414 20
414 21
414 22
414 23
414 24
414 25
414 26
414 27
414 28
414 29
414 30
414 31
414 32
414 48
414 81
414 90
414 152
414 388
414 405
414 407
414 409
414 411
414 413
415 1
415 2
415 3
415 17
415 18
415 19
415 20
415 21
415 22
415 23
415 24
415 25
415 26
415 27
415 28
415 29
415 30
415 31
415 32
415 48
415 62
415 81
415 90
415 152
415 388
415 405
415 407
415 409
415 411
415 413
416 1
416 2
416 3
416 17
416 18
416 19
416 20
416 21
416 22
416 23
416 24
416 25
416 26
416 27
416 28
416 29
416 30
416 31
416 32
416 48
416 81
416 90
416 152
416 388
416 405
416 407
416 409
416 411
416 413
416 415
417 1
417 2
417 3
417 17
417 18
417 19
417 20
417 21
417 22
417 23
417 24
417 25
417 26
417 27
417 28
417 29
417 30
417 31
417 32
417 48
417 62
417 81
417 90
417 152
417 405
417 407
417 409
417 411
417 413
417 415
419 1
419 2
419 3
419 17
419 18
419 19
419 20
419 21
419 22
419 23
419 24
419 25
419 26
419 27
419 28
419 29
419 30
419 31
419 32
419 48
419 62
419 81
419 90
419 152
419 405
419 407
419 409
419 411
419 413
419 415
419 417
420 1
420 2
420 3
420 4
420 5
420 6
420 7
420 8
420 9
420 10
420 11
420 12
420 13
420 14
420 15
420 16
420 17
420 75
420 76
420 77
420 78
420 79
420 92
420 399
421 1
421 2
421 3
421 4
421 5
421 6
421 7
421 8
421 9
421 10
421 11
421 12
421 13
421 14
421 15
421 16
421 17
421 75
421 76
421 77
421 78
421 79
421 92
421 399
421 420
422 1
422 2
422 3
422 4
422 5
422 6
422 7
422 8
422 9
422 10
422 11
422 12
422 13
422 14
422 15
422 16
422 17
422 75
422 76
422 77
422 78
422 79
422 92
422 399
422 420
422 421
423 1
423 2
423 3
423 4
423 5
423 6
423 7
423 8
423 9
423 10
423 11
423 12
423 13
423 14
423 15
423 16
423 17
423 75
423 76
423 77
423 78
423 79
423 92
423 399
423 420
423 421
423 422
424 1
424 2
424 3
424 4
424 5
424 6
424 7
424 8
424 9
424 10
424 11
424 12
424 13
424 14
424 15
424 16
424 17
424 75
424 76
424 77
424 78
424 79
424 92
424 399
424 420
424 421
425 1
425 2
425 3
425 4
425 5
425 6
425 7
425 8
425 9
425 10
425 11
425 12
425 13
425 14
425 15
425 16
425 17
425 75
425 76
425 77
425 78
425 79
425 92
425 399
425 420
425 421
425 424
426 1
426 2
426 3
426 4
426 5
426 6
426 7
426 8
426 9
426 10
426 11
426 12
426 13
426 14
426 15
426 16
426 17
426 75
426 76
426 77
426 78
426 79
426 92
426 399
426 420
426 421
426 424
426 425
427 1
427 2
427 3
427 4
427 5
427 6
427 7
427 8
427 9
427 10
427 11
427 12
427 13
427 14
427 15
427 16
427 17
427 75
427 76
427 77
427 78
427 79
427 92
427 399
427 420
427 421
427 424
427 425
428 1
428 2
428 3
428 4
428 5
428 6
428 7
428 8
428 9
428 10
428 11
428 12
428 13
428 14
428 15
428 16
428 17
428 75
428 76
428 77
428 78
428 79
428 92
428 399
428 420
428 421
428 425
429 1
429 2
429 3
429 4
429 5
429 6
429 7
429 8
429 9
429 10
429 11
429 12
429 13
429 14
429 15
429 16
429 17
429 75
429 76
429 77
429 78
429 79
429 92
429 399
429 420
429 425
430 1
430 2
430 3
430 4
430 5
430 6
430 7
430 8
430 9
430 10
430 11
430 12
430 13
430 14
430 15
430 16
430 17
430 75
430 76
430 77
430 78
430 79
430 92
430 399
430 420
430 425
431 1
431 2
431 3
431 4
431 5
431 6
431 7
431 8
431 9
431 10
431 11
431 12
431 13
431 14
431 15
431 16
431 17
431 75
431 76
431 77
431 78
431 79
431 92
431 399
431 420
431 425
431 430
432 1
432 2
432 3
432 4
432 5
432 6
432 7
432 8
432 9
432 10
432 11
432 12
432 13
432 14
432 15
432 16
432 17
432 75
432 76
432 77
432 78
432 79
432 92
432 399
432 420
432 425
432 430
432 431
433 1
433 2
433 3
433 4
433 5
433 6
433 7
433 8
433 9
433 10
433 11
433 12
433 13
433 14
433 15
433 16
433 17
433 75
433 76
433 77
433 78
433 79
433 92
433 399
433 420
433 425
433 430
434 1
434 2
434 3
434 4
434 5
434 6
434 7
434 8
434 9
434 10
434 11
434 12
434 13
434 14
434 15
434 16
434 17
434 75
434 76
434 77
434 78
434 79
434 92
434 399
434 420
434 425
434 430
434 433
435 1
435 2
435 3
435 4
435 5
435 6
435 7
435 8
435 9
435 10
435 11
435 12
435 13
435 14
435 15
435 16
435 17
435 75
435 76
435 77
435 78
435 79
435 92
435 399
435 420
435 430
435 433
436 1
436 2
436 3
436 4
436 5
436 6
436 7
436 8
436 9
436 10
436 11
436 12
436 13
436 14
436 15
436 16
436 17
436 75
436 76
436 77
436 78
436 79
436 92
436 399
436 420
436 430
437 1
437 2
437 3
437 4
437 5
437 6
437 7
437 8
437 9
437 10
437 11
437 12
437 13
437 14
437 15
437 16
437 17
437 75
437 76
437 77
437 78
437 79
437 92
437 399
437 420
438 1
438 2
438 3
438 4
438 5
438 6
438 7
438 8
438 9
438 10
438 11
438 12
438 13
438 14
438 15
438 16
438 17
438 75
438 76
438 77
438 78
438 79
438 92
438 399
438 420
439 1
439 2
439 3
439 4
439 5
439 6
439 7
439 8
439 9
439 10
439 11
439 12
439 13
439 14
439 15
439 16
439 17
439 75
439 76
439 77
439 78
439 79
439 92
439 399
439 420
439 438
440 1
440 2
440 3
440 4
440 5
440 6
440 7
440 8
440 9
440 10
440 11
440 12
440 13
440 14
440 15
440 16
440 17
440 75
440 76
440 77
440 78
440 79
440 92
440 399
440 420
440 438
440 439
441 1
441 2
441 3
441 4
441 5
441 6
441 7
441 8
441 9
441 10
441 11
441 12
441 13
441 14
441 15
441 16
441 17
441 75
441 76
441 77
441 78
441 79
441 92
441 399
441 420
441 438
441 439
441 440
442 1
442 2
442 3
442 4
442 5
442 6
442 7
442 8
442 9
442 10
442 11
442 12
442 13
442 14
442 15
442 16
442 17
442 75
442 76
442 77
442 78
442 79
442 92
442 399
442 420
442 438
442 439
443 1
443 2
443 3
443 4
443 5
443 6
443 7
443 8
443 9
443 10
443 11
443 12
443 13
443 14
443 15
443 16
443 17
443 75
443 76
443 77
443 78
443 79
443 92
443 399
443 420
443 438
443 439
444 1
444 2
444 3
444 4
444 5
444 6
444 7
444 8
444 9
444 10
444 11
444 12
444 13
444 14
444 15
444 16
444 17
444 75
444 76
444 77
444 78
444 79
444 92
444 399
444 420
444 438
445 1
445 2
445 3
445 4
445 5
445 6
445 7
445 8
445 9
445 10
445 11
445 12
445 13
445 14
445 15
445 16
445 17
445 75
445 76
445 77
445 78
445 79
445 92
445 399
445 420
445 438
445 444
446 1
446 2
446 3
446 4
446 5
446 6
446 7
446 8
446 9
446 10
446 11
446 12
446 13
446 14
446 15
446 16
446 17
446 75
446 76
446 77
446 78
446 79
446 92
446 399
446 420
446 438
447 1
447 2
447 3
447 4
447 5
447 6
447 7
447 8
447 9
447 10
447 11
447 12
447 13
447 14
447 15
447 16
447 17
447 75
447 76
447 77
447 78
447 79
447 92
447 399
447 438
447 446
448 1
448 2
448 3
448 4
448 5
448 6
448 7
448 8
448 9
448 10
448 11
448 12
448 13
448 14
448 15
448 16
448 17
448 75
448 76
448 77
448 78
448 79
448 92
448 399
448 438
448 446
448 447
449 1
449 2
449 3
449 4
449 5
449 6
449 7
449 8
449 9
449 10
449 11
449 12
449 13
449 14
449 15
449 16
449 17
449 75
449 76
449 77
449 78
449 79
449 92
449 399
449 438
449 446
450 1
450 2
450 3
450 4
450 5
450 6
450 7
450 8
450 9
450 10
450 11
450 12
450 13
450 14
450 15
450 16
450 17
450 75
450 76
450 77
450 78
450 79
450 92
450 399
450 438
451 1
451 2
451 3
451 4
451 5
451 6
451 7
451 8
451 9
451 10
451 11
451 12
451 13
451 14
451 15
451 16
451 17
451 75
451 76
451 77
451 78
451 79
451 92
451 399
453 1
453 2
453 3
453 17
453 18
453 19
453 20
453 21
453 22
453 23
453 24
453 25
453 26
453 27
453 28
453 29
453 30
453 31
453 32
453 48
453 62
453 81
453 90
453 152
453 405
453 407
453 409
453 411
453 413
453 415
453 417
454 1
454 2
454 3
454 17
454 18
454 19
454 20
454 21
454 22
454 23
454 24
454 25
454 26
454 27
454 28
454 29
454 30
454 31
454 32
454 48
454 81
454 90
454 152
455 1
455 2
455 3
455 17
455 18
455 19
455 20
455 21
455 22
455 23
455 24
455 25
455 26
455 27
455 28
455 29
455 30
455 31
455 32
455 48
455 81
455 90
455 152
455 454
456 1
456 2
456 3
456 17
456 18
456 19
456 20
456 21
456 22
456 23
456 24
456 25
456 26
456 27
456 28
456 29
456 30
456 31
456 32
456 48
456 81
456 90
456 152
457 1
457 2
457 3
457 17
457 18
457 19
457 20
457 21
457 22
457 23
457 24
457 25
457 26
457 27
457 28
457 29
457 30
457 31
457 32
457 48
457 81
457 90
457 152
457 456
458 1
458 2
458 3
458 17
458 18
458 19
458 20
458 21
458 22
458 23
458 24
458 25
458 26
458 27
458 28
458 29
458 30
458 31
458 32
458 48
458 81
458 90
458 152
458 457
459 1
459 2
459 3
459 17
459 18
459 19
459 20
459 21
459 22
459 23
459 24
459 25
459 26
459 27
459 28
459 29
459 30
459 31
459 32
459 48
459 81
459 90
459 152
459 458
460 1
460 2
460 3
460 17
460 18
460 19
460 20
460 21
460 22
460 23
460 24
460 25
460 26
460 27
460 28
460 29
460 30
460 31
460 32
460 48
460 81
460 90
460 152
460 458
460 459
461 1
461 2
461 3
461 17
461 18
461 19
461 20
461 21
461 22
461 23
461 24
461 25
461 26
461 27
461 28
461 29
461 30
461 31
461 32
461 48
461 81
461 90
461 152
461 458
461 459
461 460
462 1
462 2
462 3
462 4
462 5
462 6
462 7
462 8
462 9
462 10
462 11
462 12
462 13
462 14
462 15
462 16
462 17
462 75
462 76
462 77
462 78
462 79
462 92
463 1
463 2
463 3
463 4
463 5
463 6
463 7
463 8
463 9
463 10
463 11
463 12
463 13
463 14
463 15
463 16
463 17
463 75
463 76
463 77
463 78
463 79
463 92
463 462
464 1
464 2
464 3
464 17
464 18
464 19
464 20
464 21
464 22
464 23
464 24
464 25
464 26
464 27
464 28
464 29
464 30
464 31
464 32
464 48
464 81
464 90
464 152
464 459
465 1
465 2
465 3
465 17
465 18
465 19
465 20
465 21
465 22
465 23
465 24
465 25
465 26
465 27
465 28
465 29
465 30
465 31
465 32
465 48
465 81
465 90
465 152
465 459
465 464
466 1
466 2
466 3
466 17
466 18
466 19
466 20
466 21
466 22
466 23
466 24
466 25
466 26
466 27
466 28
466 29
466 30
466 31
466 32
466 48
466 81
466 90
466 152
466 459
466 464
466 465
467 1
467 2
467 3
467 17
467 18
467 19
467 20
467 21
467 22
467 23
467 24
467 25
467 26
467 27
467 28
467 29
467 30
467 31
467 32
467 48
467 81
467 90
467 152
467 459
467 464
468 1
468 2
468 3
468 17
468 18
468 19
468 20
468 21
468 22
468 23
468 24
468 25
468 26
468 27
468 28
468 29
468 30
468 31
468 32
468 48
468 81
468 90
468 152
468 459
468 467
469 1
469 2
469 3
469 17
469 18
469 19
469 20
469 21
469 22
469 23
469 24
469 25
469 26
469 27
469 28
469 29
469 30
469 31
469 32
469 48
469 81
469 90
469 152
469 459
470 1
470 2
470 3
470 17
470 18
470 19
470 20
470 21
470 22
470 23
470 24
470 25
470 26
470 27
470 28
470 29
470 30
470 31
470 32
470 48
470 81
470 90
470 152
471 1
471 2
471 3
471 17
471 18
471 19
471 20
471 21
471 22
471 23
471 24
471 25
471 26
471 27
471 28
471 29
471 30
471 31
471 32
471 48
471 81
471 90
471 152
472 1
472 2
472 3
472 17
472 18
472 19
472 20
472 21
472 22
472 23
472 24
472 25
472 26
472 27
472 28
472 29
472 30
472 31
472 32
472 48
472 81
472 90
472 152
472 471
473 1
473 2
473 3
473 4
473 5
473 6
473 7
473 8
473 9
473 10
473 11
473 12
473 13
473 14
473 15
473 16
473 17
473 75
473 76
473 77
473 78
473 79
473 92
473 462
473 463
474 1
474 2
474 3
474 4
474 5
474 6
474 7
474 8
474 9
474 10
474 11
474 12
474 13
474 14
474 15
474 16
474 17
474 75
474 76
474 77
474 78
474 79
474 92
474 462
474 463
474 473
475 1
475 2
475 3
475 4
475 5
475 6
475 7
475 8
475 9
475 10
475 11
475 12
475 13
475 14
475 15
475 16
475 17
475 75
475 76
475 77
475 78
475 79
475 92
475 462
475 463
476 1
476 2
476 3
476 4
476 5
476 6
476 7
476 8
476 9
476 10
476 11
476 12
476 13
476 14
476 15
476 16
476 17
476 75
476 76
476 77
476 78
476 79
476 92
476 462
476 463
477 1
477 2
477 3
477 4
477 5
477 6
477 7
477 8
477 9
477 10
477 11
477 12
477 13
477 14
477 15
477 16
477 17
477 75
477 76
477 77
477 78
477 79
477 92
477 462
478 1
478 2
478 3
478 17
478 18
478 19
478 20
478 21
478 22
478 23
478 24
478 25
478 26
478 27
478 28
478 29
478 30
478 31
478 32
478 48
478 81
478 90
478 152
478 471
479 1
479 2
479 3
479 17
479 18
479 19
479 20
479 21
479 22
479 23
479 24
479 25
479 26
479 27
479 28
479 29
479 30
479 31
479 32
479 48
479 81
479 90
479 152
479 471
480 1
480 2
480 3
480 4
480 5
480 6
480 7
480 8
480 9
480 10
480 11
480 12
480 13
480 14
480 15
480 16
480 17
480 75
480 76
480 77
480 78
480 79
480 92
480 462
481 1
481 2
481 3
481 4
481 5
481 6
481 7
481 8
481 9
481 10
481 11
481 12
481 13
481 14
481 15
481 16
481 17
481 75
481 76
481 77
481 78
481 79
481 92
481 462
481 480
482 1
482 2
482 3
482 4
482 5
482 6
482 7
482 8
482 9
482 10
482 11
482 12
482 13
482 14
482 15
482 16
482 17
482 75
482 76
482 77
482 78
482 79
482 92
482 462
482 480
482 481
483 1
483 2
483 3
483 4
483 5
483 6
483 7
483 8
483 9
483 10
483 11
483 12
483 13
483 14
483 15
483 16
483 17
483 75
483 76
483 77
483 78
483 79
483 92
483 462
483 480
484 1
484 2
484 3
484 4
484 5
484 6
484 7
484 8
484 9
484 10
484 11
484 12
484 13
484 14
484 15
484 16
484 17
484 75
484 76
484 77
484 78
484 79
484 92
484 480
485 1
485 2
485 3
485 4
485 5
485 6
485 7
485 8
485 9
485 10
485 11
485 12
485 13
485 14
485 15
485 16
485 17
485 75
485 76
485 77
485 78
485 79
485 92
486 1
486 2
486 3
486 17
486 18
486 19
486 20
486 21
486 22
486 23
486 24
486 25
486 26
486 27
486 28
486 29
486 30
486 31
486 32
486 48
486 81
486 90
486 152
487 1
487 2
487 3
487 17
487 18
487 19
487 20
487 21
487 22
487 23
487 24
487 25
487 26
487 27
487 28
487 29
487 30
487 31
487 32
487 48
487 59
487 60
487 61
487 81
487 90
487 152
490 1
490 2
490 3
490 17
490 18
490 19
490 20
490 21
490 22
490 23
490 24
490 25
490 26
490 27
490 28
490 29
490 30
490 31
490 32
490 48
490 59
490 60
490 81
490 90
490 152
490 487
491 1
491 2
491 3
491 17
491 18
491 19
491 20
491 21
491 22
491 23
491 24
491 25
491 26
491 27
491 28
491 29
491 30
491 31
491 32
491 48
491 59
491 60
491 81
491 90
491 152
491 487
491 490
492 1
492 2
492 3
492 4
492 5
492 6
492 7
492 8
492 9
492 10
492 11
492 12
492 13
492 14
492 15
492 16
492 17
492 75
492 76
492 77
492 78
492 79
492 92
493 1
493 2
493 3
493 17
493 18
493 19
493 20
493 21
493 22
493 23
493 24
493 25
493 26
493 27
493 28
493 29
493 30
493 31
493 32
493 48
493 59
493 60
493 81
493 90
493 152
493 487
493 491
494 1
494 2
494 3
494 17
494 18
494 19
494 20
494 21
494 22
494 23
494 24
494 25
494 26
494 27
494 28
494 29
494 30
494 31
494 32
494 48
494 59
494 60
494 81
494 90
494 152
494 487
494 491
495 1
495 2
495 3
495 17
495 18
495 19
495 20
495 21
495 22
495 23
495 24
495 25
495 26
495 27
495 28
495 29
495 30
495 31
495 32
495 48
495 59
495 60
495 81
495 90
495 152
495 487
495 491
495 494
498 1
498 2
498 3
498 17
498 18
498 19
498 20
498 21
498 22
498 23
498 24
498 25
498 26
498 27
498 28
498 29
498 30
498 31
498 32
498 48
498 59
498 60
498 81
498 90
498 152
498 487
499 1
499 2
499 3
499 17
499 18
499 19
499 20
499 21
499 22
499 23
499 24
499 25
499 26
499 27
499 28
499 29
499 30
499 31
499 32
499 48
499 59
499 60
499 81
499 90
499 152
499 487
499 491
499 494
500 1
500 2
500 3
500 17
500 18
500 19
500 20
500 21
500 22
500 23
500 24
500 25
500 26
500 27
500 28
500 29
500 30
500 31
500 32
500 48
500 59
500 60
500 81
500 90
500 152
500 487
500 491
500 494
500 499
501 1
501 2
501 3
501 17
501 18
501 19
501 20
501 21
501 22
501 23
501 24
501 25
501 26
501 27
501 28
501 29
501 30
501 31
501 32
501 48
501 59
501 60
501 81
501 90
501 152
501 487
501 491
501 494
502 1
502 2
502 3
502 17
502 18
502 19
502 20
502 21
502 22
502 23
502 24
502 25
502 26
502 27
502 28
502 29
502 30
502 31
502 32
502 48
502 59
502 60
502 81
502 90
502 152
502 487
502 491
502 501
503 1
503 2
503 3
503 17
503 18
503 19
503 20
503 21
503 22
503 23
503 24
503 25
503 26
503 27
503 28
503 29
503 30
503 31
503 32
503 48
503 59
503 60
503 81
503 90
503 152
503 487
503 491
504 1
504 2
504 3
504 17
504 18
504 19
504 20
504 21
504 22
504 23
504 24
504 25
504 26
504 27
504 28
504 29
504 30
504 31
504 32
504 48
504 59
504 60
504 61
504 81
504 90
504 152
504 487
504 491
505 1
505 2
505 3
505 17
505 18
505 19
505 20
505 21
505 22
505 23
505 24
505 25
505 26
505 27
505 28
505 29
505 30
505 31
505 32
505 48
505 59
505 60
505 81
505 90
505 152
505 487
505 491
505 504
506 1
506 2
506 3
506 17
506 18
506 19
506 20
506 21
506 22
506 23
506 24
506 25
506 26
506 27
506 28
506 29
506 30
506 31
506 32
506 48
506 59
506 60
506 61
506 81
506 90
506 152
506 487
506 491
506 504
507 1
507 2
507 3
507 17
507 18
507 19
507 20
507 21
507 22
507 23
507 24
507 25
507 26
507 27
507 28
507 29
507 30
507 31
507 32
507 48
507 59
507 60
507 81
507 90
507 152
507 487
507 491
507 504
507 506
508 1
508 2
508 3
508 17
508 18
508 19
508 20
508 21
508 22
508 23
508 24
508 25
508 26
508 27
508 28
508 29
508 30
508 31
508 32
508 48
508 59
508 60
508 61
508 81
508 90
508 152
508 487
508 491
508 504
508 506
509 1
509 2
509 3
509 17
509 18
509 19
509 20
509 21
509 22
509 23
509 24
509 25
509 26
509 27
509 28
509 29
509 30
509 31
509 32
509 48
509 59
509 60
509 81
509 90
509 152
509 487
509 491
509 504
509 506
509 508
510 1
510 2
510 3
510 17
510 18
510 19
510 20
510 21
510 22
510 23
510 24
510 25
510 26
510 27
510 28
510 29
510 30
510 31
510 32
510 48
510 59
510 60
510 61
510 81
510 90
510 152
510 487
510 504
510 506
510 508
512 1
512 2
512 3
512 4
512 5
512 6
512 7
512 8
512 9
512 10
512 11
512 12
512 13
512 14
512 15
512 16
512 17
512 75
512 76
512 77
512 78
512 79
512 92
512 492
513 1
513 2
513 3
513 4
513 5
513 6
513 7
513 8
513 9
513 10
513 11
513 12
513 13
513 14
513 15
513 16
513 17
513 75
513 76
513 77
513 78
513 79
513 92
513 492
513 512
514 1
514 2
514 3
514 4
514 5
514 6
514 7
514 8
514 9
514 10
514 11
514 12
514 13
514 14
514 15
514 16
514 17
514 75
514 76
514 77
514 78
514 79
514 92
514 492
514 512
514 513
515 1
515 2
515 3
515 4
515 5
515 6
515 7
515 8
515 9
515 10
515 11
515 12
515 13
515 14
515 15
515 16
515 17
515 75
515 76
515 77
515 78
515 79
515 92
515 492
515 512
516 1
516 2
516 3
516 4
516 5
516 6
516 7
516 8
516 9
516 10
516 11
516 12
516 13
516 14
516 15
516 16
516 17
516 75
516 76
516 77
516 78
516 79
516 92
516 492
516 512
517 1
517 2
517 3
517 4
517 5
517 6
517 7
517 8
517 9
517 10
517 11
517 12
517 13
517 14
517 15
517 16
517 17
517 75
517 76
517 77
517 78
517 79
517 92
517 492
519 1
519 2
519 3
519 17
519 18
519 19
519 20
519 21
519 22
519 23
519 24
519 25
519 26
519 27
519 28
519 29
519 30
519 31
519 32
519 48
519 59
519 60
519 61
519 81
519 90
519 152
519 487
519 504
519 506
519 508
519 510
520 1
520 2
520 3
520 17
520 18
520 19
520 20
520 21
520 22
520 23
520 24
520 25
520 26
520 27
520 28
520 29
520 30
520 31
520 32
520 48
520 56
520 81
520 90
520 152
521 1
521 2
521 3
521 17
521 18
521 19
521 20
521 21
521 22
521 23
521 24
521 25
521 26
521 27
521 28
521 29
521 30
521 31
521 32
521 39
521 40
521 41
521 48
521 56
521 57
521 81
521 90
521 152
522 1
522 2
522 3
522 17
522 18
522 19
522 20
522 21
522 22
522 23
522 24
522 25
522 26
522 27
522 28
522 29
522 30
522 31
522 32
522 48
522 56
522 81
522 90
522 152
522 521
523 1
523 2
523 3
523 17
523 18
523 19
523 20
523 21
523 22
523 23
523 24
523 25
523 26
523 27
523 28
523 29
523 30
523 31
523 32
523 48
523 56
523 81
523 90
523 152
523 521
523 522
524 1
524 2
524 3
524 17
524 18
524 19
524 20
524 21
524 22
524 23
524 24
524 25
524 26
524 27
524 28
524 29
524 30
524 31
524 32
524 48
524 56
524 81
524 90
524 152
524 521
524 522
524 523
525 1
525 2
525 3
525 17
525 18
525 19
525 20
525 21
525 22
525 23
525 24
525 25
525 26
525 27
525 28
525 29
525 30
525 31
525 32
525 39
525 40
525 41
525 48
525 56
525 57
525 81
525 90
525 152
525 521
525 523
526 1
526 2
526 3
526 17
526 18
526 19
526 20
526 21
526 22
526 23
526 24
526 25
526 26
526 27
526 28
526 29
526 30
526 31
526 32
526 39
526 41
526 48
526 56
526 57
526 81
526 90
526 152
526 521
526 525
527 1
527 2
527 3
527 17
527 18
527 19
527 20
527 21
527 22
527 23
527 24
527 25
527 26
527 27
527 28
527 29
527 30
527 31
527 32
527 48
527 56
527 81
527 90
527 152
527 521
527 525
527 526
528 1
528 2
528 3
528 4
528 5
528 6
528 7
528 8
528 9
528 10
528 11
528 12
528 13
528 14
528 15
528 16
528 17
528 75
528 76
528 77
528 78
528 79
528 92
529 1
529 2
529 3
529 17
529 18
529 19
529 20
529 21
529 22
529 23
529 24
529 25
529 26
529 27
529 28
529 29
529 30
529 31
529 32
529 48
529 56
529 81
529 90
529 152
529 521
529 525
529 526
530 1
530 2
530 3
530 4
530 5
530 6
530 7
530 8
530 9
530 10
530 11
530 12
530 13
530 14
530 15
530 16
530 17
530 75
530 76
530 77
530 78
530 79
530 92
530 528
531 1
531 2
531 3
531 17
531 18
531 19
531 20
531 21
531 22
531 23
531 24
531 25
531 26
531 27
531 28
531 29
531 30
531 31
531 32
531 41
531 48
531 56
531 81
531 90
531 152
531 521
531 525
531 526
532 1
532 2
532 3
532 4
532 5
532 6
532 7
532 8
532 9
532 10
532 11
532 12
532 13
532 14
532 15
532 16
532 17
532 75
532 76
532 77
532 78
532 79
532 92
533 1
533 2
533 3
533 4
533 5
533 6
533 7
533 8
533 9
533 10
533 11
533 12
533 13
533 14
533 15
533 16
533 17
533 75
533 76
533 77
533 78
533 79
533 92
533 532
534 1
534 2
534 3
534 4
534 5
534 6
534 7
534 8
534 9
534 10
534 11
534 12
534 13
534 14
534 15
534 16
534 17
534 75
534 76
534 77
534 78
534 79
534 92
535 1
535 2
535 3
535 4
535 5
535 6
535 7
535 8
535 9
535 10
535 11
535 12
535 13
535 14
535 15
535 16
535 17
535 75
535 76
535 77
535 78
535 79
535 92
535 534
536 1
536 2
536 3
536 4
536 5
536 6
536 7
536 8
536 9
536 10
536 11
536 12
536 13
536 14
536 15
536 16
536 17
536 75
536 76
536 77
536 78
536 79
536 92
538 1
538 2
538 3
538 17
538 18
538 19
538 20
538 21
538 22
538 23
538 24
538 25
538 26
538 27
538 28
538 29
538 30
538 31
538 32
538 41
538 48
538 56
538 81
538 90
538 152
538 521
538 525
538 526
540 1
540 2
540 3
540 17
540 18
540 19
540 20
540 21
540 22
540 23
540 24
540 25
540 26
540 27
540 28
540 29
540 30
540 31
540 32
540 39
540 41
540 48
540 56
540 81
540 90
540 152
540 521
540 525
540 526
541 1
541 2
541 3
541 17
541 18
541 19
541 20
541 21
541 22
541 23
541 24
541 25
541 26
541 27
541 28
541 29
541 30
541 31
541 32
541 39
541 41
541 48
541 56
541 81
541 90
541 152
541 521
541 525
541 526
541 540
542 1
542 2
542 3
542 17
542 18
542 19
542 20
542 21
542 22
542 23
542 24
542 25
542 26
542 27
542 28
542 29
542 30
542 31
542 32
542 39
542 41
542 48
542 56
542 81
542 90
542 152
542 521
542 525
542 526
543 1
543 2
543 3
543 17
543 18
543 19
543 20
543 21
543 22
543 23
543 24
543 25
543 26
543 27
543 28
543 29
543 30
543 31
543 32
543 39
543 48
543 56
543 81
543 90
543 152
543 521
543 525
543 526
543 542
544 1
544 2
544 3
544 17
544 18
544 19
544 20
544 21
544 22
544 23
544 24
544 25
544 26
544 27
544 28
544 29
544 30
544 31
544 32
544 39
544 48
544 56
544 81
544 90
544 152
544 521
544 525
544 526
545 1
545 2
545 3
545 17
545 18
545 19
545 20
545 21
545 22
545 23
545 24
545 25
545 26
545 27
545 28
545 29
545 30
545 31
545 32
545 39
545 48
545 56
545 81
545 90
545 152
545 521
545 525
545 526
545 544
546 1
546 2
546 3
546 17
546 18
546 19
546 20
546 21
546 22
546 23
546 24
546 25
546 26
546 27
546 28
546 29
546 30
546 31
546 32
546 39
546 48
546 56
546 57
546 81
546 90
546 152
546 521
546 525
546 526
546 545
547 1
547 2
547 3
547 17
547 18
547 19
547 20
547 21
547 22
547 23
547 24
547 25
547 26
547 27
547 28
547 29
547 30
547 31
547 32
547 39
547 48
547 56
547 81
547 90
547 152
547 521
547 525
547 526
547 546
548 1
548 2
548 3
548 17
548 18
548 19
548 20
548 21
548 22
548 23
548 24
548 25
548 26
548 27
548 28
548 29
548 30
548 31
548 32
548 39
548 48
548 56
548 81
548 90
548 152
548 521
548 525
548 526
548 546
548 547
549 1
549 2
549 3
549 17
549 18
549 19
549 20
549 21
549 22
549 23
549 24
549 25
549 26
549 27
549 28
549 29
549 30
549 31
549 32
549 39
549 48
549 56
549 57
549 81
549 90
549 152
549 521
549 525
549 526
549 546
551 1
551 2
551 3
551 4
551 5
551 6
551 7
551 8
551 9
551 10
551 11
551 12
551 13
551 14
551 15
551 16
551 17
551 75
551 76
551 77
551 78
551 79
551 92
553 1
553 2
553 3
553 17
553 18
553 19
553 20
553 21
553 22
553 23
553 24
553 25
553 26
553 27
553 28
553 29
553 30
553 31
553 32
553 39
553 48
553 56
553 57
553 81
553 90
553 152
553 521
553 525
553 526
553 546
553 549
554 1
554 2
554 3
554 17
554 18
554 19
554 20
554 21
554 22
554 23
554 24
554 25
554 26
554 27
554 28
554 29
554 30
554 31
554 32
554 39
554 48
554 56
554 81
554 90
554 152
554 521
554 525
556 1
556 2
556 3
556 17
556 18
556 19
556 20
556 21
556 22
556 23
556 24
556 25
556 26
556 27
556 28
556 29
556 30
556 31
556 32
556 39
556 41
556 48
556 56
556 81
556 90
556 152
556 521
556 525
557 1
557 2
557 3
557 17
557 18
557 19
557 20
557 21
557 22
557 23
557 24
557 25
557 26
557 27
557 28
557 29
557 30
557 31
557 32
557 39
557 40
557 48
557 56
557 81
557 90
557 152
557 521
557 525
558 1
558 2
558 3
558 17
558 18
558 19
558 20
558 21
558 22
558 23
558 24
558 25
558 26
558 27
558 28
558 29
558 30
558 31
558 32
558 39
558 48
558 56
558 81
558 90
558 152
558 521
558 525
558 557
559 1
559 2
559 3
559 17
559 18
559 19
559 20
559 21
559 22
559 23
559 24
559 25
559 26
559 27
559 28
559 29
559 30
559 31
559 32
559 39
559 48
559 56
559 81
559 90
559 152
559 521
559 525
559 557
560 1
560 2
560 3
560 17
560 18
560 19
560 20
560 21
560 22
560 23
560 24
560 25
560 26
560 27
560 28
560 29
560 30
560 31
560 32
560 39
560 40
560 48
560 56
560 58
560 81
560 90
560 152
560 521
560 525
560 557
562 1
562 2
562 3
562 17
562 18
562 19
562 20
562 21
562 22
562 23
562 24
562 25
562 26
562 27
562 28
562 29
562 30
562 31
562 32
562 39
562 40
562 48
562 56
562 81
562 90
562 152
562 521
562 525
562 557
562 560
563 1
563 2
563 3
563 17
563 18
563 19
563 20
563 21
563 22
563 23
563 24
563 25
563 26
563 27
563 28
563 29
563 30
563 31
563 32
563 39
563 40
563 48
563 56
563 81
563 90
563 152
563 521
563 525
563 557
563 560
563 562
564 1
564 2
564 3
564 17
564 18
564 19
564 20
564 21
564 22
564 23
564 24
564 25
564 26
564 27
564 28
564 29
564 30
564 31
564 32
564 39
564 40
564 48
564 56
564 81
564 90
564 152
564 521
564 525
564 557
564 560
565 1
565 2
565 3
565 17
565 18
565 19
565 20
565 21
565 22
565 23
565 24
565 25
565 26
565 27
565 28
565 29
565 30
565 31
565 32
565 39
565 40
565 48
565 56
565 81
565 90
565 152
565 521
565 557
565 560
565 564
566 1
566 2
566 3
566 17
566 18
566 19
566 20
566 21
566 22
566 23
566 24
566 25
566 26
566 27
566 28
566 29
566 30
566 31
566 32
566 39
566 40
566 48
566 56
566 81
566 90
566 152
566 521
566 557
566 560
567 1
567 2
567 3
567 17
567 18
567 19
567 20
567 21
567 22
567 23
567 24
567 25
567 26
567 27
567 28
567 29
567 30
567 31
567 32
567 39
567 40
567 48
567 56
567 81
567 90
567 152
567 521
567 557
567 560
567 566
568 1
568 2
568 3
568 17
568 18
568 19
568 20
568 21
568 22
568 23
568 24
568 25
568 26
568 27
568 28
568 29
568 30
568 31
568 32
568 39
568 40
568 48
568 56
568 81
568 90
568 152
568 521
568 557
568 560
568 566
568 567
569 1
569 2
569 3
569 17
569 18
569 19
569 20
569 21
569 22
569 23
569 24
569 25
569 26
569 27
569 28
569 29
569 30
569 31
569 32
569 39
569 40
569 48
569 56
569 81
569 90
569 152
569 521
569 557
569 560
569 566
570 1
570 2
570 3
570 17
570 18
570 19
570 20
570 21
570 22
570 23
570 24
570 25
570 26
570 27
570 28
570 29
570 30
570 31
570 32
570 39
570 40
570 48
570 56
570 81
570 90
570 152
570 521
570 560
570 566
570 569
571 1
571 2
571 3
571 17
571 18
571 19
571 20
571 21
571 22
571 23
571 24
571 25
571 26
571 27
571 28
571 29
571 30
571 31
571 32
571 39
571 40
571 48
571 56
571 81
571 90
571 152
571 521
571 560
571 566
572 1
572 2
572 3
572 17
572 18
572 19
572 20
572 21
572 22
572 23
572 24
572 25
572 26
572 27
572 28
572 29
572 30
572 31
572 32
572 39
572 40
572 48
572 56
572 58
572 81
572 90
572 152
572 560
572 566
572 571
573 1
573 2
573 3
573 17
573 18
573 19
573 20
573 21
573 22
573 23
573 24
573 25
573 26
573 27
573 28
573 29
573 30
573 31
573 32
573 39
573 40
573 48
573 56
573 58
573 81
573 90
573 152
573 560
573 571
573 572
575 1
575 2
575 3
575 17
575 18
575 19
575 20
575 21
575 22
575 23
575 24
575 25
575 26
575 27
575 28
575 29
575 30
575 31
575 32
575 39
575 40
575 48
575 56
575 58
575 81
575 90
575 152
575 560
575 573
576 1
576 2
576 3
576 17
576 18
576 19
576 20
576 21
576 22
576 23
576 24
576 25
576 26
576 27
576 28
576 29
576 30
576 31
576 32
576 39
576 40
576 48
576 56
576 58
576 81
576 90
576 152
576 560
576 573
576 575
577 1
577 2
577 3
577 17
577 18
577 19
577 20
577 21
577 22
577 23
577 24
577 25
577 26
577 27
577 28
577 29
577 30
577 31
577 32
577 39
577 40
577 48
577 56
577 58
577 81
577 90
577 152
577 560
577 573
578 1
578 2
578 3
578 4
578 5
578 6
578 7
578 8
578 9
578 10
578 11
578 12
578 13
578 14
578 15
578 16
578 17
578 75
578 76
578 77
578 78
578 79
578 92
580 1
580 2
580 3
580 17
580 18
580 19
580 20
580 21
580 22
580 23
580 24
580 25
580 26
580 27
580 28
580 29
580 30
580 31
580 32
580 39
580 40
580 48
580 56
580 58
580 81
580 90
580 152
580 560
580 573
580 577
581 1
581 2
581 3
581 17
581 18
581 19
581 20
581 21
581 22
581 23
581 24
581 25
581 26
581 27
581 28
581 29
581 30
581 31
581 32
581 39
581 48
581 56
581 81
581 90
581 152
582 1
582 2
582 3
582 17
582 18
582 19
582 20
582 21
582 22
582 23
582 24
582 25
582 26
582 27
582 28
582 29
582 30
582 31
582 32
582 39
582 48
582 56
582 81
582 90
582 152
584 1
584 2
584 3
584 4
584 5
584 6
584 7
584 8
584 9
584 10
584 11
584 12
584 13
584 14
584 15
584 16
584 17
584 75
584 76
584 77
584 78
584 79
584 92
585 1
585 2
585 3
585 4
585 5
585 6
585 7
585 8
585 9
585 10
585 11
585 12
585 13
585 14
585 15
585 16
585 17
585 75
585 76
585 77
585 78
585 79
585 92
586 1
586 2
586 3
586 17
586 18
586 19
586 20
586 21
586 22
586 23
586 24
586 25
586 26
586 27
586 28
586 29
586 30
586 31
586 32
586 39
586 48
586 56
586 81
586 90
586 152
587 1
587 2
587 3
587 17
587 18
587 19
587 20
587 21
587 22
587 23
587 24
587 25
587 26
587 27
587 28
587 29
587 30
587 31
587 32
587 39
587 48
587 56
587 81
587 90
587 152
591 1
591 2
591 3
591 17
591 18
591 19
591 20
591 21
591 22
591 23
591 24
591 25
591 26
591 27
591 28
591 29
591 30
591 31
591 32
591 45
591 48
591 52
591 53
591 81
591 90
591 152
594 1
594 2
594 3
594 17
594 18
594 19
594 20
594 21
594 22
594 23
594 24
594 25
594 26
594 27
594 28
594 29
594 30
594 31
594 32
594 45
594 48
594 52
594 81
594 90
594 152
594 591
595 1
595 2
595 3
595 17
595 18
595 19
595 20
595 21
595 22
595 23
595 24
595 25
595 26
595 27
595 28
595 29
595 30
595 31
595 32
595 45
595 48
595 52
595 53
595 81
595 90
595 152
595 591
595 594
596 1
596 2
596 3
596 17
596 18
596 19
596 20
596 21
596 22
596 23
596 24
596 25
596 26
596 27
596 28
596 29
596 30
596 31
596 32
596 45
596 48
596 52
596 81
596 90
596 152
596 591
596 595
597 1
597 2
597 3
597 17
597 18
597 19
597 20
597 21
597 22
597 23
597 24
597 25
597 26
597 27
597 28
597 29
597 30
597 31
597 32
597 45
597 48
597 52
597 81
597 90
597 152
597 591
597 595
597 596
600 1
600 2
600 3
600 17
600 18
600 19
600 20
600 21
600 22
600 23
600 24
600 25
600 26
600 27
600 28
600 29
600 30
600 31
600 32
600 45
600 48
600 52
600 81
600 90
600 152
600 591
601 1
601 2
601 3
601 4
601 5
601 6
601 7
601 8
601 9
601 10
601 11
601 12
601 13
601 14
601 15
601 16
601 17
601 75
601 76
601 77
601 78
601 79
601 80
601 92
601 140
601 141
602 1
602 2
602 3
602 17
602 18
602 19
602 20
602 21
602 22
602 23
602 24
602 25
602 26
602 27
602 28
602 29
602 30
602 31
602 32
602 45
602 48
602 52
602 81
602 90
602 152
602 591
602 595
602 596
603 1
603 2
603 3
603 17
603 18
603 19
603 20
603 21
603 22
603 23
603 24
603 25
603 26
603 27
603 28
603 29
603 30
603 31
603 32
603 45
603 48
603 52
603 81
603 90
603 152
603 591
603 595
603 596
603 602
604 1
604 2
604 3
604 17
604 18
604 19
604 20
604 21
604 22
604 23
604 24
604 25
604 26
604 27
604 28
604 29
604 30
604 31
604 32
604 45
604 48
604 52
604 81
604 90
604 152
604 591
604 595
604 596
605 1
605 2
605 3
605 17
605 18
605 19
605 20
605 21
605 22
605 23
605 24
605 25
605 26
605 27
605 28
605 29
605 30
605 31
605 32
605 45
605 48
605 52
605 81
605 90
605 152
605 591
605 595
605 604
606 1
606 2
606 3
606 17
606 18
606 19
606 20
606 21
606 22
606 23
606 24
606 25
606 26
606 27
606 28
606 29
606 30
606 31
606 32
606 45
606 48
606 52
606 81
606 90
606 152
606 591
606 595
607 1
607 2
607 3
607 17
607 18
607 19
607 20
607 21
607 22
607 23
607 24
607 25
607 26
607 27
607 28
607 29
607 30
607 31
607 32
607 45
607 48
607 52
607 53
607 81
607 90
607 152
607 591
607 595
608 1
608 2
608 3
608 17
608 18
608 19
608 20
608 21
608 22
608 23
608 24
608 25
608 26
608 27
608 28
608 29
608 30
608 31
608 32
608 45
608 48
608 52
608 53
608 81
608 90
608 152
608 591
608 595
608 607
610 1
610 2
610 3
610 17
610 18
610 19
610 20
610 21
610 22
610 23
610 24
610 25
610 26
610 27
610 28
610 29
610 30
610 31
610 32
610 45
610 48
610 52
610 53
610 81
610 90
610 152
610 591
610 595
610 607
611 1
611 2
611 3
611 17
611 18
611 19
611 20
611 21
611 22
611 23
611 24
611 25
611 26
611 27
611 28
611 29
611 30
611 31
611 32
611 45
611 48
611 52
611 53
611 81
611 90
611 152
611 591
611 595
611 607
611 610
612 1
612 2
612 3
612 17
612 18
612 19
612 20
612 21
612 22
612 23
612 24
612 25
612 26
612 27
612 28
612 29
612 30
612 31
612 32
612 45
612 48
612 52
612 53
612 81
612 90
612 152
612 591
612 595
612 607
612 610
613 1
613 2
613 3
613 17
613 18
613 19
613 20
613 21
613 22
613 23
613 24
613 25
613 26
613 27
613 28
613 29
613 30
613 31
613 32
613 45
613 48
613 52
613 53
613 81
613 90
613 152
613 591
613 595
613 607
613 610
613 612
614 1
614 2
614 3
614 4
614 5
614 6
614 7
614 8
614 9
614 10
614 11
614 12
614 13
614 14
614 15
614 16
614 17
614 75
614 76
614 77
614 78
614 79
614 80
614 92
614 140
614 141
614 601
615 1
615 2
615 3
615 4
615 5
615 6
615 7
615 8
615 9
615 10
615 11
615 12
615 13
615 14
615 15
615 16
615 17
615 75
615 76
615 77
615 78
615 79
615 80
615 92
615 140
615 141
615 601
615 614
616 1
616 2
616 3
616 4
616 5
616 6
616 7
616 8
616 9
616 10
616 11
616 12
616 13
616 14
616 15
616 16
616 17
616 75
616 76
616 77
616 78
616 79
616 80
616 92
616 140
616 141
616 601
617 1
617 2
617 3
617 4
617 5
617 6
617 7
617 8
617 9
617 10
617 11
617 12
617 13
617 14
617 15
617 16
617 17
617 75
617 76
617 77
617 78
617 79
617 80
617 92
617 140
617 141
617 601
618 1
618 2
618 3
618 4
618 5
618 6
618 7
618 8
618 9
618 10
618 11
618 12
618 13
618 14
618 15
618 16
618 17
618 75
618 76
618 77
618 78
618 79
618 80
618 92
618 140
618 141
618 601
618 617
619 1
619 2
619 3
619 4
619 5
619 6
619 7
619 8
619 9
619 10
619 11
619 12
619 13
619 14
619 15
619 16
619 17
619 75
619 76
619 77
619 78
619 79
619 80
619 92
619 140
619 141
619 601
621 1
621 2
621 3
621 17
621 18
621 19
621 20
621 21
621 22
621 23
621 24
621 25
621 26
621 27
621 28
621 29
621 30
621 31
621 32
621 45
621 48
621 52
621 53
621 81
621 90
621 152
621 591
621 595
621 607
621 610
621 612
31