5 3
7 4
9 4
9 7
10 5
14 1
14 2
14 12
15 7
15 9
16 6
17 5
17 10
19 4
19 7
19 9
19 15
20 5
20 10
20 17
22 5
22 10
22 17
22 20
23 15
24 14
25 3
26 15
27 3
27 25
28 3
28 5
28 6
28 9
29 15
29 26
30 28
31 28
32 14
33 3
33 15
33 25
33 27
34 4
34 7
34 9
34 15
34 19
35 6
35 9
35 16
35 28
36 29
37 2
37 3
37 5
37 6
37 9
37 10
37 14
37 15
37 17
37 20
37 22
37 28
37 29
37 30
37 31
37 35
38 7
38 9
38 15
38 19
38 34
39 5
39 10
39 17
39 20
39 22
39 37
40 3
40 25
40 27
40 33
41 14
42 11
43 13
43 28
43 37
44 3
44 18
44 28
44 35
44 37
45 29
46 3
46 28
46 37
47 4
47 7
47 9
47 19
47 34
48 6
48 15
48 16
48 18
48 34
48 35
48 38
48 44
50 4
50 7
50 9
50 19
50 34
52 38
53 37
54 3
54 46
55 6
55 16
55 28
55 35
55 37
55 44
55 48
56 8
57 3
57 6
57 15
57 16
57 18
57 28
57 35
57 37
57 44
57 48
57 51
57 55
58 6
58 16
58 28
58 35
58 37
58 44
58 48
58 55
58 57
59 15
59 26
59 28
59 29
59 30
59 33
59 37
59 44
59 57
60 3
60 37
61 37
62 37
63 3
63 25
63 27
63 33
63 40
64 28
64 37
64 59
65 14
66 4
66 7
66 9
66 15
66 19
66 34
66 37
66 38
66 47
66 50
67 37
68 4
68 7
68 9
68 15
68 19
68 34
68 38
68 50
68 66
69 3
69 25
69 27
69 33
69 40
69 63
70 37
72 4
72 6
72 7
72 8
72 9
72 11
72 15
72 16
72 19
72 28
72 34
72 37
72 38
72 42
72 47
72 50
72 55
72 57
72 58
72 66
72 68
73 3
73 25
73 27
73 33
73 40
73 63
73 69
74 44
75 2
75 14
75 37
76 15
76 45
76 57
77 15
77 23
77 26
77 29
77 37
77 59
77 74
78 37
78 43
79 4
79 7
79 9
79 15
79 19
79 34
79 38
79 50
79 66
79 68
79 72
80 14
10