7 1
10 3
10 4
13 1
13 7
13 12
16 10
16 15
18 6
19 2
19 7
19 13
19 18
22 21
25 8
26 4
28 11
28 27
29 12
31 30
32 3
32 5
33 6
33 25
33 26
34 12
34 33
35 3
35 6
35 8
35 22
36 14
37 3
37 5
37 36
38 2
38 6
38 9
40 6
40 39
41 5
41 9
41 12
41 37
42 4
42 20
43 9
43 16
43 20
43 42
44 8
44 22
44 40
46 8
46 12
46 13
47 4
47 11
47 16
47 20
47 40
47 43
49 6
49 15
49 17
50 14
50 19
50 32
50 33
50 46
51 18
52 18
53 15
53 22
53 26
53 49
54 1
54 12
55 7
55 21
55 27
55 28
55 37
55 41
56 8
56 25
56 52
57 20
58 15
58 20
58 21
58 24
58 26
59 16
59 22
59 27
59 28
59 32
59 55
60 22
60 23
61 27
61 40
61 52
61 53
62 25
62 36
62 58
63 1
63 20
63 21
63 24
63 40
64 30
64 47
64 55
65 32
65 34
65 37
65 39
65 52
66 27
67 25
67 33
67 44
67 58
68 37
69 3
69 30
69 32
69 36
69 51
70 33
70 37
70 61
71 2
71 33
71 40
71 43
71 45
71 53
72 6
72 15
72 33
72 39
72 49
73 36
73 55
73 64
74 5
74 32
74 37
74 48
74 51
75 9
75 14
75 36
75 67
76 3
76 34
76 48
76 53
77 8
77 9
77 44
77 51
78 12
78 17
78 36
78 39
78 60
79 70
80 11
80 18
80 47
80 52
80 54
80 62
81 20
81 34
81 39
81 42
81 43
81 48
81 58
82 49
82 73
83 14
83 65
84 23
84 42
84 45
84 47
84 56
85 1
85 11
85 38
85 48
85 76
85 81
86 48
86 58
86 60
86 65
86 69
86 73
86 79
87 26
87 40
87 48
87 59
88 14
89 63
89 66
89 68
90 22
90 29
90 48
90 51
90 53
90 81
90 82
91 17
91 29
91 49
91 82
92 23
92 48
92 64
92 66
92 71
93 32
93 37
93 65
93 75
93 79
94 20
94 52
94 66
95 51
95 73
95 74
95 82
96 3
96 4
96 14
96 35
96 82
96 83
97 1
97 23
97 55
97 79
97 89
98 1
98 54
98 77
98 85
98 95
99 2
99 38
99 41
99 43
99 51
99 85
100 3
100 4
100 26
100 77
101 57
101 80
101 85
102 9
102 46
102 88
103 7
103 10
103 12
103 29
103 40
103 46
103 91
103 100
104 60
104 81
104 83
104 96
105 1
105 17
105 21
105 48
105 49
105 58
105 81
105 87
105 91
105 97
106 10
106 15
106 32
106 49
106 59
107 4
107 5
107 10
107 40
107 60
107 63
107 86
107 91
108 4
108 52
108 94
108 106
109 11
109 13
109 16
109 18
109 35
109 52
109 81
110 8
110 12
110 66
110 71
110 77
110 94
111 7
111 13
111 19
111 32
111 50
111 55
111 60
111 93
111 97
111 100
111 103
112 19
112 21
112 38
112 63
112 105
112 110
113 4
113 6
113 69
113 94
113 97
113 105
113 110
114 10
114 16
114 35
114 58
114 63
114 67
114 100
114 111
115 12
115 24
115 27
115 32
115 41
115 66
115 87
115 92
115 102
115 113
116 7
116 13
116 33
116 72
116 97
116 100
116 103
116 113
117 5
117 13
117 55
117 61
117 66
117 70
117 85
117 105
117 114
118 20
118 69
118 81
118 111
119 10
119 12
119 100
119 103
120 3
120 41
120 58
120 63
120 64
120 69
120 73
120 117
120 118
121 69
121 72
121 113
122 13
122 24
122 39
122 70
122 100
122 103
122 106
122 111
122 114
122 119
122 120
123 16
123 44
123 61
123 66
123 72
123 120
124 26
124 33
124 36
124 46
124 67
124 75
124 77
125 3
125 8
125 16
125 32
125 37
125 81
125 106
125 109
125 114
125 118
126 4
126 9
126 44
126 47
126 48
126 64
126 75
126 90
126 103
126 110
126 123
126 124
127 20
127 36
127 41
127 78
128 2
128 11
128 15
128 16
128 19
128 71
128 109
128 112
128 117
129 36
129 50
130 8
130 39
130 42
130 44
130 68
130 81
130 123
131 5
131 19
131 22
131 64
131 69
131 74
131 112
131 118
131 120
131 128
132 10
132 49
132 53
132 65
132 80
132 81
132 86
133 26
133 40
133 42
133 47
133 55
133 71
133 84
133 130
134 8
134 12
134 25
134 32
134 41
134 46
134 61
134 72
134 115
134 118
134 123
135 56
135 57
135 68
135 84
135 89
135 132
136 24
136 50
136 53
136 55
136 87
136 112
137 11
137 16
137 28
137 53
137 118
137 125
138 16
138 21
138 59
138 65
138 84
138 87
138 92
139 22
139 27
139 51
139 53
139 56
139 61
139 82
139 90
140 19
140 56
140 62
140 72
140 112
140 121
140 128
140 129
140 131
141 62
141 64
141 73
141 87
141 90
141 95
141 120
142 3
142 15
142 56
142 59
142 64
142 118
142 135
142 140
143 22
143 34
143 59
143 132
143 137
144 17
144 27
144 36
144 77
144 90
144 98
144 141
145 31
145 57
145 59
145 64
145 73
145 121
145 143
146 25
146 62
146 89
146 94
146 135
146 140
147 3
147 25
147 64
147 85
147 93
147 101
147 135
148 26
148 34
148 62
148 67
148 75
148 124
148 126
148 140
148 141
148 146
149 26
149 65
149 81
149 82
149 86
149 87
149 132
149 138
149 147
150 6
150 72
150 81
150 83
150 96
150 104
150 113
151 34
151 37
151 65
151 70
151 127
151 134
151 149
152 31
152 68
152 85
152 135
152 140
152 146
153 5
153 9
153 70
153 81
153 99
153 107
154 32
154 40
154 42
154 73
154 81
154 106
154 130
154 131
155 12
155 23
155 33
155 34
155 71
155 92
155 97
155 101
155 144
155 147
155 149
156 3
156 9
156 12
156 29
156 89
156 93
156 102
156 110
156 115
156 149
157 4
157 43
157 65
157 76
157 84
157 89
157 95
157 115
157 130
157 133
157 150
158 5
158 37
158 42
158 74
158 81
158 86
158 151
158 152
159 15
159 67
159 82
159 87
159 92
159 105
159 113
159 118
159 136
159 142
160 2
160 7
160 12
160 41
160 46
160 79
160 86
160 107
160 108
160 136
161 8
161 40
161 45
161 77
161 89
161 93
161 99
161 155
162 4
162 6
162 18
162 39
162 40
162 89
162 104
162 116
162 121
162 145
162 150
163 49
163 74
163 82
163 85
163 100
163 139
164 15
164 37
164 48
164 96
164 105
164 151
164 158
165 9
165 14
165 43
165 46
165 111
165 118
165 124
165 143
166 3
166 8
166 34
166 44
166 52
166 59
166 77
166 89
166 90
166 94
166 103
166 108
166 110
166 129
166 140
166 142
167 18
167 19
167 51
167 95
167 99
167 104
167 108
167 114
167 145
167 161
168 12
168 17
168 20
168 49
168 95
168 127
168 139
168 146
169 11
169 16
169 61
169 80
169 88
169 93
169 101
170 21
170 32
170 54
170 57
170 93
170 111
170 112
170 148
170 158
170 164
170 169
171 15
171 33
171 34
171 52
171 60
171 130
171 142
171 159
172 14
172 19
172 24
172 29
172 30
172 45
172 83
172 85
172 96
172 109
172 114
172 125
173 11
173 20
173 24
173 36
173 57
173 62
173 101
173 110
173 114
173 125
173 145
173 156
173 172
174 6
174 18
174 21
174 23
174 26
174 37
174 41
174 55
174 91
174 92
174 121
174 133
174 138
174 145
174 157
174 162
175 2
175 26
175 37
175 38
175 48
175 86
175 99
175 112
175 122
175 148
175 158
176 27
176 39
176 60
176 65
176 123
176 159
177 4
177 19
177 20
177 26
177 58
177 100
177 119
177 129
177 136
177 148
177 160
178 35
178 51
178 89
178 96
178 102
178 115
178 156
179 1
179 21
179 22
179 63
179 68
179 120
179 162
180 27
180 29
180 32
180 36
180 48
180 53
180 61
180 98
180 108
180 123
180 137
180 139
180 144
180 151
181 2
181 19
181 33
181 44
181 92
181 105
181 110
181 123
181 128
181 164
182 14
182 33
182 50
182 66
182 71
182 110
182 123
182 134
182 160
182 181
183 32
183 45
183 50
183 56
183 64
183 76
183 96
183 101
183 106
183 111
183 120
183 125
183 135
183 140
183 142
183 147
183 154
184 5
184 26
184 95
184 106
184 107
184 108
184 112
184 132
184 141
185 7
185 36
185 43
185 74
185 103
185 126
185 132
185 157
185 184
186 40
186 44
186 64
186 67
186 89
186 150
186 157
186 159
186 182
187 1
187 8
187 33
187 39
187 49
187 54
187 60
187 85
187 98
187 111
187 116
187 170
188 1
188 39
188 45
188 46
188 60
188 64
188 77
188 106
188 111
188 129
188 140
188 150
188 154
188 160
188 185
188 186
188 187
189 5
189 38
189 43
189 52
189 70
189 153
189 157
189 185
190 4
190 12
190 36
190 53
190 58
190 67
190 103
190 108
190 114
190 119
190 122
190 126
190 148
190 152
190 162
190 177
191 42
191 48
191 54
191 58
191 63
191 67
191 80
191 104
191 114
191 120
191 132
191 133
191 143
191 148
191 157
191 190
192 8
192 15
192 41
192 46
192 49
192 54
192 73
192 85
192 98
192 156
192 160
192 161
192 188
193 39
193 104
193 122
193 129
193 140
193 166
193 175
194 51
194 70
194 83
194 88
194 160
194 167
195 2
195 11
195 31
195 49
195 58
195 71
195 159
195 164
195 173
195 187
195 191
196 10
196 15
196 29
196 42
196 90
196 125
196 132
196 164
197 25
197 49
197 55
197 64
197 69
197 73
197 85
197 86
197 91
197 105
197 144
197 163
198 5
198 52
198 65
198 104
198 145
198 150
198 155
198 162
198 166
198 167
198 171
198 175
198 176
198 191
198 194
199 2
199 13
199 18
199 66
199 76
199 116
199 117
199 122
199 128
199 135
200 3
200 53
200 72
200 76
200 89
200 94
200 106
200 108
200 113
200 122
200 157
200 166
200 186
201 4
201 10
201 17
201 25
201 55
201 60
201 107
201 109
201 119
201 128
201 170
201 197
202 16
202 21
202 48
202 64
202 125
202 130
202 131
202 138
202 154
203 5
203 6
203 61
203 79
203 92
203 97
203 116
203 121
203 169
203 171
204 20
204 58
204 62
204 66
204 71
204 92
204 106
204 110
204 122
204 161
204 167
204 173
204 177
204 200
205 24
205 67
205 72
205 141
206 19
206 24
206 29
206 68
206 82
206 88
206 100
206 109
206 124
206 158
206 168
206 172
206 173
206 174
206 179
206 189
206 194
207 5
207 10
207 23
207 40
207 55
207 60
207 61
207 69
207 105
207 113
207 119
207 159
207 169
207 174
207 176
207 203
208 27
208 54
208 66
208 85
208 90
208 121
208 142
208 144
209 2
209 12
209 46
209 85
209 103
209 112
209 117
209 147
209 151
209 172
209 175
210 3
210 26
210 32
210 33
210 36
210 51
210 53
210 58
210 64
210 67
210 68
210 69
210 72
210 113
210 116
210 121
210 123
210 141
210 147
210 162
210 173
210 176
210 177
210 179
210 183
210 206
211 29
211 49
211 57
211 59
211 78
211 82
211 140
211 145
211 147
211 163
211 173
211 184
212 4
212 10
212 15
212 23
212 59
212 60
212 74
212 88
212 106
212 113
212 164
212 174
212 178
212 184
212 203
213 29
213 61
213 72
213 90
213 120
213 131
213 144
213 187
213 209
214 6
214 33
214 38
214 60
214 62
214 67
214 86
214 96
214 141
214 148
214 150
214 171
214 172
214 175
214 191
215 12
215 18
215 32
215 73
215 91
215 109
215 118
215 177
215 182
215 183
215 206
216 13
216 14
216 19
216 32
216 57
216 75
216 88
216 93
216 98
216 125
216 144
216 169
216 183
216 184
216 185
216 188
216 190
216 195
216 212
217 20
217 36
217 41
217 63
217 88
217 90
217 151
217 153
217 160
217 194
218 2
218 21
218 29
218 71
218 85
218 100
218 105
218 112
218 117
218 119
218 170
218 184
218 195
218 209
219 6
219 22
219 36
219 60
219 78
219 81
219 127
219 150
219 186
219 187
219 188
219 193
219 201
220 1
220 39
220 44
220 63
220 72
220 102
220 146
220 154
220 181
220 192
220 202
220 217
221 5
221 14
221 32
221 74
221 93
221 98
221 103
221 115
221 119
221 120
221 122
221 124
221 129
221 134
221 144
221 179
221 190
221 193
221 198
221 203
221 212
222 24
222 63
222 81
222 109
222 114
222 120
222 125
222 153
222 180
222 185
222 191
222 196
223 4
223 25
223 42
223 47
223 66
223 94
223 95
223 100
223 110
223 126
223 146
223 157
223 162
223 184
223 185
223 190
223 200
224 8
224 12
224 13
224 21
224 22
224 35
224 101
224 125
224 206
224 215
225 13
225 26
225 66
225 84
225 89
225 122
225 142
225 156
225 173
225 183
225 199
226 7
226 14
226 50
226 60
226 79
226 97
226 103
226 108
226 160
226 165
226 184
226 185
226 187
226 188
226 198
226 203
226 219
226 223
227 11
227 15
227 16
227 24
227 38
227 60
227 75
227 80
227 85
227 99
227 104
227 109
227 126
227 128
227 169
227 189
227 199
227 214
227 218
228 10
228 26
228 40
228 69
228 87
228 92
228 105
228 115
228 136
228 159
228 181
228 202
228 205
229 10
229 16
229 22
229 53
229 100
229 102
229 107
229 116
229 163
229 168
229 190
229 196
229 201
229 206
229 211
230 2
230 14
230 19
230 32
230 41
230 73
230 87
230 93
230 128
230 129
230 131
230 181
230 221
231 19
231 24
231 30
231 33
231 72
231 95
231 104
231 150
231 162
231 184
231 198
231 205
232 10
232 39
232 56
232 103
232 119
232 159
232 160
232 171
232 193
232 195
233 16
233 20
233 22
233 35
233 40
233 44
233 126
233 130
233 132
233 134
233 137
233 186
233 196
233 206
233 215
233 224
234 22
234 41
234 98
234 165
234 192
234 213
235 6
235 16
235 18
235 26
235 41
235 59
235 106
235 121
235 162
235 174
235 196
235 198
235 212
235 222
236 25
236 33
236 47
236 118
236 123
236 125
236 134
236 135
236 137
236 140
236 162
236 223
236 227
237 29
237 78
237 101
237 103
237 135
237 139
237 168
237 195
237 211
237 216
238 19
238 40
238 44
238 67
238 136
238 177
238 199
238 210
239 28
239 50
239 75
239 137
239 138
239 140
239 143
239 165
239 182
239 192
239 216
240 16
240 32
240 33
240 47
240 81
240 88
240 104
240 106
240 133
240 162
240 171
240 203
240 214
240 219
240 227
241 33
241 47
241 70
241 84
241 89
241 112
241 125
241 128
241 133
241 137
241 178
241 180
241 199
241 202
241 204
241 227
241 233
242 31
242 34
242 36
242 141
242 143
242 144
242 145
242 146
242 168
242 180
242 190
243 81
243 91
243 107
243 109
243 112
243 125
243 146
243 174
243 185
243 199
243 215
243 217
243 220
243 222
243 235
244 32
244 36
244 50
244 73
244 87
244 111
244 140
244 146
244 183
244 188
244 226
244 230
245 23
245 33
245 34
245 37
245 39
245 42
245 62
245 81
245 144
245 147
245 149
245 171
245 191
245 203
246 22
246 39
246 43
246 60
246 99
246 110
246 112
246 130
246 138
246 149
246 154
246 202
246 219
246 225
246 243
246 245
247 64
247 76
247 84
247 85
247 143
247 186
247 191
247 199
247 200
247 215
247 233
247 234
248 37
248 56
248 84
248 85
248 135
248 141
248 152
248 165
248 174
248 240
249 3
249 25
249 26
249 61
249 62
249 87
249 92
249 113
249 115
249 141
249 146
249 156
249 197
249 201
249 205
249 228
250 52
250 56
250 146
250 153
250 189
250 192
251 39
251 40
251 45
251 68
251 87
251 89
251 94
251 109
251 119
251 129
251 155
251 158
251 160
251 177
251 178
251 190
251 215
251 228
251 243
252 6
252 19
252 28
252 35
252 69
252 118
252 121
252 140
252 150
252 200
252 208
252 219
252 231
252 236
252 239
253 26
253 59
253 82
253 87
253 149
253 151
253 160
253 197
253 201
253 239
254 27
254 37
254 48
254 81
254 90
254 126
254 158
254 163
254 166
254 180
254 212
254 251
255 9
255 14
255 31
255 72
255 77
255 98
255 121
255 124
255 152
255 192
255 211
255 234
256 29
256 63
256 64
256 73
256 85
256 89
256 90
256 144
256 152
256 158
256 200
256 230
256 234
256 242
256 244
256 248
257 3
257 30
257 45
257 51
257 64
257 69
257 74
257 79
257 93
257 95
257 135
257 155
257 161
257 183
258 12
258 17
258 31
258 34
258 41
258 45
258 124
258 155
258 156
258 160
258 165
258 170
258 206
258 211
258 214
258 237
258 240
258 242
258 250
258 255
259 6
259 32
259 42
259 62
259 65
259 66
259 93
259 102
259 155
259 156
259 157
259 161
259 171
259 191
259 203
259 245
259 246
259 251
259 257
260 6
260 31
260 43
260 57
260 77
260 88
260 96
260 153
260 164
260 169
260 186
260 188
260 216
261 20
261 37
261 39
261 62
261 63
261 78
261 127
261 130
261 144
261 153
261 160
261 163
261 168
261 194
261 209
261 217
261 240
261 242
261 243
261 245
261 259
262 3
262 35
262 68
262 91
262 95
262 96
262 130
262 140
262 158
262 164
262 170
262 174
262 183
262 206
262 210
262 214
262 215
262 240
262 248
263 9
263 34
263 36
263 41
263 57
263 62
263 96
263 99
263 166
263 170
263 172
263 189
263 214
263 260
264 23
264 40
264 71
264 86
264 97
264 101
264 106
264 130
264 133
264 138
264 147
264 155
264 157
264 212
264 217
264 220
264 243
264 245
264 248
265 6
265 22
265 38
265 48
265 71
265 92
265 96
265 161
265 186
265 209
265 214
265 246
265 251
265 257
265 262
266 37
266 60
266 73
266 102
266 127
266 175
266 183
266 192
266 217
266 250
266 253
267 26
267 68
267 79
267 94
267 136
267 141
267 154
267 155
267 158
267 184
267 205
267 220
267 248
267 251
267 254
267 264
267 265
268 9
268 41
268 46
268 74
268 90
268 99
268 102
268 156
268 164
268 189
268 206
268 211
268 212
268 216
268 217
268 221
269 1
269 40
269 47
269 61
269 63
269 68
269 107
269 130
269 166
269 207
269 220
269 262
270 8
270 29
270 71
270 77
270 96
270 98
270 144
270 161
270 172
270 212
270 243
270 251
270 254
270 263
270 267
271 12
271 59
271 65
271 73
271 75
271 79
271 83
271 93
271 102
271 103
271 105
271 110
271 119
271 154
271 190
271 192
271 215
271 220
271 254
271 268
271 270
272 14
272 43
272 66
272 71
272 94
272 110
272 133
272 181
272 184
272 185
272 200
272 215
272 223
272 255
273 5
273 15
273 32
273 37
273 51
273 74
273 142
273 147
273 156
273 164
273 166
273 175
273 190
273 196
273 221
273 254
273 257
273 266
273 270
273 271
274 15
274 21
274 31
274 42
274 47
274 66
274 102
274 105
274 112
274 113
274 142
274 195
274 196
274 217
274 218
274 223
274 261
274 266
275 17
275 32
275 46
275 53
275 74
275 91
275 97
275 136
275 184
275 221
275 223
275 226
275 273
276 35
276 40
276 77
276 103
276 150
276 159
276 164
276 167
276 178
276 188
276 260
277 1
277 94
277 108
277 111
277 160
277 179
277 184
277 189
277 198
277 226
277 250
278 5
278 10
278 15
278 49
278 77
278 100
278 106
278 187
278 192
278 229
278 275
279 38
279 43
279 46
279 57
279 80
279 101
279 102
279 153
279 157
279 170
279 186
279 211
279 222
279 260
279 263
279 268
279 276
280 4
280 102
280 107
280 113
280 114
280 119
280 157
280 158
280 201
280 223
280 229
281 18
281 52
281 65
281 80
281 108
281 142
281 159
281 190
281 195
281 198
281 219
281 225
281 232
282 41
282 65
282 83
282 99
282 156
282 170
282 173
282 209
282 225
282 263
282 266
282 271
283 6
283 7
283 11
283 12
283 24
283 46
283 100
283 106
283 111
283 114
283 117
283 122
283 141
283 195
283 200
283 204
283 210
283 216
283 232
283 237
284 26
284 52
284 55
284 83
284 88
284 101
284 107
284 111
284 121
284 145
284 167
284 171
284 172
284 198
284 217
284 235
284 237
285 27
285 37
285 49
285 86
285 87
285 102
285 122
285 136
285 159
285 164
285 176
285 197
285 223
285 228
285 266
285 274
286 10
286 13
286 15
286 27
286 28
286 33
286 34
286 40
286 113
286 117
286 118
286 142
286 144
286 153
286 159
286 207
286 208
286 219
286 235
286 240
286 245
286 254
286 269
286 274
286 279
287 29
287 58
287 60
287 86
287 91
287 115
287 120
287 148
287 170
287 195
287 201
287 238
287 263
288 1
288 40
288 51
288 52
288 61
288 89
288 95
288 106
288 114
288 162
288 167
288 179
288 200
288 204
288 269
288 276
288 277
288 286
289 13
289 18
289 21
289 30
289 51
289 120
289 126
289 128
289 131
289 167
289 172
289 210
289 216
289 221
289 238
289 243
290 58
290 61
290 86
290 89
290 94
290 113
290 118
290 151
290 157
290 178
290 204
290 241
290 266
291 5
291 27
291 28
291 55
291 59
291 60
291 64
291 117
291 119
291 123
291 165
291 170
291 207
291 213
291 280
292 16
292 21
292 24
292 33
292 39
292 55
292 58
292 60
292 104
292 120
292 131
292 136
292 175
292 204
292 209
292 213
292 238
292 245
292 246
293 6
293 30
293 40
293 64
293 66
293 89
293 92
293 97
293 111
293 130
293 166
293 207
293 225
293 269
293 286
294 26
294 30
294 36
294 41
294 58
294 63
294 120
294 141
294 173
294 177
294 191
294 210
294 222
294 227
294 231
294 241
294 283
294 287
295 3
295 24
295 42
295 47
295 61
295 123
295 134
295 137
295 139
295 151
295 156
295 168
295 178
295 223
295 233
295 237
295 241
295 244
295 249
295 276
296 2
296 3
296 14
296 59
296 92
296 94
296 100
296 119
296 143
296 145
296 182
296 200
296 210
296 215
296 223
296 255
296 272
297 5
297 33
297 34
297 61
297 66
297 120
297 123
297 124
297 176
297 180
297 210
297 213
297 219
297 245
297 286
297 291
297 294
298 27
298 64
298 137
298 142
298 154
298 176
298 220
298 225
298 226
298 244
298 252
298 271
298 281
298 285
299 5
299 7
299 62
299 72
299 95
299 103
299 126
299 127
299 141
299 166
299 185
299 213
299 218
299 226
299 266
299 275
300 13
300 36
300 57
300 64
300 69
300 118
300 126
300 128
300 136
300 142
300 162
300 179
300 216
300 217
300 233
300 238
300 252
300 288
300 289
300 292
300 294
300 298
301 4
301 30
301 35
301 44
301 64
301 67
301 73
301 79
301 89
301 114
301 130
301 133
301 140
301 145
301 157
301 223
301 238
301 255
301 264
301 290
302 10
302 15
302 98
302 106
302 111
302 144
302 185
302 188
302 216
302 221
302 240
302 278
303 6
303 11
303 36
303 39
303 50
303 66
303 67
303 72
303 129
303 182
303 219
303 220
303 225
303 236
303 240
303 286
303 291
303 297
304 6
304 12
304 33
304 41
304 70
304 72
304 151
304 156
304 157
304 160
304 211
304 231
304 232
304 237
304 250
304 258
304 263
305 8
305 11
305 57
305 68
305 73
305 101
305 109
305 114
305 128
305 142
305 166
305 183
305 191
305 224
305 237
305 281
305 293
305 303
306 39
306 42
306 58
306 75
306 114
306 132
306 148
306 184
306 185
306 222
306 233
306 238
306 243
306 294
306 300
307 36
307 73
307 149
307 151
307 163
307 240
307 249
307 253
307 261
307 266
308 2
308 14
308 51
308 60
308 71
308 95
308 104
308 117
308 121
308 145
308 160
308 194
308 227
308 230
308 235
308 240
308 255
308 284
308 301
309 26
309 45
309 66
309 77
309 78
309 106
309 172
309 188
309 225
309 287
309 302
309 303
310 3
310 18
310 39
310 44
310 52
310 106
310 142
310 152
310 154
310 166
310 188
310 198
310 212
310 233
310 238
310 256
310 264
310 269
310 293
311 5
311 17
311 58
311 79
311 107
311 115
311 120
311 132
311 148
311 184
311 222
311 230
311 235
311 287
312 48
312 73
312 74
312 81
312 85
312 90
312 104
312 105
312 138
312 159
312 164
312 180
312 191
312 196
312 228
312 240
312 254
312 306
312 311
313 14
313 42
313 47
313 65
313 66
313 104
313 157
313 162
313 186
313 191
313 194
313 240
313 245
313 255
313 259
313 272
313 296
314 8
314 13
314 16
314 20
314 45
314 61
314 77
314 110
314 122
314 123
314 132
314 135
314 137
314 156
314 166
314 187
314 200
314 225
314 233
314 238
314 290
314 291
314 297
314 306
315 42
315 51
315 63
315 76
315 82
315 84
315 89
315 106
315 133
315 166
315 183
315 188
315 199
315 231
315 247
315 248
315 256
315 302
315 309
316 17
316 68
316 73
316 74
316 82
316 107
316 130
316 139
316 160
316 163
316 165
316 172
316 197
316 248
316 262
316 263
316 269
316 275
316 287
317 10
317 16
317 23
317 25
317 48
317 84
317 90
317 125
317 126
317 135
317 138
317 228
317 236
317 241
317 254
317 264
318 21
318 26
318 71
318 79
318 81
318 86
318 87
318 92
318 175
318 202
318 240
318 245
318 259
318 271
318 296
318 301
318 306
318 312
318 317
319 20
319 53
319 71
319 76
319 110
319 126
319 127
319 161
319 163
319 167
319 168
319 171
319 182
319 200
319 251
319 278
319 290
320 19
320 51
320 82
320 128
320 129
320 133
320 141
320 172
320 231
320 239
320 244
320 252
320 272
321 68
321 73
321 82
321 83
321 95
321 98
321 158
321 164
321 170
321 172
321 184
321 194
321 205
321 262
321 263
321 270
321 315
321 320
322 23
322 44
322 56
322 61
322 80
322 113
322 166
322 203
322 281
322 293
322 310
323 17
323 22
323 26
323 54
323 132
323 137
323 141
323 144
323 175
323 180
323 234
323 242
323 246
323 247
323 265
324 1
324 22
324 26
324 82
324 85
324 96
324 98
324 147
324 175
324 187
324 192
324 208
324 213
324 246
324 256
324 265
324 271
324 307
324 323
325 2
325 26
325 28
325 59
325 64
325 73
325 88
325 116
325 133
325 142
325 143
325 148
325 158
325 166
325 174
325 177
325 182
325 186
325 187
325 198
325 206
325 243
325 247
325 253
325 256
325 262
325 284
325 289
325 296
325 308
326 8
326 25
326 45
326 57
326 68
326 89
326 135
326 147
326 173
326 188
326 218
326 237
326 250
326 258
326 260
326 263
326 273
326 279
326 299
327 14
327 35
327 39
327 88
327 101
327 140
327 169
327 178
327 211
327 216
327 255
327 260
327 268
327 279
327 310
328 29
328 62
328 90
328 95
328 119
328 136
328 175
328 177
328 190
328 196
328 209
328 251
328 265
328 287
328 292
328 299
329 60
329 138
329 150
329 176
329 202
329 240
329 246
329 253
329 257
329 276
330 1
330 36
330 78
330 91
330 104
330 127
330 138
330 181
330 202
330 219
330 246
330 271
330 329
331 3
331 24
331 32
331 34
331 65
331 70
331 78
331 108
331 122
331 180
331 200
331 204
331 212
331 249
331 259
331 273
331 283
331 288
331 295
331 302
331 309
332 4
332 30
332 31
332 63
332 85
332 89
332 90
332 94
332 141
332 146
332 153
332 184
332 190
332 195
332 220
332 243
332 255
332 256
332 261
332 274
332 279
332 289
332 315
333 4
333 10
333 15
333 31
333 66
333 86
333 94
333 107
333 110
333 141
333 146
333 184
333 190
333 195
333 200
333 201
333 211
333 217
333 251
333 261
333 274
333 285
333 311
333 332
334 12
334 22
334 32
334 73
334 82
334 101
334 111
334 122
334 125
334 183
334 188
334 197
334 202
334 215
334 216
334 241
334 247
334 271
334 302
334 305
334 317
335 34
335 39
335 66
335 93
335 96
335 102
335 147
335 149
335 156
335 161
335 172
335 197
335 246
335 257
335 259
335 263
335 306
335 313
336 3
336 7
336 13
336 23
336 24
336 64
336 110
336 115
336 125
336 187
336 188
336 189
336 212
336 250
336 277
336 278
336 298
336 300
336 335
337 24
337 38
337 63
337 76
337 95
337 105
337 128
337 186
337 191
337 218
337 255
337 279
337 301
337 308
338 15
338 26
338 37
338 42
338 69
338 94
338 95
338 100
338 135
338 136
338 141
338 146
338 151
338 152
338 159
338 184
338 185
338 190
338 195
338 205
338 216
338 249
338 256
338 262
338 267
338 274
338 280
338 290
338 321
339 3
339 10
339 26
339 35
339 37
339 82
339 87
339 100
339 113
339 118
339 125
339 137
339 142
339 151
339 152
339 166
339 182
339 190
339 196
339 207
339 215
339 222
339 228
339 236
339 280
339 281
339 296
339 305
339 317
339 321
339 322
339 336
339 338
340 17
340 23
340 33
340 79
340 97
340 107
340 112
340 131
340 156
340 194
340 203
340 212
340 221
340 226
340 258
340 287
340 304
340 311
340 336
341 7
341 39
341 40
341 49
341 72
341 162
341 187
341 195
341 213
341 270
341 277
341 288
341 303
341 319
342 6
342 13
342 29
342 30
342 38
342 90
342 95
342 114
342 116
342 121
342 128
342 145
342 150
342 199
342 231
342 235
342 283
342 284
342 294
342 308
342 325
342 341
343 15
343 25
343 31
343 35
343 69
343 82
343 86
343 87
343 115
343 141
343 159
343 197
343 200
343 201
343 249
343 256
343 290
343 307
343 311
343 312
343 321
343 339
344 10
344 32
344 36
344 42
344 48
344 81
344 100
344 147
344 158
344 190
344 202
344 242
344 268
344 273
344 280
344 291
344 326
345 9
345 14
345 41
345 43
345 98
345 117
345 124
345 131
345 153
345 221
345 234
346 4
346 29
346 39
346 72
346 85
346 90
346 104
346 113
346 162
346 179
346 190
346 200
346 213
346 223
346 240
346 252
346 264
346 288
346 298
346 299
346 300
346 310
346 313
346 315
346 342
347 13
347 34
347 35
347 40
347 45
347 51
347 103
347 129
347 140
347 161
347 166
347 193
347 204
347 276
347 283
347 299
347 325
348 12
348 17
348 41
348 44
348 45
348 91
348 127
348 130
348 134
348 135
348 151
348 224
348 237
348 242
348 295
348 310
348 314
348 316
349 31
349 32
349 71
349 75
349 86
349 88
349 92
349 93
349 152
349 203
349 207
349 212
349 216
349 255
349 271
349 317
349 318
350 16
350 37
350 54
350 106
350 122
350 137
350 148
350 153
350 158
350 164
350 169
350 196
350 211
350 263
350 268
350 279
350 286
350 302
350 327
351 15
351 20
351 44
351 47
351 60
351 88
351 104
351 125
351 130
351 137
351 159
351 203
351 214
351 227
351 233
351 240
351 245
351 308
351 313
351 317
351 334
351 338
352 29
352 45
352 49
352 78
352 90
352 91
352 96
352 134
352 168
352 205
352 206
352 211
352 254
352 258
352 270
352 321
352 330
352 348
353 19
353 30
353 36
353 57
353 76
353 101
353 109
353 167
353 172
353 199
353 206
353 289
353 305
353 315
354 18
354 23
354 46
354 50
354 102
354 133
354 140
354 141
354 156
354 211
354 212
354 230
354 236
354 248
354 252
354 262
354 267
354 272
354 320
354 327
355 12
355 46
355 82
355 99
355 103
355 147
355 171
355 172
355 208
355 209
355 213
355 214
355 261
355 263
355 282
355 307
355 324
355 351
356 22
356 53
356 58
356 60
356 90
356 104
356 112
356 133
356 139
356 143
356 154
356 175
356 202
356 204
356 209
356 223
356 274
356 285
356 290
356 292
356 354
357 26
357 35
357 40
357 44
357 53
357 54
357 59
357 136
357 139
357 141
357 143
357 175
357 210
357 214
357 224
357 225
357 233
357 235
357 251
357 309
357 319
357 323
357 324
358 15
358 45
358 46
358 50
358 84
358 102
358 106
358 156
358 174
358 211
358 212
358 217
358 220
358 255
358 264
358 271
358 310
358 327
358 354
359 25
359 37
359 68
359 72
359 102
359 115
359 156
359 157
359 178
359 205
359 231
359 241
359 267
359 276
359 288
359 295
359 311
360 12
360 27
360 29
360 47
360 56
360 81
360 98
360 118
360 137
360 139
360 141
360 144
360 146
360 153
360 156
360 216
360 217
360 236
360 242
360 254
360 268
360 273
360 286
360 302
360 323
360 327
360 328
361 20
361 48
361 58
361 63
361 87
361 105
361 110
361 112
361 154
361 177
361 202
361 204
361 214
361 215
361 220
361 248
361 264
361 267
361 292
361 298
361 324
361 330
361 335
361 357
362 5
362 28
362 53
362 55
362 59
362 64
362 66
362 69
362 71
362 85
362 118
362 143
362 145
362 181
362 208
362 270
362 291
362 296
362 324
363 21
363 32
363 37
363 41
363 46
363 55
363 59
363 84
363 101
363 121
363 140
363 142
363 145
363 147
363 149
363 155
363 161
363 166
363 174
363 239
363 245
363 257
363 262
363 264
363 265
363 271
363 275
363 325
363 329
363 335
363 354
364 25
364 47
364 90
364 96
364 108
364 115
364 146
364 180
364 205
364 223
364 236
364 246
364 267
364 270
364 295
364 316
364 336
364 338
365 31
365 52
365 56
365 57
365 74
365 108
365 121
365 141
365 158
365 162
365 173
365 184
365 189
365 198
365 211
365 218
365 236
365 237
365 258
365 268
365 299
365 301
365 326
365 332
365 333
365 342
366 40
366 54
366 62
366 87
366 94
366 110
366 115
366 150
366 152
366 163
366 164
366 219
366 242
366 249
366 254
366 260
366 265
366 299
366 323
366 328
366 333
366 343
366 357
367 1
367 3
367 54
367 64
367 93
367 111
367 118
367 125
367 165
367 208
367 226
367 244
367 273
367 275
367 298
367 300
367 324
367 329
367 336
367 339
367 341
367 355
367 363
368 1
368 46
368 59
368 60
368 124
368 145
368 149
368 160
368 171
368 187
368 192
368 211
368 214
368 239
368 302
368 331
369 43
369 71
369 90
369 96
369 102
369 153
369 167
369 172
369 180
369 216
369 217
369 263
369 268
369 270
369 271
369 272
369 321
369 327
369 335
369 336
369 360
370 4
370 31
370 42
370 47
370 53
370 96
370 103
370 113
370 114
370 117
370 119
370 121
370 126
370 147
370 208
370 211
370 223
370 229
370 232
370 242
370 252
370 257
370 273
370 278
370 283
370 301
370 326
370 339
370 342
370 344
370 352
371 54
371 62
371 68
371 80
371 148
371 152
371 153
371 190
371 195
371 200
371 242
371 253
371 305
371 329
371 332
371 333
371 339
371 343
372 3
372 41
372 46
372 59
372 75
372 79
372 93
372 124
372 149
372 156
372 165
372 183
372 249
372 254
372 266
372 270
372 271
372 273
372 275
372 295
372 329
372 335
372 339
372 349
372 363
373 7
373 26
373 34
373 35
373 70
373 122
373 124
373 160
373 165
373 166
373 214
373 232
373 237
373 250
373 260
373 285
373 304
373 331
373 347
373 350
374 37
374 52
374 65
374 83
374 155
374 198
374 245
374 251
374 256
374 261
374 267
374 271
374 277
374 281
374 282
374 308
374 335
374 336
374 351
375 6
375 17
375 49
375 67
375 82
375 96
375 106
375 159
375 162
375 163
375 164
375 168
375 186
375 211
375 274
375 276
375 283
375 288
375 343
375 366
376 37
376 90
376 125
376 163
376 217
376 219
376 235
376 240
376 253
376 263
376 264
376 268
376 307
376 324
376 355
376 358
376 369
377 34
377 68
377 74
377 75
377 79
377 84
377 86
377 115
377 158
377 160
377 165
377 179
377 205
377 248
377 249
377 254
377 275
377 311
377 315
377 316
377 335
377 338
377 349
377 359
378 9
378 51
378 52
378 99
378 161
378 167
378 189
378 226
378 250
378 260
378 277
378 279
378 336
378 350
378 369
379 18
379 40
379 112
379 128
379 130
379 146
379 202
379 220
379 238
379 243
379 246
379 310
379 332
379 351
379 353
379 356
380 7
380 53
380 63
380 71
380 87
380 89
380 92
380 94
380 113
380 161
380 162
380 167
380 178
380 204
380 207
380 228
380 251
380 286
380 288
380 319
380 341
380 342
380 347
380 357
380 362
380 367
381 3
381 12
381 55
381 73
381 102
381 165
381 170
381 192
381 229
381 280
381 282
381 339
381 363
381 372
382 43
382 89
382 99
382 110
382 120
382 131
382 133
382 223
382 246
382 274
382 279
382 285
382 289
382 290
382 313
382 354
382 356
383 6
383 61
383 164
383 170
383 176
383 207
383 212
383 254
383 270
383 322
383 344
383 355
384 1
384 6
384 7
384 11
384 15
384 58
384 63
384 81
384 86
384 105
384 106
384 173
384 195
384 197
384 216
384 227
384 236
384 237
384 283
384 285
384 287
384 288
384 332
384 337
384 371
384 375
385 8
385 12
385 13
385 24
385 46
385 113
385 123
385 134
385 136
385 139
385 177
385 226
385 236
385 249
385 277
385 283
385 316
385 359
385 364
385 372
385 378
386 12
386 18
386 19
386 54
386 77
386 98
386 100
386 102
386 124
386 167
386 192
386 210
386 215
386 229
386 325
386 347
387 4
387 40
387 55
387 61
387 65
387 66
387 108
387 176
387 190
387 198
387 223
387 225
387 269
387 274
387 284
387 286
387 288
387 291
387 325
388 5
388 15
388 27
388 49
388 51
388 74
388 90
388 137
388 139
388 142
388 164
388 171
388 180
388 195
388 226
388 229
388 231
388 252
388 254
388 286
388 291
388 346
388 360
388 362
388 365
388 367
389 1
389 2
389 7
389 71
389 80
389 91
389 103
389 105
389 106
389 111
389 117
389 177
389 191
389 195
389 218
389 232
389 251
389 285
389 328
389 337
389 347
389 350
390 1
390 21
390 22
390 64
390 69
390 86
390 179
390 197
390 201
390 202
390 226
390 277
390 283
390 288
390 289
390 291
390 292
390 294
390 298
390 338
390 343
390 348
390 367
391 4
391 8
391 9
391 30
391 35
391 44
391 52
391 64
391 77
391 113
391 119
391 140
391 145
391 160
391 164
391 167
391 194
391 198
391 232
391 255
391 257
391 260
391 280
391 283
391 284
391 304
391 322
391 347
391 365
391 368
391 370
391 373
391 383
392 5
392 65
392 70
392 106
392 108
392 175
392 184
392 189
392 198
392 199
392 200
392 204
392 216
392 221
392 235
392 263
392 279
392 284
392 288
392 331
392 350
392 353
392 369
392 374
392 375
392 378
392 384
393 5
393 11
393 15
393 24
393 49
393 71
393 72
393 110
393 114
393 121
393 126
393 139
393 140
393 171
393 182
393 185
393 187
393 195
393 204
393 205
393 229
393 231
393 241
393 285
393 286
393 292
393 294
393 296
393 297
393 319
393 341
393 365
394 2
394 6
394 21
394 26
394 33
394 38
394 62
394 67
394 80
394 106
394 116
394 122
394 148
394 170
394 187
394 235
394 258
394 260
394 292
394 325
394 347
394 350
394 371
394 373
394 386
395 16
395 21
395 63
395 109
395 111
395 114
395 118
395 122
395 128
395 192
395 201
395 224
395 227
395 291
395 297
395 302
395 303
395 334
395 339
395 381
396 9
396 19
396 64
396 75
396 103
396 119
396 124
396 142
396 190
396 232
396 273
396 298
396 300
396 344
396 370
396 389
397 14
397 36
397 41
397 69
397 75
397 83
397 104
397 151
397 173
397 209
397 210
397 261
397 263
397 266
397 294
397 300
397 345
397 353
397 376
398 2
398 24
398 26
398 30
398 210
398 227
398 231
398 236
398 294
398 337
398 342
398 384
399 26
399 55
399 78
399 121
399 136
399 145
399 162
399 193
399 206
399 235
399 292
399 301
399 303
399 325
399 357
400 8
400 44
400 77
400 86
400 131
400 133
400 154
400 157
400 176
400 183
400 202
400 264
400 266
400 269
400 356
400 358
400 379
400 391
401 5
401 10
401 27
401 115
401 117
401 119
401 120
401 203
401 207
401 278
401 294
401 297
401 299
401 345
401 388
401 393
402 15
402 29
402 39
402 58
402 70
402 75
402 81
402 90
402 105
402 114
402 135
402 148
402 150
402 190
402 191
402 196
402 199
402 219
402 238
402 289
402 306
402 311
402 314
402 328
402 335
402 360
402 384
403 11
403 40
403 42
403 47
403 80
403 89
403 110
403 115
403 157
403 162
403 179
403 186
403 200
403 205
403 246
403 269
403 272
403 290
403 296
403 301
403 351
403 359
403 380
403 382
404 8
404 13
404 16
404 30
404 67
404 91
404 117
404 120
404 123
404 126
404 136
404 176
404 210
404 221
404 233
404 238
404 292
404 297
404 300
404 348
404 352
404 386
404 390
404 401
405 23
405 32
405 61
405 78
405 84
405 123
405 127
405 133
405 137
405 151
405 157
405 199
405 241
405 243
405 291
405 297
405 309
405 314
405 317
405 331
405 358
406 2
406 14
406 33
406 50
406 92
406 115
406 118
406 129
406 160
406 182
406 184
406 228
406 239
406 249
406 275
406 278
406 362
406 385
407 11
407 16
407 25
407 33
407 44
407 110
407 123
407 126
407 130
407 134
407 209
407 213
407 236
407 241
407 289
407 294
407 303
407 304
407 305
407 319
407 340
407 351
407 355
407 385
407 393
407 404
408 30
408 61
408 64
408 76
408 87
408 92
408 125
408 130
408 131
408 135
408 154
408 202
408 220
408 230
408 236
408 241
408 244
408 246
408 317
408 334
408 351
408 361
408 390
408 391
408 400
408 405
409 5
409 53
409 95
409 126
409 163
409 168
409 185
409 187
409 231
409 261
409 275
409 278
409 291
409 307
409 362
409 365
409 376
409 388
409 393
409 401
409 406
410 14
410 19
410 32
410 36
410 61
410 73
410 102
410 128
410 129
410 132
410 156
410 177
410 183
410 216
410 238
410 244
410 303
410 306
410 312
410 354
410 358
410 396
410 402
410 408
411 24
411 33
411 55
411 64
411 67
411 84
411 95
411 157
411 194
411 205
411 210
411 223
411 244
411 247
411 303
411 304
411 308
411 313
411 315
411 318
411 320
411 337
411 362
411 398
411 409
412 8
412 19
412 33
412 34
412 50
412 56
412 60
412 61
412 123
412 129
412 171
412 188
412 190
412 195
412 214
412 219
412 229
412 278
412 281
412 286
412 303
412 314
412 319
412 339
412 355
412 368
412 370
412 391
412 393
412 396
412 410
413 17
413 22
413 26
413 39
413 40
413 55
413 60
413 64
413 129
413 132
413 137
413 186
413 215
413 219
413 225
413 230
413 235
413 240
413 244
413 246
413 247
413 251
413 309
413 325
413 334
413 357
413 362
413 366
413 399
413 410
413 411
414 5
414 17
414 27
414 66
414 70
414 91
414 95
414 98
414 136
414 142
414 160
414 185
414 187
414 192
414 208
414 213
414 250
414 252
414 266
414 275
414 311
414 321
414 323
414 331
414 340
414 341
414 362
414 401
415 11
415 36
415 47
415 52
415 59
415 64
415 101
415 126
415 171
415 198
415 216
415 237
415 253
415 281
415 284
415 289
415 308
415 396
415 399
415 407
416 4
416 25
416 42
416 67
416 75
416 124
416 132
416 135
416 140
416 148
416 189
416 199
416 223
416 234
416 238
416 247
416 250
416 268
416 323
416 359
416 360
416 365
416 370
416 402
417 8
417 25
417 45
417 85
417 98
417 101
417 134
417 144
417 149
417 188
417 211
417 229
417 253
417 270
417 278
417 319
417 326
417 355
417 368
417 370
417 404
418 36
418 39
418 55
418 62
418 65
418 67
418 70
418 81
418 129
418 136
418 146
418 150
418 176
418 177
418 219
418 245
418 246
418 251
418 287
418 292
418 306
418 309
418 311
418 335
418 399
418 402
418 405
418 410
418 415
419 28
419 51
419 70
419 87
419 138
419 143
419 146
419 160
419 197
419 201
419 231
419 241
419 250
419 252
419 253
419 257
419 291
419 340
419 357
419 362
419 363
419 368
419 416
419 417
420 11
420 47
420 101
420 104
420 191
420 193
420 198
420 214
420 219
420 242
420 281
420 358
420 371
420 412
421 24
421 42
421 49
421 53
421 63
421 65
421 70
421 105
421 132
421 134
421 139
421 143
421 144
421 159
421 180
421 222
421 228
421 290
421 295
421 312
421 323
421 402
421 405
421 410
421 413
421 418
422 31
422 59
422 64
422 73
422 120
422 141
422 144
422 146
422 163
422 200
422 230
422 234
422 244
422 253
422 254
422 256
422 260
422 319
422 325
422 329
422 339
422 343
422 366
422 371
422 419
423 14
423 60
423 81
423 104
423 107
423 112
423 136
423 141
423 160
423 194
423 217
423 222
423 235
423 261
423 265
423 284
423 332
423 366
423 371
423 374
424 22
424 45
424 61
424 66
424 68
424 73
424 76
424 86
424 135
424 137
424 142
424 183
424 188
424 197
424 225
424 236
424 241
424 257
424 266
424 281
424 298
424 307
424 315
424 317
424 326
424 387
424 405
424 408
424 413
424 417
425 34
425 39
425 72
425 76
425 149
425 151
425 152
425 166
425 193
425 232
425 242
425 253
425 256
425 263
425 264
425 307
425 327
425 346
425 347
425 373
425 374
425 422
426 17
426 34
426 49
426 55
426 64
426 68
426 73
426 75
426 110
426 115
426 168
426 179
426 183
426 197
426 225
426 287
426 335
426 349
426 364
426 375
426 377
426 424
427 35
427 48
427 76
427 79
427 114
427 154
427 191
427 214
427 228
427 244
427 301
427 315
427 318
427 408
427 410
427 411
427 416
427 420
428 37
428 42
428 65
428 70
428 75
428 79
428 86
428 151
428 152
428 160
428 169
428 196
428 259
428 267
428 311
428 335
428 349
428 377
428 426
429 3
429 20
429 47
429 76
429 81
429 82
429 110
429 113
429 118
429 147
429 161
429 200
429 207
429 251
429 261
429 286
429 290
429 338
429 343
429 347
429 351
429 371
429 380
429 422
430 27
430 33
430 38
430 51
430 62
430 66
430 72
430 79
430 83
430 141
430 142
430 143
430 157
430 189
430 194
430 197
430 201
430 208
430 227
430 231
430 252
430 253
430 257
430 304
430 308
430 313
430 321
430 337
430 362
430 398
430 411
430 414
430 419
431 34
431 39
431 40
431 45
431 82
431 144
431 155
431 172
431 189
431 254
431 258
431 262
431 268
431 270
431 309
431 352
431 358
431 413
432 6
432 23
432 35
432 69
432 95
432 113
432 121
432 150
432 174
432 184
432 200
432 203
432 210
432 214
432 231
432 245
432 259
432 264
432 265
432 293
432 341
432 346
432 380
432 383
433 82
433 90
433 144
433 146
433 192
433 197
433 234
433 250
433 256
433 266
433 307
433 324
433 355
433 376
433 414
433 422
434 32
434 42
434 43
434 48
434 81
434 85
434 86
434 92
434 142
434 152
434 158
434 163
434 166
434 171
434 175
434 197
434 202
434 256
434 257
434 265
434 273
434 312
434 355
434 383
434 388
434 412
434 427
435 9
435 26
435 28
435 68
435 77
435 124
435 137
435 153
435 182
435 192
435 206
435 234
435 239
435 258
435 262
435 296
435 368
435 373
435 386
435 393
436 14
436 35
436 39
436 82
436 85
436 88
436 90
436 147
436 178
436 188
436 200
436 310
436 315
436 324
436 327
436 352
436 417
436 424
436 425
436 433
437 4
437 51
437 94
437 110
437 113
437 159
437 161
437 164
437 166
437 178
437 269
437 276
437 280
437 293
437 295
437 305
437 310
437 325
437 359
437 375
437 383
437 386
437 391
438 12
438 17
438 29
438 36
438 80
438 91
438 101
438 127
438 135
438 144
438 156
438 180
438 209
438 211
438 237
438 242
438 266
438 275
438 299
438 326
438 352
438 360
438 370
438 381
438 389
438 414
439 42
439 60
439 86
439 88
439 92
439 175
439 176
439 196
439 203
439 212
439 221
439 240
439 271
439 313
439 318
439 351
439 355
439 382
439 411
439 427
439 428
439 432
440 1
440 7
440 12
440 26
440 33
440 43
440 54
440 91
440 103
440 111
440 116
440 153
440 157
440 164
440 181
440 182
440 192
440 206
440 222
440 271
440 279
440 292
440 296
440 323
440 357
440 363
440 366
440 372
440 383
440 386
440 389
440 394
441 8
441 15
441 20
441 44
441 57
441 103
441 122
441 130
441 135
441 147
441 199
441 209
441 212
441 237
441 245
441 269
441 283
441 293
441 302
441 348
441 353
441 355
441 358
441 363
441 384
441 392
441 404
441 417
441 439
442 4
442 45
442 88
442 91
442 96
442 145
442 174
442 178
442 189
442 194
442 206
442 211
442 243
442 264
442 268
442 270
442 321
442 333
442 358
442 364
442 370
442 400
442 431
443 10
443 29
443 57
443 85
443 91
443 94
443 119
443 151
443 167
443 172
443 206
443 209
443 261
443 266
443 270
443 282
443 287
443 355
443 376
443 381
443 397
444 23
444 60
444 106
444 111
444 133
444 150
444 212
444 240
444 248
444 262
444 266
444 302
444 307
444 330
444 356
444 358
444 363
444 376
444 420
444 442
445 1
445 7
445 13
445 43
445 92
445 99
445 181
445 182
445 187
445 209
445 213
445 214
445 228
445 246
445 271
445 273
445 318
445 324
445 357
445 361
445 368
445 382
445 434
445 439
446 23
446 32
446 44
446 60
446 104
446 122
446 175
446 183
446 188
446 193
446 198
446 212
446 244
446 254
446 270
446 279
446 285
446 290
446 302
446 338
446 350
446 373
446 378
446 383
446 384
446 392
446 400
446 410
446 423
446 429
446 434
447 9
447 26
447 63
447 94
447 109
447 110
447 136
447 141
447 153
447 179
447 200
447 215
447 243
447 251
447 265
447 270
447 274
447 285
447 325
447 330
447 333
447 361
447 366
447 380
447 423
447 429
447 435
448 4
448 5
448 94
448 96
448 102
448 115
448 156
448 184
448 212
448 270
448 274
448 275
448 290
448 327
448 364
448 370
448 406
448 426
448 436
448 437
448 442
448 446
449 35
449 37
449 68
449 96
449 166
449 178
449 251
449 262
449 267
449 281
449 293
449 305
449 327
449 382
449 403
449 436
449 437
450 7
450 29
450 47
450 82
450 102
450 103
450 139
450 156
450 158
450 163
450 211
450 223
450 236
450 237
450 246
450 251
450 254
450 267
450 268
450 271
450 316
450 336
450 364
450 366
450 369
450 383
450 422
450 426
450 438
450 448
5