7 1
10 4
13 7
16 10
16 15
19 2
19 13
19 18
21 9
22 21
23 1
24 7
24 12
25 23
25 24
27 15
28 27
29 7
29 12
30 3
30 8
31 30
32 3
33 10
34 12
34 20
34 33
35 2
35 6
35 31
36 4
37 3
37 36
38 2
38 9
38 16
38 34
39 12
39 36
40 6
40 7
40 13
41 5
41 29
41 37
42 30
43 5
43 9
43 21
43 42
44 6
44 8
44 13
44 17
44 26
44 40
44 41
45 2
45 7
46 3
46 8
46 12
46 24
46 39
47 11
47 16
47 43
49 1
49 6
49 12
49 15
49 22
50 2
50 12
50 19
50 24
50 28
50 46
51 13
51 39
52 18
52 20
52 25
53 22
53 49
54 1
54 7
54 15
54 17
54 27
55 12
55 18
55 21
56 13
56 23
56 25
56 52
57 9
57 14
58 24
58 30
59 31
59 55
60 23
60 28
61 18
61 27
61 28
61 52
62 14
62 29
62 31
62 36
62 58
62 59
63 10
63 20
63 30
63 31
64 55
65 22
65 23
65 34
65 39
65 42
65 61
65 64
66 2
66 23
66 27
66 28
66 33
66 38
67 29
67 34
67 44
67 58
68 26
68 30
68 37
68 42
69 3
69 5
69 11
69 30
69 36
69 60
70 33
70 38
70 61
71 2
71 34
71 40
71 45
71 48
72 6
72 19
72 30
72 33
72 34
72 40
72 44
72 49
73 30
73 31
73 50
73 64
74 5
74 48
74 51
75 9
75 14
75 36
75 42
76 67
77 8
77 30
77 39
77 40
77 44
77 49
77 51
78 12
78 25
78 36
78 39
78 46
79 46
79 70
80 3
80 11
80 69
81 20
81 34
81 42
81 53
82 35
82 69
82 73
83 14
83 21
83 45
83 55
83 57
83 62
84 23
84 42
84 45
84 56
85 52
86 17
86 34
86 44
86 60
86 65
86 68
86 74
87 26
87 48
87 69
87 70
88 46
88 79
89 20
89 45
89 52
89 61
89 63
89 68
90 29
90 51
90 62
90 67
90 72
90 76
91 17
91 39
91 44
91 54
91 63
92 23
92 48
92 50
92 66
92 71
92 79
93 32
93 55
93 56
93 60
93 79
94 20
94 52
94 56
94 71
94 86
95 51
95 69
95 74
95 82
96 35
96 82
96 88
96 89
97 1
97 23
97 79
97 89
98 54
98 77
99 26
99 43
99 47
99 52
99 85
99 96
100 4
100 7
100 26
100 54
100 82
100 88
100 97
101 3
101 57
101 78
101 80
102 4
102 41
102 46
102 55
102 79
102 88
102 99
103 7
103 29
103 51
103 81
103 85
103 95
103 100
104 2
104 45
104 60
104 67
104 83
105 1
105 12
105 43
105 49
105 53
105 91
106 3
106 8
106 10
106 15
106 32
106 49
106 93
107 50
107 63
107 86
108 4
108 5
108 41
108 52
108 56
108 94
109 16
109 18
109 21
109 27
109 35
109 57
109 62
109 92
110 17
110 23
110 33
110 44
110 66
110 89
110 92
110 97
110 102
111 7
111 13
111 24
111 55
111 93
111 97
112 16
112 21
112 24
112 38
112 63
112 110
113 5
113 25
113 61
113 69
113 85
113 94
113 97
113 100
113 105
114 2
114 5
114 10
114 16
114 35
114 36
114 57
114 58
114 62
114 63
114 101
114 106
115 12
115 18
115 47
115 53
115 66
116 7
116 97
116 100
116 103
117 4
117 5
117 10
117 38
117 61
117 66
117 89
117 104
117 114
118 11
118 40
118 44
118 69
118 80
118 110
119 2
119 10
119 21
119 62
119 67
119 76
119 90
119 100
119 103
119 106
119 112
119 116
120 3
120 37
120 41
120 43
120 58
120 64
120 69
120 114
120 117
121 23
121 30
121 33
121 34
121 59
121 69
121 72
121 74
121 118
122 13
122 15
122 49
122 65
122 103
122 106
123 30
123 44
123 72
123 101
124 17
124 26
124 33
124 38
124 62
124 66
124 75
124 92
124 117
125 8
125 16
125 18
125 102
125 106
125 109
125 114
125 117
125 123
126 28
126 43
126 47
126 75
126 99
127 10
127 29
127 34
127 36
127 41
127 44
127 65
127 78
127 114
127 124
127 125
128 2
128 19
128 50
128 61
128 112
128 117
129 7
129 10
129 16
129 50
129 57
129 78
129 81
129 82
130 9
130 18
130 37
130 44
130 52
130 57
130 68
130 81
130 122
130 129
131 3
131 5
131 13
131 19
131 22
131 43
131 58
131 69
131 112
131 114
131 120
132 34
132 53
132 70
132 81
132 86
132 115
132 129
133 21
133 42
133 47
133 55
133 66
133 84
134 8
134 13
134 41
134 46
134 95
134 115
134 122
134 123
135 42
135 56
135 57
135 84
135 89
136 19
136 48
136 50
136 53
136 58
136 87
137 11
137 20
137 28
137 49
137 69
137 80
137 118
137 126
137 130
138 26
138 35
138 55
138 59
138 87
138 92
138 126
138 136
139 46
139 53
139 72
139 82
139 91
139 100
139 105
139 115
139 132
140 14
140 19
140 28
140 31
140 56
140 57
140 58
140 67
140 73
140 93
140 113
140 129
141 4
141 53
141 62
141 68
141 74
141 87
141 90
141 95
141 134
142 20
142 28
142 56
142 61
142 69
142 74
142 80
142 93
142 118
142 140
143 17
143 22
143 34
143 59
143 65
143 86
143 132
143 141
144 17
144 61
144 90
144 93
144 98
144 135
144 142
145 31
145 57
145 59
145 62
145 117
145 121
145 133
146 14
146 25
146 62
146 78
146 83
146 135
146 140
146 144
147 3
147 80
147 101
147 135
148 20
148 34
148 62
148 67
148 70
148 75
148 81
148 90
148 110
148 124
148 136
149 28
149 41
149 65
149 76
149 86
149 87
149 138
149 141
149 143
150 6
150 28
150 33
150 67
150 78
150 96
150 104
150 143
151 37
151 70
151 79
151 83
151 127
151 134
152 30
152 31
152 68
152 74
152 90
152 94
152 140
152 141
152 146
153 9
153 26
153 36
153 81
153 90
153 99
153 107
153 110
153 112
153 125
153 136
154 40
154 50
154 73
154 77
154 95
154 101
154 130
155 28
155 33
155 34
155 48
155 71
155 92
155 124
155 148
155 149
156 12
156 98
156 102
156 110
156 115
156 149
157 4
157 35
157 43
157 76
157 90
157 133
157 150
158 37
158 42
158 55
158 74
158 141
158 152
159 3
159 15
159 36
159 37
159 46
159 101
159 105
159 113
159 118
159 142
160 2
160 19
160 46
160 79
160 83
160 88
160 93
160 97
160 136
161 13
161 45
161 58
161 77
161 134
161 155
162 6
162 18
162 35
162 40
162 43
162 108
162 121
162 133
163 31
163 41
163 74
163 82
163 86
163 91
163 100
163 105
163 139
163 145
163 151
164 1
164 15
164 48
164 66
164 91
164 101
164 105
164 111
164 147
164 158
165 9
165 14
165 21
165 28
165 46
165 92
165 102
165 111
165 124
165 143
165 152
166 13
166 52
166 77
166 85
166 89
166 113
167 4
167 18
167 19
167 35
167 51
167 100
167 108
167 109
167 145
167 155
167 161
167 166
168 12
168 24
168 49
168 100
168 105
168 127
168 139
169 56
169 60
169 80
169 88
169 93
169 95
169 100
169 142
170 7
170 8
170 12
170 17
170 21
170 24
170 54
170 63
170 68
170 89
170 98
170 107
170 111
170 164
170 169
171 15
171 18
171 20
171 33
171 34
171 52
171 69
171 89
171 118
171 130
171 142
171 149
172 29
172 34
172 35
172 45
172 83
172 96
172 104
172 109
172 119
172 155
172 160
173 15
173 24
173 30
173 36
173 46
173 50
173 57
173 62
173 114
173 125
173 156
174 1
174 2
174 23
174 42
174 55
174 57
174 66
174 97
174 133
174 138
174 145
175 86
175 99
175 117
176 23
176 27
176 60
176 65
176 117
176 175
177 19
177 26
177 29
177 58
177 100
177 105
177 136
177 141
177 148
177 160
178 15
178 30
178 35
178 51
178 89
178 96
178 102
178 115
178 125
178 135
178 151
179 16
179 30
179 31
179 41
179 42
179 47
179 63
179 68
179 107
179 115
179 120
179 121
179 157
179 171
179 178
180 29
180 42
180 57
180 61
180 73
180 113
180 132
180 143
180 144
180 151
180 174
181 2
181 29
181 43
181 54
181 83
181 92
181 103
181 104
181 105
181 109
181 129
181 159
182 29
182 33
182 39
182 123
182 129
182 181
183 32
183 41
183 64
183 111
183 147
183 154
183 170
184 5
184 36
184 37
184 41
184 47
184 67
184 97
184 102
184 107
184 108
184 113
184 131
185 19
185 36
185 37
185 52
185 74
185 98
185 108
185 122
185 151
185 153
185 184
186 35
186 40
186 67
186 104
186 138
186 150
186 157
187 1
187 8
187 33
187 50
187 111
187 116
187 124
187 129
187 155
187 165
188 39
188 40
188 51
188 64
188 77
188 101
188 106
188 129
188 135
188 140
188 154
188 187
189 5
189 38
189 43
189 47
189 70
189 131
189 151
189 153
189 160
189 162
189 185
190 2
190 4
190 36
190 47
190 101
190 114
190 119
190 126
191 42
191 43
191 63
191 67
191 80
191 83
191 114
191 133
191 157
192 8
192 41
192 44
192 46
192 65
192 79
192 98
192 134
192 149
192 156
192 160
192 161
192 165
192 170
193 7
193 12
193 39
193 104
193 117
193 122
193 129
194 56
194 70
194 83
194 88
194 112
194 156
194 160
195 11
195 47
195 52
195 101
195 147
195 152
195 154
195 159
195 164
195 188
195 191
196 10
196 15
196 42
196 48
196 49
196 63
196 114
196 125
196 129
196 132
196 148
196 153
196 158
196 173
197 50
197 73
197 74
197 86
197 91
197 105
197 110
197 139
197 140
197 154
197 163
197 175
198 14
198 52
198 104
198 120
198 150
198 167
198 171
198 194
199 7
199 13
199 18
199 45
199 52
199 61
199 128
199 135
199 141
200 13
200 29
200 57
200 62
200 76
200 83
200 89
200 94
200 139
200 152
200 166
200 167
200 168
200 173
201 17
201 55
201 59
201 63
201 68
201 89
201 107
201 138
201 153
201 158
201 164
201 170
201 197
202 21
202 48
202 55
202 60
202 64
202 65
202 69
202 131
202 138
202 164
203 1
203 56
203 75
203 79
203 92
203 97
203 165
203 169
203 171
204 2
204 20
204 52
204 57
204 58
204 67
204 110
204 116
204 160
204 161
204 173
204 200
205 3
205 24
205 48
205 51
205 74
205 87
205 128
205 134
205 139
205 141
205 152
205 158
205 164
205 178
206 73
206 82
206 99
206 100
206 109
206 119
206 139
206 163
206 172
207 23
207 61
207 65
207 66
207 105
207 113
207 120
207 159
207 164
207 174
207 176
207 179
207 180
207 203
208 15
208 20
208 27
208 54
208 71
208 75
208 100
208 126
208 137
208 142
208 181
209 1
209 7
209 12
209 31
209 62
209 81
209 85
209 103
209 115
209 117
209 156
209 161
209 175
209 181
210 8
210 26
210 58
210 64
210 69
210 116
210 182
210 206
211 3
211 9
211 14
211 30
211 57
211 69
211 73
211 83
211 109
211 145
211 147
211 174
211 178
211 179
212 9
212 15
212 70
212 74
212 88
212 106
212 111
212 115
212 164
212 169
212 178
212 179
212 203
213 11
213 29
213 54
213 67
213 72
213 119
213 181
213 182
213 186
213 187
213 209
213 210
214 1
214 7
214 17
214 33
214 38
214 81
214 91
214 127
214 143
214 148
214 150
214 171
214 181
215 1
215 23
215 26
215 73
215 82
215 91
215 92
215 97
215 102
215 109
215 116
215 174
215 181
215 206
216 3
216 13
216 19
216 57
216 69
216 75
216 83
216 122
216 124
216 147
216 148
216 173
216 185
216 190
217 36
217 41
217 45
217 63
217 69
217 84
217 88
217 151
217 153
217 178
217 185
217 189
218 2
218 4
218 10
218 16
218 29
218 71
218 94
218 100
218 112
218 116
218 117
218 119
218 126
218 161
218 175
218 176
218 184
218 190
218 209
219 60
219 78
219 91
219 127
219 150
219 188
219 193
220 1
220 12
220 44
220 78
220 91
220 102
220 143
220 154
220 177
220 181
220 182
220 187
221 3
221 5
221 10
221 13
221 18
221 32
221 93
221 98
221 108
221 115
221 120
221 122
221 124
221 169
221 179
221 184
221 203
221 212
222 4
222 10
222 63
222 81
222 90
222 114
222 125
222 153
222 189
222 191
222 196
223 4
223 5
223 21
223 47
223 71
223 76
223 86
223 90
223 94
223 110
223 157
223 162
223 170
223 181
223 184
223 195
224 8
224 13
224 30
224 67
224 101
224 118
224 122
224 123
224 125
224 177
224 182
224 211
224 215
224 220
225 9
225 12
225 23
225 43
225 68
225 73
225 84
225 89
225 156
225 199
226 8
226 14
226 50
226 64
226 97
226 113
226 134
226 143
226 160
226 165
226 187
226 203
226 213
227 11
227 16
227 24
227 38
227 125
227 126
227 128
227 218
228 21
228 55
228 60
228 69
228 87
228 92
228 136
228 159
228 202
228 210
229 10
229 100
229 106
229 116
229 121
229 168
230 7
230 13
230 14
230 17
230 19
230 23
230 28
230 41
230 44
230 112
230 123
230 127
230 129
230 131
230 134
230 169
230 183
230 193
230 203
230 212
230 217
230 221
231 19
231 72
231 74
231 90
231 95
231 108
231 123
231 134
231 154
231 162
231 193
231 205
231 208
231 210
232 13
232 15
232 56
232 61
232 103
232 129
232 166
232 171
232 185
232 193
232 230
233 21
233 22
233 26
233 44
233 95
233 131
233 132
233 134
233 141
233 150
233 186
234 55
234 70
234 71
234 75
234 93
234 98
234 111
234 116
234 126
234 132
234 137
234 206
234 208
235 12
235 16
235 27
235 41
235 64
235 117
235 128
235 131
235 174
235 193
235 196
235 198
236 23
236 25
236 47
236 48
236 84
236 113
236 128
236 133
236 135
236 137
236 140
236 162
236 179
236 208
236 227
237 9
237 13
237 29
237 30
237 44
237 75
237 78
237 101
237 150
237 168
237 180
237 211
237 216
237 219
237 224
238 19
238 26
238 44
238 50
238 62
238 67
238 91
238 109
238 130
238 136
238 160
238 177
238 185
238 199
238 201
238 220
238 224
238 225
239 28
239 31
239 32
239 50
239 75
239 126
239 138
239 140
239 142
239 143
239 152
239 165
239 195
239 226
239 230
240 23
240 33
240 81
240 104
240 106
240 127
240 133
240 143
240 171
240 193
240 196
240 198
240 214
240 219
241 22
241 29
241 33
241 47
241 64
241 65
241 70
241 89
241 137
241 143
241 144
241 180
241 184
241 194
241 202
241 213
241 223
241 227
242 25
242 31
242 35
242 36
242 39
242 53
242 78
242 135
242 139
242 141
242 143
242 144
242 146
242 150
242 168
242 200
242 214
242 224
242 233
243 19
243 36
243 86
243 107
243 109
243 112
243 146
243 199
243 215
243 217
243 222
243 230
244 17
244 41
244 50
244 68
244 73
244 136
244 140
244 147
244 183
244 197
244 230
245 34
245 39
245 53
245 69
245 81
245 118
245 132
245 142
245 149
245 171
246 9
246 22
246 29
246 38
246 43
246 73
246 110
246 112
246 115
246 153
246 223
246 225
247 9
247 30
247 53
247 54
247 76
247 114
247 143
247 145
247 150
247 186
247 191
247 195
247 233
247 240
248 30
248 31
248 42
248 50
248 60
248 84
248 86
248 135
248 152
248 155
248 174
248 176
248 180
248 230
248 240
249 3
249 25
249 32
249 87
249 92
249 113
249 115
249 118
249 136
249 141
249 147
249 197
249 205
249 216
249 221
249 226
249 228
249 236
250 47
250 52
250 56
250 62
250 79
250 88
250 97
250 146
250 169
250 189
250 194
250 203
250 236
251 29
251 34
251 45
251 53
251 87
251 138
251 143
251 148
251 155
251 173
251 177
251 204
252 6
252 28
252 69
252 85
252 95
252 118
252 121
252 150
252 154
252 199
252 208
252 229
252 231
253 36
253 41
253 59
253 60
253 82
253 86
253 87
253 96
253 141
253 146
253 149
253 156
253 192
253 195
253 197
253 206
253 239
254 48
254 66
254 71
254 87
254 90
254 92
254 97
254 136
254 142
254 155
254 158
254 161
254 163
254 226
254 231
255 9
255 14
255 17
255 88
255 94
255 124
255 148
255 211
255 218
255 234
255 237
255 239
255 247
256 4
256 14
256 29
256 44
256 62
256 63
256 68
256 85
256 89
256 90
256 94
256 99
256 119
256 139
256 148
256 152
256 158
256 168
256 200
256 242
257 3
257 30
257 51
257 64
257 69
257 90
257 93
257 119
257 161
257 166
257 183
257 254
258 17
258 34
258 65
258 75
258 91
258 124
258 127
258 170
258 201
258 206
258 214
258 237
258 240
258 255
259 32
259 50
259 56
259 65
259 88
259 92
259 93
259 155
259 171
259 202
259 203
259 207
259 221
259 241
259 245
260 4
260 6
260 13
260 54
260 72
260 89
260 96
260 108
260 157
260 164
260 167
260 169
260 178
260 186
260 213
260 237
260 257
260 258
261 37
261 44
261 63
261 68
261 127
261 130
261 135
261 158
261 217
261 238
261 240
261 242
262 3
262 45
262 69
262 84
262 91
262 93
262 95
262 96
262 160
262 206
262 211
262 248
263 9
263 34
263 57
263 62
263 75
263 99
263 124
263 130
263 146
263 151
263 161
263 167
263 172
263 180
263 214
264 23
264 25
264 65
264 67
264 76
264 86
264 92
264 130
264 133
264 138
264 152
264 155
264 181
264 220
264 236
264 245
264 248
264 262
265 6
265 18
265 38
265 77
265 96
265 99
265 109
265 161
265 167
265 186
265 209
265 214
265 218
265 251
265 257
266 3
266 28
266 29
266 37
266 39
266 60
266 65
266 93
266 102
266 127
266 169
266 192
266 217
267 26
267 68
267 136
267 141
267 158
267 164
267 215
267 248
267 251
268 5
268 9
268 35
268 41
268 46
268 55
268 74
268 99
268 102
268 110
268 151
268 155
268 156
268 161
268 189
268 206
268 212
268 215
268 217
268 230
269 1
269 6
269 40
269 47
269 68
269 76
269 97
269 130
269 162
269 171
269 178
269 181
269 195
269 220
270 2
270 23
270 29
270 34
270 48
270 67
270 71
270 87
270 97
270 108
270 139
270 161
270 162
270 172
270 177
270 213
270 218
270 254
270 263
271 12
271 24
271 78
271 102
271 168
271 184
271 192
271 209
271 220
271 248
271 264
271 269
272 5
272 14
272 43
272 66
272 71
272 94
272 105
272 133
272 181
272 184
272 195
272 223
272 269
273 32
273 74
273 95
273 135
273 142
273 147
273 156
273 161
273 164
273 170
273 254
273 257
273 262
273 265
274 11
274 21
274 47
274 91
274 105
274 113
274 170
274 181
274 195
274 223
274 257
274 272
275 12
275 43
275 46
275 64
275 77
275 98
275 107
275 168
275 184
275 187
275 189
275 192
275 213
275 226
276 3
276 4
276 13
276 18
276 19
276 35
276 38
276 64
276 77
276 104
276 108
276 109
276 150
276 167
276 183
276 198
276 214
276 257
276 260
276 265
276 268
276 273
276 274
277 1
277 9
277 14
277 18
277 45
277 55
277 94
277 104
277 108
277 109
277 116
277 194
277 198
277 199
278 10
278 49
278 56
278 77
278 95
278 139
278 185
278 187
278 190
278 192
278 211
278 216
278 221
278 226
278 229
278 270
278 275
278 276
279 11
279 38
279 43
279 80
279 111
279 112
279 125
279 153
279 167
279 170
279 186
279 191
279 196
279 217
279 222
279 260
279 268
279 276
280 4
280 7
280 8
280 13
280 21
280 22
280 32
280 44
280 97
280 102
280 111
280 112
280 119
280 157
280 192
280 201
280 218
280 223
280 228
280 229
280 233
280 273
281 23
281 52
281 59
281 80
281 89
281 142
281 169
281 188
281 190
281 195
281 232
282 24
282 30
282 46
282 50
282 55
282 83
282 156
282 173
282 209
282 263
282 266
282 271
283 7
283 12
283 24
283 46
283 50
283 111
283 114
283 116
283 117
283 122
283 130
283 170
283 204
283 216
283 232
283 237
283 271
284 6
284 11
284 21
284 36
284 55
284 57
284 83
284 117
284 120
284 121
284 145
284 167
284 191
284 196
284 198
284 206
284 216
284 217
284 235
284 262
285 48
285 49
285 86
285 102
285 111
285 122
285 164
285 176
285 202
285 207
285 212
285 266
285 274
285 278
285 282
285 283
286 4
286 10
286 15
286 18
286 27
286 33
286 54
286 64
286 117
286 119
286 125
286 128
286 158
286 164
286 207
286 208
286 235
286 240
287 5
287 29
287 34
287 58
287 83
287 86
287 91
287 110
287 119
287 148
287 175
287 185
287 201
287 204
287 238
288 24
288 35
288 52
288 56
288 61
288 65
288 89
288 116
288 167
288 179
288 200
288 204
288 250
288 277
288 281
289 13
289 18
289 21
289 26
289 30
289 55
289 61
289 117
289 120
289 121
289 126
289 128
289 210
289 216
289 243
289 277
289 286
290 22
290 29
290 86
290 89
290 94
290 127
290 173
290 176
290 197
290 204
290 217
290 223
290 233
290 241
290 253
290 266
291 2
291 27
291 33
291 38
291 55
291 92
291 109
291 117
291 118
291 123
291 165
291 170
291 182
291 224
291 228
291 280
291 285
292 10
292 16
292 21
292 29
292 44
292 55
292 58
292 99
292 109
292 114
292 120
292 129
292 131
292 136
292 175
292 204
292 209
292 213
292 238
292 241
292 246
292 289
293 1
293 45
293 64
293 89
293 92
293 97
293 115
293 116
293 120
293 154
293 166
293 171
293 179
293 207
293 210
293 212
293 220
293 221
293 269
293 286
294 12
294 30
294 58
294 65
294 120
294 173
294 177
294 210
294 216
294 226
294 231
294 237
294 271
294 277
294 282
294 283
294 288
294 292
295 9
295 24
295 61
295 127
295 134
295 137
295 142
295 151
295 189
295 212
295 217
295 227
295 241
295 249
295 268
295 293
296 2
296 9
296 33
296 48
296 54
296 92
296 100
296 123
296 133
296 138
296 174
296 182
296 208
296 210
296 213
296 215
296 224
296 264
296 272
296 289
297 10
297 33
297 34
297 60
297 66
297 109
297 110
297 123
297 129
297 134
297 176
297 213
297 214
297 230
297 286
297 291
298 27
298 64
298 95
298 116
298 130
298 137
298 142
298 154
298 226
298 231
298 244
298 252
298 275
298 286
299 2
299 5
299 46
299 62
299 71
299 95
299 103
299 122
299 182
299 185
299 210
299 213
299 216
299 218
299 221
299 226
299 232
299 270
299 275
299 287
299 296
300 3
300 36
300 37
300 43
300 47
300 63
300 64
300 69
300 99
300 114
300 118
300 126
300 147
300 179
300 216
300 217
300 218
300 222
300 227
300 237
300 249
300 283
300 284
300 289
300 294
301 9
301 30
301 58
301 67
301 94
301 114
301 123
301 140
301 145
301 148
301 157
301 174
301 184
301 218
301 233
301 247
301 255
302 8
302 54
302 70
302 98
302 106
302 111
302 125
302 139
302 154
302 175
302 180
302 185
302 188
302 216
302 221
302 234
302 270
302 274
302 278
302 285
303 10
303 16
303 39
303 45
303 72
303 90
303 125
303 129
303 135
303 150
303 161
303 181
303 182
303 219
303 220
303 240
303 245
303 292
303 296
303 297
304 12
304 33
304 38
304 46
304 70
304 72
304 136
304 148
304 151
304 160
304 231
304 236
304 237
304 250
304 262
304 263
304 275
305 57
305 101
305 109
305 114
305 118
305 123
305 188
305 191
305 224
305 281
306 14
306 19
306 42
306 63
306 74
306 75
306 114
306 129
306 132
306 153
306 185
306 190
306 222
306 238
306 248
306 299
306 300
307 36
307 41
307 73
307 134
307 151
307 163
307 174
307 185
307 189
307 235
307 253
307 261
307 266
307 290
307 300
308 2
308 6
308 11
308 14
308 21
308 60
308 104
308 112
308 117
308 120
308 145
308 150
308 155
308 156
308 186
308 194
308 227
308 284
309 45
309 67
309 71
309 135
309 136
309 141
309 152
309 161
309 177
309 188
309 193
309 225
309 277
309 303
310 44
310 62
310 76
310 119
310 154
310 183
310 256
310 264
310 269
311 5
311 17
311 19
311 74
311 107
311 120
311 132
311 143
311 153
311 179
311 197
311 222
311 230
311 239
311 243
311 244
311 249
311 287
311 294
312 10
312 48
312 69
312 73
312 86
312 138
312 163
312 164
312 180
312 185
312 191
312 196
312 210
312 228
312 235
312 239
312 244
312 253
312 254
312 306
313 14
313 42
313 47
313 79
313 81
313 104
313 121
313 145
313 150
313 157
313 162
313 169
313 181
313 194
313 259
313 272
313 284
314 8
314 20
314 45
314 57
314 106
314 125
314 135
314 200
314 225
314 233
314 261
314 290
314 302
315 67
315 68
315 76
315 89
315 141
315 143
315 152
315 166
315 189
315 199
315 242
315 252
315 256
315 262
315 268
315 293
315 309
316 50
316 63
316 73
316 82
316 83
316 107
316 154
316 160
316 165
316 172
316 189
316 197
316 248
316 262
316 263
316 275
316 278
316 287
316 304
317 16
317 20
317 23
317 25
317 48
317 64
317 79
317 114
317 125
317 126
317 135
317 138
317 159
317 169
317 203
317 228
317 236
317 254
317 259
317 264
318 21
318 50
318 70
318 79
318 87
318 92
318 95
318 131
318 169
318 185
318 196
318 202
318 234
318 259
318 306
318 312
318 317
319 41
319 53
319 72
319 77
319 110
319 121
319 137
319 151
319 163
319 168
319 192
319 200
319 276
319 278
319 307
320 19
320 32
320 51
320 68
320 72
320 82
320 87
320 129
320 141
320 157
320 193
320 231
320 239
320 267
320 303
321 69
321 74
321 82
321 90
321 93
321 95
321 129
321 172
321 205
321 262
321 320
322 20
322 23
322 25
322 56
322 79
322 84
322 85
322 89
322 113
322 140
322 159
322 166
322 169
322 171
322 179
322 184
322 190
322 203
322 240
322 250
322 259
322 264
322 281
322 286
322 293
323 17
323 54
323 61
323 70
323 76
323 116
323 132
323 144
323 180
323 196
323 234
323 247
323 306
323 311
324 6
324 20
324 36
324 56
324 91
324 93
324 98
324 137
324 140
324 142
324 146
324 208
324 265
324 300
324 307
324 318
325 2
325 8
325 18
325 26
325 44
325 48
325 59
325 77
325 82
325 92
325 99
325 116
325 138
325 153
325 167
325 174
325 193
325 206
325 262
325 284
325 289
325 296
326 3
326 44
326 57
326 108
326 129
326 135
326 140
326 147
326 237
326 250
326 258
326 273
326 314
327 88
327 101
327 130
327 178
327 195
327 200
327 211
327 216
327 268
327 300
327 326
328 26
328 29
328 31
328 62
328 67
328 76
328 81
328 90
328 119
328 130
328 141
328 177
328 185
328 200
328 209
328 246
328 251
328 256
328 270
328 287
328 292
328 299
328 310
329 1
329 11
329 22
329 28
329 60
329 82
329 86
329 87
329 132
329 136
329 138
329 143
329 150
329 180
329 187
329 191
329 202
329 220
329 240
329 247
329 252
329 253
329 266
330 1
330 7
330 17
330 23
330 83
330 91
330 97
330 104
330 117
330 129
330 181
330 182
330 193
330 214
330 219
330 248
330 258
330 271
330 303
330 329
331 3
331 9
331 32
331 65
331 70
331 88
331 122
331 180
331 199
331 212
331 249
331 268
331 295
331 302
332 4
332 14
332 19
332 31
332 63
332 89
332 140
332 141
332 146
332 153
332 194
332 230
332 243
332 256
332 261
333 4
333 26
333 36
333 91
333 94
333 100
333 105
333 107
333 141
333 181
333 184
333 190
333 222
333 251
333 256
333 274
333 275
333 332
334 31
334 35
334 73
334 137
334 142
334 183
334 298
334 305
335 2
335 23
335 29
335 34
335 38
335 39
335 63
335 66
335 91
335 107
335 133
335 149
335 156
335 181
335 182
335 187
335 203
335 207
335 213
335 248
335 253
335 259
335 264
335 271
335 272
335 322
336 7
336 8
336 18
336 29
336 34
336 89
336 97
336 109
336 110
336 115
336 118
336 149
336 187
336 208
336 212
336 225
336 277
336 278
336 288
336 294
336 302
336 324
336 335
337 38
337 63
337 74
337 76
337 94
337 95
337 104
337 128
337 150
337 155
337 186
337 191
337 195
337 205
337 218
337 243
337 255
337 301
337 308
338 25
338 36
338 37
338 55
338 69
338 115
338 121
338 151
338 152
338 159
338 165
338 184
338 201
338 216
338 249
338 274
338 300
338 311
338 316
339 3
339 7
339 37
339 97
339 100
339 101
339 111
339 113
339 116
339 118
339 121
339 147
339 190
339 215
339 228
339 257
339 276
339 280
339 291
339 305
339 312
339 326
339 338
340 8
340 12
340 17
340 33
340 41
340 79
340 83
340 93
340 97
340 102
340 117
340 156
340 194
340 197
340 221
340 237
340 246
340 258
340 278
340 302
340 304
340 308
340 332
340 336
341 7
341 23
341 28
341 33
341 34
341 40
341 45
341 97
341 124
341 155
341 162
341 187
341 199
341 252
341 270
341 277
341 309
342 6
342 10
342 38
342 40
342 74
342 95
342 116
342 119
342 121
342 193
342 204
342 209
342 214
342 218
342 231
342 265
342 269
342 283
342 284
342 308
342 324
343 20
343 36
343 41
343 69
343 82
343 86
343 87
343 95
343 110
343 115
343 125
343 134
343 159
343 197
343 210
343 224
343 249
343 290
343 295
343 307
343 311
343 312
343 321
343 331
344 10
344 31
344 32
344 42
344 48
344 87
344 100
344 106
344 126
344 145
344 152
344 158
344 163
344 190
344 196
344 201
344 202
344 267
344 273
344 280
344 301
345 3
345 14
345 18
345 22
345 29
345 32
345 41
345 98
345 107
345 124
345 127
345 131
345 153
345 163
345 221
345 234
345 239
345 249
345 302
345 307
345 311
345 318
345 319
345 338
346 38
346 44
346 72
346 85
346 90
346 154
346 183
346 199
346 252
346 303
346 310
346 315
346 342
347 13
347 29
347 51
347 95
347 103
347 119
347 134
347 145
347 161
347 166
347 193
347 200
347 260
347 265
347 276
347 283
347 299
348 12
348 17
348 30
348 41
348 44
348 86
348 110
348 127
348 134
348 135
348 151
348 210
348 211
348 224
348 230
348 237
348 242
348 256
348 261
348 310
348 314
348 326
349 22
349 75
349 88
349 93
349 131
349 152
349 165
349 202
349 203
349 207
349 226
349 255
349 257
349 318
349 345
350 16
350 27
350 47
350 54
350 106
350 158
350 164
350 169
350 179
350 196
350 286
350 298
350 328
351 20
351 43
351 44
351 47
351 48
351 79
351 130
351 137
351 189
351 204
351 208
351 213
351 227
351 234
351 245
351 303
351 317
351 318
351 324
352 40
352 45
352 78
352 96
352 150
352 168
352 199
352 206
352 258
352 314
352 315
352 321
352 348
353 19
353 45
353 57
353 109
353 125
353 140
353 172
353 199
353 206
353 211
353 216
353 266
353 289
353 300
354 21
354 23
354 37
354 41
354 50
354 51
354 65
354 92
354 102
354 120
354 133
354 138
354 176
354 207
354 216
354 226
354 230
354 248
354 272
354 281
354 296
354 316
354 320
354 322
355 18
355 43
355 47
355 52
355 81
355 93
355 98
355 99
355 103
355 137
355 154
355 171
355 188
355 189
355 203
355 209
355 213
355 214
355 259
355 282
355 302
355 319
355 322
355 324
355 351
356 22
356 38
356 44
356 49
356 53
356 60
356 65
356 69
356 99
356 112
356 154
356 175
356 183
356 202
356 218
356 228
356 238
356 279
356 285
356 290
356 292
356 329
357 26
357 44
357 53
357 95
357 134
357 136
357 141
357 143
357 220
357 233
357 251
357 265
357 289
357 319
357 325
358 41
358 45
358 50
358 70
358 84
358 102
358 161
358 196
358 212
358 217
358 240
358 327
358 331
358 354
359 21
359 25
359 37
359 47
359 51
359 68
359 87
359 97
359 102
359 115
359 130
359 141
359 146
359 152
359 178
359 205
359 261
359 293
359 295
360 14
360 29
360 43
360 47
360 48
360 52
360 56
360 62
360 83
360 108
360 137
360 139
360 146
360 158
360 179
360 203
360 208
360 234
360 236
360 254
360 259
360 263
360 288
360 312
360 322
360 326
360 328
360 332
360 351
361 22
361 49
361 53
361 105
361 112
361 143
361 177
361 209
361 214
361 220
361 224
361 238
361 243
361 330
361 357
362 28
362 40
362 44
362 54
362 64
362 66
362 71
362 100
362 118
362 181
362 208
362 233
362 234
362 275
362 280
362 291
362 296
362 298
363 32
363 37
363 41
363 51
363 120
363 147
363 161
363 211
363 239
363 250
363 257
363 262
363 315
363 320
363 329
363 354
364 25
364 56
364 90
364 97
364 107
364 108
364 113
364 115
364 137
364 162
364 180
364 205
364 223
364 231
364 236
364 241
364 270
364 295
364 321
364 322
364 326
364 332
364 333
364 338
364 360
365 13
365 23
365 31
365 56
365 67
365 74
365 77
365 84
365 93
365 97
365 98
365 113
365 142
365 144
365 146
365 184
365 211
365 232
365 236
365 253
365 299
365 301
365 322
366 40
366 53
366 62
366 87
366 150
366 164
366 177
366 219
366 233
366 242
366 260
366 265
366 267
366 279
366 324
366 329
366 343
366 357
367 1
367 28
367 50
367 55
367 64
367 93
367 110
367 111
367 116
367 118
367 170
367 183
367 208
367 226
367 234
367 239
367 275
367 298
367 324
367 330
367 336
367 341
367 354
367 363
368 1
368 11
368 55
368 59
368 65
368 70
368 77
368 106
368 111
368 149
368 170
368 187
368 192
368 220
368 226
368 239
368 302
368 325
368 329
368 330
368 331
368 335
368 336
368 345
369 38
369 43
369 52
369 57
369 90
369 102
369 105
369 110
369 146
369 153
369 155
369 156
369 157
369 161
369 172
369 180
369 181
369 215
369 222
369 245
369 246
369 263
369 268
369 270
369 272
369 360
370 4
370 31
370 58
370 67
370 72
370 74
370 108
370 114
370 119
370 121
370 148
370 211
370 247
370 257
370 301
370 338
370 339
370 344
371 19
371 58
371 59
371 62
371 80
371 152
371 195
371 239
371 243
371 248
371 253
371 264
371 305
371 329
371 332
371 339
372 3
372 41
372 45
372 46
372 55
372 60
372 79
372 93
372 156
372 159
372 161
372 164
372 169
372 170
372 183
372 244
372 249
372 266
372 273
372 334
372 340
373 12
373 34
373 46
373 61
373 71
373 80
373 122
373 124
373 155
373 171
373 232
373 237
373 250
373 271
373 275
373 281
373 304
373 340
373 341
373 342
373 347
374 65
374 83
374 146
374 155
374 198
374 245
374 308
374 332
374 335
374 337
374 346
374 360
375 6
375 72
375 159
375 164
375 177
375 186
375 252
375 257
375 267
375 274
375 276
375 308
375 337
375 366
376 10
376 15
376 37
376 54
376 114
376 125
376 127
376 164
376 169
376 174
376 193
376 217
376 219
376 235
376 240
376 307
376 328
376 350
377 25
377 50
377 55
377 68
377 69
377 86
377 89
377 120
377 158
377 165
377 170
377 201
377 248
377 249
377 254
377 264
377 285
377 311
377 316
377 338
377 344
377 345
377 354
377 360
378 9
378 52
378 70
378 99
378 146
378 162
378 167
378 180
378 189
378 276
378 277
378 279
378 296
378 360
378 369
379 7
379 13
379 18
379 40
379 117
379 128
379 220
379 235
379 238
379 243
379 256
379 277
379 286
379 310
379 332
379 337
379 353
380 58
380 71
380 94
380 108
380 161
380 167
380 173
380 177
380 204
380 251
380 263
380 267
380 319
380 333
380 341
380 358
381 4
381 8
381 12
381 44
381 54
381 55
381 98
381 102
381 165
381 169
381 170
381 173
381 192
381 263
381 268
381 280
381 282
381 368
381 372
382 5
382 9
382 21
382 43
382 65
382 79
382 110
382 120
382 131
382 133
382 169
382 170
382 189
382 223
382 225
382 246
382 264
382 274
382 279
382 285
382 313
382 354
382 356
382 359
382 360
382 369
383 66
383 74
383 95
383 97
383 115
383 121
383 164
383 171
383 185
383 201
383 207
383 212
383 226
383 240
383 254
383 280
383 286
383 306
383 321
383 322
383 336
383 344
383 370
384 15
384 52
384 58
384 62
384 63
384 67
384 86
384 122
384 173
384 195
384 281
384 283
384 285
384 292
384 337
384 371
384 377
385 8
385 24
385 46
385 48
385 53
385 87
385 97
385 112
385 113
385 134
385 136
385 139
385 187
385 192
385 226
385 227
385 249
385 254
385 348
385 357
385 359
385 364
385 368
385 372
386 8
386 29
386 44
386 77
386 88
386 98
386 100
386 102
386 103
386 167
386 169
386 188
386 193
386 210
386 215
386 229
386 257
386 263
386 268
386 273
386 282
386 284
386 325
386 344
386 347
386 369
387 18
387 43
387 61
387 65
387 108
387 120
387 125
387 145
387 176
387 198
387 279
387 284
387 286
387 288
387 289
387 313
387 378
388 6
388 27
388 31
388 49
388 95
388 105
388 116
388 121
388 137
388 139
388 142
388 164
388 229
388 252
388 254
388 270
388 319
388 344
388 362
388 365
388 367
388 375
389 7
389 15
389 100
389 103
389 105
389 116
389 117
389 122
389 141
389 152
389 170
389 175
389 176
389 177
389 181
389 186
389 195
389 213
389 218
389 232
389 260
389 291
389 297
389 328
389 350
389 371
389 376
390 12
390 39
390 46
390 64
390 69
390 78
390 79
390 88
390 92
390 102
390 107
390 111
390 123
390 153
390 157
390 173
390 178
390 179
390 182
390 201
390 224
390 226
390 282
390 283
390 287
390 289
390 291
390 293
390 294
390 316
390 343
390 381
391 14
391 30
391 52
391 69
391 77
391 93
391 103
391 108
391 113
391 119
391 124
391 140
391 142
391 144
391 145
391 167
391 179
391 184
391 232
391 255
391 257
391 260
391 283
391 284
391 293
391 322
391 347
391 365
391 370
392 10
392 18
392 20
392 65
392 83
392 94
392 106
392 108
392 115
392 173
392 184
392 185
392 189
392 198
392 199
392 216
392 221
392 284
392 288
392 294
392 331
392 345
392 354
392 355
392 378
393 6
393 10
393 49
393 72
393 121
393 139
393 171
393 200
393 204
393 229
393 280
393 292
393 319
393 351
393 384
393 385
394 12
394 16
394 33
394 38
394 62
394 66
394 72
394 80
394 82
394 90
394 110
394 117
394 146
394 148
394 170
394 186
394 206
394 237
394 256
394 257
394 258
394 260
394 263
394 271
394 286
394 291
394 297
394 342
394 346
394 350
394 368
394 373
394 391
395 21
395 27
395 109
395 112
395 114
395 201
395 238
395 263
395 282
395 287
395 291
395 292
395 297
395 298
395 308
395 334
395 381
396 14
396 33
396 52
396 64
396 75
396 79
396 118
396 142
396 159
396 179
396 185
396 188
396 190
396 203
396 232
396 234
396 298
396 300
396 322
396 334
396 373
396 388
397 36
397 41
397 70
397 83
397 120
397 124
397 151
397 173
397 179
397 180
397 189
397 194
397 214
397 261
397 263
397 266
397 304
397 353
398 2
398 5
398 24
398 35
398 45
398 71
398 112
398 114
398 117
398 120
398 160
398 204
398 205
398 227
398 291
398 294
398 311
398 342
398 346
398 384
398 385
399 7
399 12
399 22
399 25
399 55
399 67
399 72
399 76
399 78
399 90
399 145
399 146
399 181
399 182
399 193
399 196
399 220
399 235
399 242
399 245
399 247
399 303
399 312
399 315
399 325
399 346
399 347
399 351
399 361
399 386
399 391
400 8
400 32
400 38
400 39
400 44
400 73
400 86
400 93
400 97
400 112
400 154
400 176
400 183
400 188
400 243
400 248
400 259
400 264
400 266
400 269
400 279
400 293
400 302
400 332
400 348
400 356
400 377
400 379
401 5
401 14
401 79
401 114
401 115
401 117
401 120
401 123
401 128
401 134
401 179
401 198
401 207
401 213
401 230
401 239
401 284
401 289
401 297
401 308
401 340
401 345
401 368
401 387
401 389
401 398
402 10
402 19
402 20
402 34
402 58
402 81
402 86
402 114
402 119
402 124
402 129
402 130
402 140
402 148
402 185
402 196
402 204
402 210
402 238
402 255
402 294
402 299
402 300
402 306
402 328
402 350
402 360
403 16
403 21
403 35
403 42
403 47
403 89
403 115
403 120
403 125
403 157
403 179
403 181
403 186
403 236
403 269
403 272
403 305
403 350
403 356
403 359
403 360
403 382
403 390
404 8
404 17
404 21
404 22
404 30
404 46
404 120
404 123
404 131
404 170
404 182
404 192
404 210
404 233
404 238
404 247
404 280
404 292
404 296
404 301
404 302
404 336
404 340
404 348
404 381
404 390
405 29
405 58
405 61
405 73
405 89
405 117
405 151
405 199
405 202
405 204
405 213
405 222
405 241
405 292
405 307
405 309
405 331
405 392
405 402
406 2
406 14
406 28
406 33
406 50
406 92
406 124
406 160
406 165
406 182
406 194
406 204
406 208
406 218
406 259
406 272
406 275
406 293
406 313
406 318
406 354
406 362
406 390
406 398
407 11
407 16
407 20
407 33
407 80
407 125
407 135
407 180
407 209
407 213
407 236
407 241
407 245
407 250
407 279
407 303
407 304
407 309
407 350
407 351
407 393
407 394
407 399
408 25
408 26
408 64
408 65
408 87
408 126
408 140
408 202
408 241
408 244
408 300
408 312
408 315
408 317
408 334
408 396
408 405
409 5
409 6
409 31
409 53
409 81
409 95
409 132
409 168
409 185
409 190
409 216
409 226
409 242
409 245
409 252
409 275
409 278
409 316
409 362
409 365
409 375
409 388
409 391
409 401
410 13
410 19
410 28
410 36
410 37
410 118
410 122
410 126
410 129
410 132
410 142
410 151
410 159
410 216
410 239
410 306
410 323
410 338
410 353
410 354
410 392
410 396
410 402
411 2
411 24
411 48
411 67
411 74
411 95
411 128
411 129
411 139
411 143
411 157
411 164
411 169
411 178
411 205
411 218
411 247
411 315
411 318
411 320
411 337
411 359
411 398
412 33
412 49
412 56
412 98
412 144
412 171
412 188
412 194
412 240
412 250
412 278
412 281
412 285
412 305
412 324
412 365
412 368
412 393
412 396
413 17
413 22
413 31
413 35
413 71
413 129
413 132
413 145
413 150
413 154
413 196
413 219
413 242
413 247
413 309
413 315
413 334
413 357
413 361
413 362
413 395
413 399
413 400
414 5
414 35
414 61
414 70
414 77
414 82
414 87
414 96
414 97
414 98
414 160
414 185
414 208
414 221
414 226
414 231
414 241
414 252
414 275
414 302
414 311
414 318
414 365
414 411
415 11
415 19
415 36
415 57
415 59
415 62
415 64
415 69
415 83
415 114
415 126
415 173
415 188
415 191
415 216
415 243
415 281
415 284
415 289
415 306
415 332
415 343
415 371
415 399
415 413
416 19
416 24
416 25
416 29
416 42
416 48
416 58
416 67
416 84
416 133
416 135
416 140
416 157
416 222
416 247
416 248
416 250
416 254
416 304
416 309
416 312
416 337
416 353
416 360
416 373
416 402
416 408
417 8
417 30
417 44
417 73
417 101
417 144
417 154
417 188
417 190
417 195
417 211
417 216
417 239
417 278
417 310
417 326
417 339
417 368
417 370
417 379
417 400
417 409
418 14
418 39
418 60
418 65
418 67
418 76
418 81
418 104
418 105
418 129
418 130
418 136
418 140
418 177
418 219
418 240
418 266
418 287
418 301
418 309
418 311
418 315
418 361
418 399
418 402
418 415
419 12
419 22
419 28
419 32
419 35
419 56
419 65
419 77
419 82
419 86
419 138
419 141
419 142
419 143
419 147
419 156
419 160
419 161
419 186
419 187
419 197
419 206
419 220
419 241
419 246
419 247
419 250
419 253
419 257
419 302
419 335
419 336
419 340
419 357
419 361
419 363
419 368
419 411
419 416
420 11
420 78
420 101
420 104
420 127
420 138
420 152
420 188
420 191
420 198
420 202
420 214
420 219
420 248
420 264
420 277
420 281
420 329
420 368
420 371
420 417
420 418
421 42
421 58
421 65
421 70
421 73
421 132
421 143
421 174
421 180
421 204
421 222
421 233
421 234
421 248
421 312
421 323
421 329
421 343
421 402
421 405
421 413
422 20
422 31
422 36
422 59
422 69
422 73
422 80
422 145
422 146
422 149
422 163
422 195
422 239
422 253
422 261
422 324
422 329
422 334
422 343
422 344
422 365
422 371
422 415
423 14
423 36
423 65
423 104
423 107
423 146
423 150
423 194
423 201
423 217
423 256
423 284
423 300
423 316
423 332
423 337
423 340
423 360
423 374
423 416
423 420
424 12
424 22
424 25
424 27
424 30
424 45
424 71
424 73
424 111
424 135
424 156
424 170
424 180
424 183
424 202
424 211
424 225
424 236
424 246
424 286
424 293
424 298
424 307
424 312
424 315
424 350
424 367
424 405
424 408
424 413
424 416
424 417
424 421
425 3
425 34
425 39
425 67
425 76
425 88
425 147
425 149
425 166
425 248
425 253
425 259
425 262
425 264
425 342
425 346
425 374
425 398
425 422
426 17
426 29
426 34
426 44
426 63
426 68
426 73
426 107
426 110
426 119
426 148
426 154
426 158
426 197
426 213
426 225
426 258
426 287
426 299
426 309
426 328
426 335
426 340
426 344
426 348
426 377
427 25
427 35
427 48
427 76
427 95
427 138
427 164
427 169
427 186
427 205
427 250
427 254
427 260
427 318
427 349
427 408
427 411
427 416
427 419
427 424
428 26
428 36
428 37
428 42
428 65
428 79
428 152
428 165
428 169
428 245
428 251
428 259
428 267
428 300
428 340
428 349
428 376
428 377
428 380
429 3
429 20
429 32
429 37
429 66
429 87
429 92
429 110
429 118
429 147
429 197
429 200
429 228
429 246
429 266
429 290
429 291
429 316
429 327
429 331
429 338
429 343
429 356
429 362
429 377
429 380
429 422
429 425
430 51
430 79
430 83
430 87
430 93
430 108
430 141
430 143
430 149
430 162
430 167
430 172
430 194
430 231
430 242
430 247
430 253
430 262
430 304
430 321
430 342
430 364
430 397
430 411
430 414
430 419
431 29
431 34
431 40
431 45
431 82
431 83
431 104
431 155
431 172
431 199
431 253
431 258
431 262
431 263
431 270
431 329
431 352
431 353
431 364
431 369
431 385
432 6
432 11
432 23
432 74
432 79
432 84
432 113
432 116
432 121
432 203
432 205
432 210
432 231
432 236
432 293
432 341
432 346
432 365
432 370
432 383
433 35
433 36
433 41
433 54
433 61
433 70
433 75
433 82
433 96
433 144
433 146
433 156
433 192
433 197
433 234
433 300
433 307
433 324
433 411
433 414
433 417
433 422
433 430
434 48
434 85
434 92
434 97
434 158
434 163
434 175
434 197
434 212
434 265
434 268
434 296
434 325
434 355
434 356
434 383
435 9
435 26
435 77
435 87
435 93
435 98
435 109
435 116
435 123
435 124
435 138
435 172
435 182
435 188
435 204
435 206
435 224
435 234
435 257
435 283
435 296
435 302
435 323
435 342
435 349
435 353
435 378
435 386
436 3
436 57
436 83
436 89
436 90
436 147
436 173
436 189
436 199
436 200
436 204
436 237
436 262
436 268
436 288
436 310
436 315
436 327
436 352
436 363
436 379
436 393
436 417
436 425
436 429
437 35
437 51
437 74
437 88
437 95
437 100
437 113
437 155
437 161
437 166
437 169
437 178
437 184
437 265
437 268
437 270
437 276
437 344
437 358
437 369
437 380
437 386
437 391
437 435
438 5
438 12
438 17
438 29
438 41
438 54
438 55
438 91
438 115
438 119
438 127
438 135
438 144
438 146
438 156
438 170
438 180
438 185
438 209
438 221
438 237
438 241
438 242
438 266
438 275
438 290
438 299
438 345
438 352
438 370
438 381
438 389
439 85
439 88
439 92
439 93
439 96
439 150
439 157
439 171
439 175
439 203
439 240
439 265
439 271
439 313
439 322
439 330
439 355
439 356
439 428
439 432
439 437
440 1
440 7
440 54
440 82
440 91
440 116
440 119
440 148
440 164
440 169
440 172
440 177
440 181
440 182
440 203
440 206
440 208
440 243
440 253
440 262
440 271
440 277
440 279
440 288
440 317
440 361
440 367
440 378
440 386
440 387
440 388
440 389
440 394
440 419
441 9
441 15
441 20
441 34
441 57
441 88
441 94
441 122
441 130
441 154
441 178
441 188
441 212
441 237
441 239
441 245
441 259
441 263
441 283
441 302
441 327
441 355
441 360
441 368
441 392
441 417
441 428
442 9
442 50
442 63
442 88
442 89
442 90
442 91
442 96
442 99
442 153
442 178
442 189
442 206
442 215
442 243
442 260
442 268
442 270
442 274
442 315
442 321
442 333
442 354
442 358
442 369
442 423
442 431
442 436
443 1
443 20
443 29
443 57
443 91
443 94
443 119
443 172
443 206
443 209
443 282
443 287
443 299
443 331
443 355
443 360
443 365
443 389
443 392
443 431
443 440
443 441
444 23
444 60
444 106
444 133
444 176
444 196
444 215
444 240
444 243
444 248
444 262
444 271
444 297
444 315
444 330
444 358
444 361
444 363
444 371
444 420
444 436
444 442
445 1
445 12
445 24
445 91
445 99
445 102
445 103
445 158
445 168
445 181
445 209
445 223
445 269
445 271
445 272
445 282
445 324
445 361
445 383
445 403
445 434
445 443
446 23
446 32
446 60
446 65
446 93
446 143
446 149
446 175
446 189
446 219
446 259
446 274
446 285
446 288
446 290
446 294
446 302
446 374
446 378
446 392
446 400
446 418
446 434
446 444
447 4
447 26
447 49
447 63
447 99
447 100
447 105
447 136
447 141
447 150
447 153
447 155
447 243
447 251
447 289
447 325
447 329
447 333
447 361
447 366
447 380
447 385
447 423
447 440
448 4
448 36
448 41
448 86
448 94
448 102
448 105
448 156
448 165
448 184
448 185
448 212
448 217
448 271
448 274
448 290
448 295
448 327
448 364
448 365
448 370
448 381
448 391
449 26
449 35
449 63
449 68
449 96
449 102
449 106
449 107
449 125
449 167
449 171
449 172
449 178
449 201
449 215
449 267
449 276
449 288
449 293
449 296
449 305
449 322
449 327
449 371
449 395
449 403
450 7
450 12
450 17
450 29
450 53
450 66
450 73
450 132
450 139
450 144
450 154
450 156
450 158
450 164
450 197
450 207
450 213
450 246
450 254
450 292
450 323
450 328
450 336
450 344
450 364
450 369
450 377
450 383
450 417
450 426
450 433
5