7 2
8 4
10 5
11 5
12 3
15 6
15 10
18 5
18 9
18 11
20 17
21 12
23 2
23 5
23 10
23 12
23 22
24 15
25 9
27 5
27 10
27 18
27 23
30 1
30 4
30 8
30 18
30 27
31 10
31 15
31 18
32 3
32 5
32 12
33 2
33 23
33 24
34 14
34 18
34 31
35 3
35 12
35 32
36 2
36 7
36 21
36 22
36 23
37 2
37 5
37 11
37 18
37 21
37 23
37 33
40 18
40 24
40 27
40 30
40 38
41 3
41 8
41 11
41 12
41 32
41 35
42 3
42 12
42 18
42 27
42 30
42 32
42 33
42 35
42 40
42 41
43 5
43 10
43 11
43 23
43 27
43 41
44 3
44 30
45 2
45 7
45 36
46 4
46 8
46 30
47 29
48 9
48 39
48 41
50 9
50 14
50 18
50 27
50 30
50 40
50 42
50 48
51 42
51 45
52 4
52 8
52 9
52 13
52 17
52 20
52 22
52 23
52 30
52 36
52 46
52 48
52 50
53 4
53 8
53 30
53 46
53 51
53 52
54 18
54 27
54 30
54 40
54 42
54 50
54 51
54 53
56 1
56 15
56 30
57 25
57 27
57 43
57 48
58 15
58 42
58 56
59 5
59 11
59 18
59 37
59 51
59 53
59 54
60 5
60 11
60 18
60 31
60 34
60 37
60 59
61 2
61 23
61 33
61 37
61 45
61 51
62 1
62 6
62 10
62 15
62 21
62 30
62 31
62 36
62 44
62 48
62 56
63 49
64 5
64 30
64 32
64 48
64 51
64 53
64 54
64 59
65 2
65 24
65 29
65 47
65 52
67 4
67 8
67 30
67 37
67 45
67 46
67 51
67 52
67 53
67 54
67 59
67 61
67 64
68 48
68 62
69 6
69 46
69 62
70 2
70 5
70 11
70 18
70 23
70 33
70 36
70 37
70 51
70 53
70 54
70 59
70 60
70 61
70 64
70 67
71 18
71 27
71 30
71 40
71 42
71 45
71 50
71 51
71 54
71 61
71 67
72 2
72 3
72 7
72 12
72 32
72 35
72 36
72 41
72 42
72 45
72 65
73 14
73 25
73 50
73 57
74 2
74 23
74 33
74 35
74 37
74 51
74 53
74 54
74 59
74 61
74 64
74 67
74 70
75 18
75 45
75 51
75 60
75 61
75 67
75 71
76 18
76 27
76 30
76 40
76 42
76 50
76 54
76 60
76 67
76 71
78 1
78 18
78 27
78 31
78 34
78 43
78 57
78 60
78 67
79 20
79 63
79 70
80 42
80 62
81 17
81 20
81 49
81 52
81 63
82 18
82 48
82 66
83 42
84 5
84 17
84 20
84 32
84 52
84 64
84 81
85 51
85 69
86 3
86 12
86 32
86 35
86 41
86 42
86 72
87 17
87 20
87 52
87 81
87 84
88 2
88 4
88 8
88 15
88 18
88 23
88 30
88 31
88 33
88 34
88 37
88 42
88 46
88 52
88 53
88 54
88 56
88 58
88 60
88 61
88 67
88 70
88 72
88 74
88 78
88 80
89 6
89 41
89 48
89 53
89 62
89 69
91 4
91 8
91 30
91 46
91 52
91 53
91 67
91 75
91 88
92 10
92 15
92 27
92 29
92 31
92 47
92 51
92 52
92 62
92 65
92 71
92 81
93 2
93 7
93 27
93 29
93 36
93 45
93 47
93 65
93 72
93 92
94 1
94 5
94 10
94 11
94 18
94 35
94 37
94 59
94 60
94 70
94 78
95 2
95 6
95 48
95 54
95 62
95 65
95 68
95 72
96 5
97 38
97 49
97 63
97 81
97 88
98 6
98 10
98 57
98 95
100 11
100 16
100 41
100 43
100 48
100 89
100 91
101 18
101 22
101 31
101 34
101 53
101 60
101 78
101 88
102 21
102 36
102 62
103 69
103 94
104 49
104 63
104 81
104 97
105 39
106 2
106 7
106 22
106 36
106 45
106 72
106 90
106 93
107 105
108 6
108 63
108 95
108 97
108 98
108 104
109 2
109 25
109 45
109 50
109 51
109 57
109 61
109 65
109 67
109 71
109 72
109 73
109 75
109 95
109 100
110 2
110 7
110 15
110 36
110 45
110 56
110 58
110 69
110 72
110 88
110 93
110 106
111 5
111 32
111 45
111 64
111 84
112 3
112 18
112 28
112 31
112 34
112 60
112 78
112 88
112 94
112 101
112 103
113 2
113 7
113 36
113 45
113 51
113 61
113 67
113 71
113 72
113 75
113 93
113 95
113 106
113 109
113 110
114 2
114 7
114 17
114 20
114 28
114 36
114 45
114 52
114 72
114 81
114 84
114 87
114 93
114 106
114 110
114 112
114 113
115 1
115 18
115 30
115 31
115 34
115 52
115 56
115 60
115 62
115 78
115 88
115 101
115 112
116 5
116 10
116 18
116 23
116 27
116 43
116 45
116 51
116 61
116 67
116 71
116 75
116 100
116 109
116 113
117 51
118 5
118 27
118 32
118 45
118 51
118 61
118 64
118 67
118 71
118 75
118 84
118 109
118 111
118 113
118 116
119 1
119 17
119 20
119 30
119 52
119 56
119 62
119 67
119 78
119 81
119 84
119 87
119 114
119 115
120 18
120 27
120 30
120 40
120 42
120 47
120 50
120 54
120 71
120 76
120 81
121 10
121 15
121 18
121 28
121 30
121 31
121 44
121 60
121 62
121 75
121 87
121 92
121 98
121 112
121 114
122 5
122 11
122 18
122 37
122 59
122 60
122 70
122 81
122 92
122 94
123 4
123 8
123 30
123 43
123 46
123 52
123 53
123 57
123 67
123 78
123 88
123 91
123 116
123 119
124 8
124 18
124 27
124 30
124 40
124 41
124 42
124 50
124 54
124 65
124 71
124 76
124 90
124 115
124 120
125 5
125 11
125 18
125 32
125 48
125 62
125 64
125 68
125 82
125 84
125 95
125 109
125 111
125 118
126 5
126 11
126 18
126 37
126 46
126 59
126 60
126 69
126 70
126 75
126 94
126 121
126 122
127 5
127 11
127 18
127 36
127 37
127 41
127 43
127 59
127 60
127 63
127 70
127 93
127 94
127 97
127 100
127 104
127 108
127 116
127 118
127 122
127 123
127 126
128 19
128 22
128 101
129 1
129 18
129 21
129 30
129 36
129 56
129 60
129 62
129 75
129 93
129 102
129 115
129 119
129 121
129 126
129 127
130 10
130 14
130 45
130 46
130 51
130 61
130 67
130 69
130 71
130 75
130 98
130 109
130 113
130 116
130 118
130 121
130 126
131 35
131 51
131 52
131 53
131 54
131 59
131 64
131 67
131 70
131 74
131 115
132 2
132 18
132 27
132 30
132 40
132 42
132 45
132 50
132 51
132 54
132 61
132 65
132 66
132 67
132 71
132 72
132 75
132 76
132 95
132 109
132 113
132 116
132 118
132 120
132 124
132 130
133 3
133 12
133 18
133 27
133 30
133 32
133 35
133 40
133 41
133 42
133 50
133 54
133 71
133 72
133 74
133 76
133 80
133 86
133 88
133 120
133 124
133 132
134 2
134 4
134 7
134 8
134 30
134 36
134 45
134 46
134 52
134 53
134 67
134 72
134 88
134 91
134 93
134 106
134 110
134 113
134 114
134 123
135 2
135 23
135 33
135 37
135 42
135 61
135 67
135 70
135 74
135 80
135 88
135 105
135 107
135 133
136 102
136 127
137 2
137 3
137 7
137 10
137 36
137 45
137 72
137 93
137 96
137 98
137 106
137 110
137 113
137 114
137 121
137 130
137 134
138 3
138 6
138 12
138 32
138 35
138 41
138 42
138 52
138 65
138 72
138 86
138 92
138 95
138 98
138 108
138 133
139 45
139 48
139 51
139 61
139 62
139 67
139 68
139 71
139 75
139 95
139 109
139 113
139 116
139 118
139 125
139 130
139 132
140 37
140 67
140 124
141 18
141 42
141 52
141 60
141 75
141 80
141 88
141 115
141 121
141 126
141 129
141 131
141 133
141 135
142 27
142 41
142 43
142 48
142 51
142 57
142 78
142 89
142 100
142 108
142 133
143 2
143 3
143 9
143 12
143 23
143 32
143 33
143 34
143 35
143 37
143 41
143 42
143 61
143 70
143 72
143 74
143 86
143 88
143 127
143 133
143 135
143 138
144 8
144 41
144 48
144 78
144 89
144 100
144 124
144 142
145 136
146 5
146 11
146 12
146 18
146 37
146 53
146 59
146 60
146 70
146 89
146 94
146 122
146 126
146 127
147 81
147 90
147 120
148 27
148 43
148 53
148 57
148 78
148 89
148 142
148 146
149 4
149 8
149 15
149 22
149 30
149 42
149 46
149 52
149 53
149 63
149 67
149 80
149 88
149 91
149 97
149 101
149 104
149 108
149 123
149 127
149 128
149 133
149 134
149 135
149 141
150 15
150 17
150 20
150 21
150 36
150 52
150 56
150 58
150 62
150 81
150 84
150 87
150 88
150 102
150 110
150 114
150 119
150 129
151 8
151 41
151 92
151 124
151 142
151 144
152 11
152 18
152 43
152 60
152 75
152 111
152 121
152 125
152 126
152 129
152 141
154 22
154 23
154 36
154 47
154 52
154 95
154 120
154 140
155 8
155 21
155 36
155 41
155 62
155 67
155 78
155 102
155 119
155 123
155 124
155 129
155 144
155 150
155 151
156 4
156 8
156 30
156 46
156 52
156 53
156 67
156 78
156 88
156 90
156 91
156 119
156 123
156 134
156 149
156 155
157 5
157 11
157 18
157 37
157 59
157 60
157 66
157 70
157 94
157 122
157 126
157 127
157 146
157 148
158 26
158 41
158 48
158 49
158 63
158 81
158 89
158 97
158 100
158 104
158 142
158 144
160 6
160 62
160 69
160 81
160 89
160 92
160 122
161 2
161 4
161 8
161 15
161 17
161 20
161 27
161 30
161 46
161 52
161 53
161 56
161 58
161 65
161 67
161 81
161 84
161 87
161 88
161 91
161 92
161 110
161 114
161 119
161 120
161 122
161 123
161 134
161 138
161 145
161 149
161 150
161 156
161 160
162 18
162 60
162 75
162 96
162 121
162 126
162 129
162 141
162 152
163 2
163 17
163 20
163 21
163 36
163 52
163 62
163 65
163 72
163 81
163 84
163 87
163 95
163 102
163 109
163 114
163 115
163 119
163 129
163 131
163 132
163 141
163 150
163 154
163 155
163 161
164 4
164 5
164 8
164 10
164 23
164 27
164 30
164 43
164 46
164 52
164 53
164 55
164 67
164 80
164 88
164 91
164 116
164 123
164 134
164 148
164 149
164 156
164 161
165 97
165 99
166 5
166 11
166 18
166 37
166 52
166 59
166 60
166 65
166 70
166 75
166 92
166 94
166 122
166 126
166 127
166 132
166 138
166 146
166 157
166 161
167 8
167 26
167 33
167 41
167 58
167 83
167 124
167 144
167 151
167 155
168 2
168 22
168 63
168 97
168 101
168 102
168 104
168 108
168 127
168 128
168 149
169 2
169 23
169 27
169 33
169 37
169 43
169 45
169 51
169 57
169 61
169 67
169 70
169 71
169 74
169 75
169 78
169 88
169 92
169 109
169 113
169 116
169 118
169 130
169 132
169 135
169 139
169 142
169 143
169 148
170 3
170 12
170 22
170 23
170 32
170 35
170 36
170 41
170 42
170 52
170 54
170 72
170 86
170 111
170 133
170 138
170 140
170 143
170 154
171 5
171 41
171 48
171 89
171 100
171 105
171 107
171 135
171 142
171 144
171 158
172 17
172 20
172 52
172 81
172 84
172 87
172 114
172 119
172 138
172 150
172 161
172 163
173 3
173 5
173 12
173 25
173 32
173 35
173 41
173 42
173 57
173 64
173 72
173 84
173 86
173 109
173 111
173 114
173 118
173 125
173 133
173 138
173 143
173 170
174 3
174 8
174 12
174 32
174 35
174 41
174 42
174 72
174 86
174 108
174 133
174 138
174 143
174 170
174 173
175 10
175 42
175 80
175 88
175 98
175 116
175 121
175 130
175 133
175 135
175 137
175 141
175 149
176 3
176 12
176 27
176 32
176 35
176 41
176 42
176 72
176 81
176 86
176 92
176 117
176 122
176 133
176 138
176 143
176 160
176 161
176 170
176 173
176 174
177 30
177 44
177 62
177 121
177 136
178 8
178 41
178 124
178 144
178 151
178 155
178 167
179 2
179 20
179 38
179 65
179 70
179 72
179 95
179 109
179 132
179 163
180 2
180 7
180 14
180 36
180 45
180 48
180 50
180 62
180 68
180 72
180 73
180 93
180 95
180 106
180 110
180 113
180 114
180 125
180 134
180 137
180 139
181 42
181 80
181 88
181 90
181 133
181 135
181 141
181 147
181 149
181 172
181 175
182 41
182 48
182 66
182 89
182 100
182 142
182 144
182 158
182 171
183 1
183 5
183 11
183 18
183 30
183 37
183 56
183 59
183 60
183 62
183 70
183 90
183 94
183 115
183 119
183 122
183 126
183 127
183 129
183 146
183 147
183 157
183 166
183 181
184 22
184 23
184 29
184 36
184 47
184 52
184 65
184 92
184 93
184 154
184 170
184 175
185 22
185 44
185 45
185 46
185 51
185 53
185 61
185 67
185 69
185 71
185 75
185 92
185 101
185 109
185 113
185 116
185 118
185 126
185 128
185 130
185 132
185 139
185 149
185 168
185 169
186 145
187 8
187 41
187 124
187 144
187 151
187 155
187 167
187 178
188 1
188 18
188 29
188 30
188 47
188 56
188 60
188 62
188 65
188 75
188 92
188 93
188 104
188 115
188 119
188 121
188 126
188 129
188 141
188 152
188 162
188 172
188 183
188 184
189 5
189 23
189 27
189 43
189 57
189 78
189 123
189 142
189 148
189 169
190 41
190 48
190 67
190 78
190 89
190 100
190 119
190 122
190 123
190 126
190 142
190 144
190 155
190 156
190 158
190 171
190 182
191 18
191 27
191 30
191 32
191 40
191 42
191 50
191 54
191 57
191 71
191 76
191 82
191 107
191 120
191 124
191 132
191 133
192 97
192 126
192 165
193 102
193 184
194 18
194 31
194 34
194 35
194 60
194 75
194 78
194 85
194 88
194 101
194 110
194 112
194 115
194 121
194 126
194 129
194 141
194 152
194 162
194 188
195 22
195 29
195 47
195 65
195 92
195 93
195 101
195 128
195 129
195 149
195 154
195 168
195 184
195 185
195 188
196 5
196 10
196 23
196 27
196 32
196 43
196 64
196 84
196 111
196 116
196 118
196 125
196 164
196 173
196 187
197 38
197 42
197 63
197 80
197 88
197 133
197 135
197 141
197 149
197 175
197 181
198 2
198 5
198 11
198 18
198 37
198 59
198 60
198 65
198 70
198 72
198 94
198 95
198 109
198 122
198 126
198 127
198 132
198 146
198 157
198 163
198 166
198 179
198 183
199 6
199 30
199 44
199 62
199 95
199 98
199 108
199 121
199 138
199 177
200 3
200 12
200 18
200 32
200 35
200 41
200 42
200 43
200 59
200 66
200 72
200 86
200 116
200 123
200 127
200 133
200 138
200 143
200 170
200 173
200 174
200 176
201 35
201 74
201 131
201 160
203 17
203 20
203 52
203 81
203 84
203 87
203 94
203 114
203 119
203 144
203 150
203 161
203 163
203 172
203 187
204 17
204 20
204 38
204 52
204 81
204 84
204 87
204 114
204 115
204 119
204 131
204 141
204 150
204 161
204 163
204 172
204 203
205 14
205 17
205 20
205 22
205 23
205 36
205 52
205 81
205 84
205 87
205 114
205 115
205 119
205 131
205 139
205 141
205 150
205 154
205 161
205 163
205 170
205 172
205 184
205 203
205 204
206 29
206 47
206 63
206 65
206 92
206 93
206 97
206 104
206 108
206 122
206 126
206 127
206 149
206 168
206 184
206 188
206 190
206 195
207 2
207 8
207 21
207 22
207 23
207 33
207 36
207 37
207 41
207 52
207 61
207 62
207 70
207 74
207 88
207 102
207 115
207 124
207 129
207 131
207 135
207 141
207 143
207 144
207 150
207 151
207 154
207 155
207 163
207 167
207 169
207 170
207 178
207 184
207 187
207 204
207 205
208 17
208 20
208 52
208 81
208 84
208 87
208 114
208 119
208 142
208 150
208 161
208 163
208 172
208 203
208 204
208 205
209 50
209 90
209 93
209 147
209 175
209 181
209 183
210 30
210 37
210 44
210 62
210 67
210 69
210 121
210 140
210 169
210 177
210 199
211 10
211 18
211 42
211 80
211 88
211 98
211 121
211 130
211 133
211 135
211 137
211 141
211 149
211 175
211 181
211 197
212 5
212 27
212 32
212 43
212 51
212 53
212 54
212 57
212 59
212 64
212 67
212 70
212 71
212 74
212 78
212 84
212 103
212 111
212 118
212 119
212 123
212 125
212 131
212 142
212 148
212 153
212 155
212 156
212 169
212 173
212 189
212 190
212 196
213 29
214 2
214 12
214 23
214 33
214 37
214 61
214 70
214 74
214 88
214 123
214 135
214 143
214 169
214 207
215 99
215 156
215 181
215 206
216 9
216 10
216 14
216 30
216 44
216 48
216 50
216 52
216 62
216 73
216 98
216 121
216 130
216 137
216 175
216 177
216 180
216 199
216 210
216 211
217 26
217 122
217 126
217 190
217 206
218 2
218 65
218 72
218 90
218 95
218 102
218 109
218 132
218 134
218 147
218 163
218 179
218 181
218 183
218 184
218 198
218 202
218 209
219 5
219 10
219 15
219 18
219 23
219 27
219 30
219 31
219 35
219 40
219 42
219 43
219 50
219 54
219 62
219 71
219 76
219 92
219 116
219 120
219 121
219 124
219 132
219 133
219 164
219 178
219 191
219 196
220 1
220 30
220 56
220 62
220 115
220 119
220 129
220 183
220 188
221 94
221 103
221 112
221 137
223 18
223 31
223 34
223 60
223 78
223 88
223 101
223 112
223 115
223 194
224 18
224 31
224 34
224 60
224 78
224 88
224 101
224 112
224 115
224 190
224 194
224 215
224 223
225 27
225 41
225 43
225 57
225 59
225 78
225 142
225 148
225 169
225 189
225 212
226 2
226 6
226 23
226 33
226 35
226 37
226 61
226 62
226 69
226 70
226 74
226 88
226 89
226 135
226 143
226 160
226 169
226 207
226 214
227 5
227 32
227 64
227 84
227 90
227 93
227 111
227 118
227 125
227 143
227 147
227 168
227 173
227 181
227 183
227 196
227 209
227 212
227 218
228 30
228 44
228 62
228 81
228 92
228 121
228 122
228 160
228 161
228 176
228 177
228 199
228 210
228 216
229 10
229 11
229 15
229 31
229 62
229 81
229 92
229 121
229 122
229 125
229 138
229 152
229 160
229 161
229 163
229 176
229 219
229 220
229 228
230 14
230 28
230 96
230 112
230 114
230 121
230 146
230 196
230 214
230 221
231 22
231 23
231 36
231 47
231 52
231 65
231 92
231 120
231 138
231 154
231 161
231 166
231 170
231 184
231 205
231 207
232 11
232 41
232 43
232 100
232 127
232 141
233 17
233 22
233 30
233 44
233 62
233 101
233 117
233 121
233 128
233 149
233 168
233 174
233 177
233 185
233 195
233 199
233 210
233 216
233 228
234 25
234 93
234 95
234 113
234 129
235 27
235 41
235 43
235 48
235 57
235 78
235 89
235 90
235 100
235 142
235 144
235 147
235 148
235 158
235 169
235 171
235 181
235 182
235 183
235 189
235 190
235 209
235 212
235 218
235 225
235 227
236 18
236 20
236 30
236 44
236 47
236 60
236 62
236 75
236 90
236 120
236 121
236 126
236 129
236 141
236 147
236 152
236 154
236 162
236 177
236 181
236 183
236 188
236 194
236 199
236 202
236 209
236 210
236 216
236 218
236 220
236 227
236 228
236 231
236 233
236 235
237 53
237 96
237 196
238 67
238 78
238 90
238 119
238 123
238 147
238 149
238 155
238 156
238 172
238 181
238 183
238 190
238 209
238 212
238 218
238 227
238 235
238 236
239 8
239 21
239 22
239 23
239 36
239 41
239 52
239 62
239 67
239 78
239 102
239 119
239 123
239 124
239 129
239 144
239 150
239 151
239 154
239 155
239 156
239 163
239 167
239 170
239 178
239 184
239 187
239 190
239 205
239 207
239 212
239 231
239 238
240 6
240 31
240 60
240 62
240 69
240 81
240 89
240 95
240 98
240 99
240 101
240 108
240 138
240 160
240 199
240 226
241 18
241 31
241 34
241 60
241 63
241 78
241 88
241 97
241 101
241 104
241 108
241 112
241 115
241 127
241 149
241 150
241 168
241 175
241 194
241 206
241 223
241 224
242 1
242 5
242 11
242 18
242 30
242 37
242 44
242 59
242 60
242 62
242 70
242 94
242 121
242 122
242 126
242 127
242 146
242 157
242 166
242 177
242 183
242 198
242 199
242 210
242 216
242 228
242 233
242 236
243 9
243 34
243 77
243 202
244 4
244 8
244 30
244 46
244 51
244 52
244 53
244 54
244 59
244 62
244 64
244 67
244 70
244 74
244 80
244 88
244 91
244 123
244 131
244 134
244 149
244 156
244 161
244 164
244 178
244 212
245 4
245 8
245 18
245 30
245 46
245 52
245 53
245 60
245 65
245 67
245 75
245 81
245 88
245 91
245 92
245 121
245 122
245 123
245 126
245 129
245 134
245 138
245 141
245 149
245 152
245 156
245 160
245 161
245 162
245 164
245 166
245 176
245 186
245 188
245 194
245 211
245 228
245 229
245 231
245 236
245 244
246 6
246 17
246 20
246 37
246 52
246 62
246 67
246 69
246 81
246 84
246 87
246 89
246 114
246 119
246 140
246 150
246 160
246 161
246 163
246 172
246 203
246 204
246 205
246 208
246 210
246 226
246 240
247 30
247 44
247 56
247 62
247 120
247 121
247 140
247 154
247 170
247 177
247 199
247 210
247 216
247 228
247 233
247 236
247 242
248 2
248 7
248 36
248 45
248 72
248 93
248 106
248 110
248 113
248 114
248 132
248 134
248 137
248 164
248 180
248 214
248 239
249 2
249 7
249 36
249 45
249 65
249 72
249 90
249 93
249 95
249 106
249 109
249 110
249 113
249 114
249 132
249 134
249 137
249 163
249 179
249 180
249 198
249 208
249 218
249 248
250 2
250 6
250 18
250 22
250 23
250 29
250 33
250 36
250 37
250 47
250 51
250 52
250 53
250 54
250 59
250 61
250 64
250 65
250 67
250 70
250 74
250 88
250 92
250 93
250 95
250 98
250 108
250 131
250 135
250 138
250 143
250 154
250 169
250 170
250 184
250 188
250 195
250 199
250 205
250 206
250 207
250 211
250 212
250 214
250 226
250 231
250 239
250 240
250 244
251 35
251 41
251 48
251 89
251 100
251 142
251 144
251 158
251 167
251 171
251 182
251 190
251 192
251 217
251 235
251 242
252 18
252 29
252 47
252 48
252 62
252 65
252 68
252 92
252 93
252 95
252 125
252 139
252 180
252 184
252 188
252 195
252 206
252 211
252 250
253 18
253 21
253 26
253 36
253 48
253 62
253 68
253 95
253 102
253 116
253 125
253 129
253 139
253 150
253 155
253 158
253 163
253 180
253 200
253 207
253 239
253 252
254 3
254 12
254 32
254 35
254 41
254 42
254 52
254 65
254 72
254 86
254 92
254 133
254 138
254 143
254 145
254 161
254 166
254 170
254 173
254 174
254 176
254 195
254 200
254 231
254 238
254 245
255 10
255 15
255 18
255 21
255 25
255 31
255 46
255 60
255 62
255 75
255 92
255 96
255 109
255 121
255 126
255 129
255 141
255 152
255 162
255 173
255 188
255 194
255 219
255 229
255 236
255 245
256 65
256 90
257 18
257 31
257 34
257 60
257 78
257 88
257 101
257 112
257 115
257 194
257 198
257 223
257 224
257 241
258 24
258 74
258 92
258 124
258 217
259 8
259 41
259 68
259 124
259 144
259 151
259 155
259 167
259 178
259 187
259 193
259 207
259 239
260 144
260 201
260 226
260 251
261 5
261 10
261 20
261 23
261 27
261 43
261 63
261 77
261 97
261 104
261 108
261 116
261 120
261 127
261 149
261 154
261 164
261 168
261 196
261 206
261 219
261 241
261 247
262 18
262 27
262 30
262 40
262 42
262 50
262 51
262 54
262 71
262 76
262 92
262 120
262 124
262 132
262 133
262 169
262 185
262 191
262 219
263 10
263 15
263 31
263 62
263 92
263 121
263 219
263 229
263 254
263 255
264 23
264 62
264 80
264 130
264 244
265 2
265 5
265 11
265 18
265 23
265 27
265 33
265 37
265 59
265 60
265 61
265 67
265 70
265 74
265 76
265 88
265 92
265 94
265 122
265 126
265 127
265 135
265 143
265 146
265 157
265 161
265 166
265 169
265 174
265 176
265 183
265 198
265 207
265 214
265 226
265 242
265 250
266 21
266 36
266 62
266 102
266 129
266 150
266 155
266 157
266 163
266 182
266 207
266 239
266 253
266 257
267 1
267 26
267 108
267 126
267 158
267 253
268 6
268 21
268 36
268 62
268 77
268 95
268 98
268 102
268 108
268 129
268 138
268 150
268 155
268 163
268 199
268 202
268 207
268 239
268 240
268 250
268 253
268 266
269 27
269 37
269 53
269 67
269 76
269 92
269 140
269 153
269 161
269 176
269 210
269 246
269 265
270 5
270 21
270 32
270 36
270 61
270 62
270 64
270 84
270 102
270 111
270 118
270 125
270 129
270 150
270 155
270 163
270 173
270 196
270 207
270 212
270 227
270 239
270 253
270 266
270 268
271 1
271 22
271 23
271 36
271 42
271 52
271 78
271 80
271 88
271 94
271 133
271 135
271 141
271 149
271 154
271 170
271 175
271 181
271 184
271 197
271 205
271 207
271 211
271 231
271 239
271 250
272 56
272 67
272 78
272 119
272 123
272 155
272 156
272 188
272 190
272 212
272 238
272 239
273 45
273 51
273 61
273 64
273 67
273 71
273 75
273 109
273 113
273 116
273 118
273 130
273 132
273 139
273 169
273 185
273 232
274 83
274 208
275 63
275 97
275 104
275 108
275 127
275 149
275 168
275 206
275 241
275 261
276 10
276 15
276 31
276 52
276 62
276 65
276 67
276 78
276 92
276 105
276 107
276 117
276 119
276 121
276 123
276 135
276 138
276 142
276 155
276 156
276 161
276 166
276 171
276 190
276 212
276 219
276 229
276 231
276 235
276 238
276 239
276 245
276 254
276 255
276 263
276 272
277 10
277 18
277 42
277 80
277 88
277 98
277 121
277 130
277 133
277 135
277 137
277 141
277 149
277 175
277 181
277 197
277 211
277 216
277 271
278 10
278 15
278 27
278 31
278 62
278 67
278 80
278 92
278 121
278 135
278 161
278 162
278 176
278 219
278 229
278 244
278 255
278 263
278 264
278 265
278 269
278 276
279 6
279 38
279 45
279 48
279 62
279 68
279 70
279 95
279 98
279 108
279 125
279 138
279 139
279 145
279 180
279 199
279 238
279 240
279 250
279 252
279 253
279 268
280 2
280 18
280 23
280 31
280 33
280 34
280 37
280 60
280 61
280 70
280 74
280 78
280 88
280 89
280 101
280 112
280 115
280 116
280 135
280 143
280 169
280 178
280 194
280 200
280 207
280 214
280 219
280 223
280 224
280 226
280 241
280 250
280 253
280 257
280 265
281 30
281 44
281 62
281 65
281 120
281 121
281 154
281 177
281 190
281 199
281 210
281 216
281 228
281 233
281 236
281 242
281 247
281 261
281 272
282 6
282 29
282 41
282 47
282 48
282 65
282 73
282 92
282 93
282 95
282 98
282 108
282 138
282 184
282 188
282 195
282 199
282 206
282 240
282 241
282 250
282 252
282 268
282 279
283 10
283 15
283 27
283 31
283 52
283 62
283 65
283 81
283 92
283 117
283 121
283 122
283 138
283 160
283 161
283 166
283 176
283 219
283 228
283 229
283 231
283 245
283 254
283 255
283 263
283 265
283 269
283 276
283 278
284 30
284 44
284 62
284 68
284 121
284 177
284 199
284 200
284 210
284 216
284 228
284 233
284 236
284 242
284 247
284 281
285 8
285 19
285 27
285 41
285 76
285 92
285 124
285 144
285 151
285 155
285 161
285 167
285 176
285 178
285 187
285 207
285 239
285 244
285 259
285 265
285 269
285 278
285 283
286 18
286 27
286 30
286 40
286 42
286 50
286 54
286 71
286 76
286 95
286 105
286 107
286 113
286 120
286 124
286 132
286 133
286 135
286 171
286 191
286 219
286 220
286 234
286 262
286 276
287 5
287 10
287 18
287 23
287 26
287 27
287 43
287 45
287 51
287 61
287 67
287 71
287 75
287 81
287 92
287 109
287 113
287 116
287 118
287 122
287 130
287 132
287 135
287 139
287 158
287 160
287 161
287 164
287 169
287 171
287 176
287 185
287 196
287 200
287 219
287 228
287 229
287 245
287 253
287 261
287 267
287 273
287 278
287 280
287 283
288 36
288 47
288 54
288 79
288 93
288 120
288 127
288 129
288 154
288 231
288 236
288 247
288 272
289 5
289 30
289 123
289 141
290 30
290 44
290 62
290 121
290 174
290 177
290 199
290 210
290 216
290 228
290 231
290 233
290 236
290 242
290 247
290 256
290 281
290 284
291 2
291 23
291 25
291 33
291 37
291 50
291 61
291 70
291 74
291 88
291 105
291 107
291 132
291 135
291 143
291 150
291 169
291 171
291 207
291 214
291 226
291 250
291 265
291 275
291 276
291 280
291 286
292 2
292 6
292 8
292 18
292 23
292 31
292 33
292 34
292 37
292 53
292 60
292 61
292 62
292 69
292 70
292 74
292 78
292 88
292 89
292 101
292 112
292 115
292 135
292 143
292 160
292 169
292 185
292 194
292 207
292 214
292 223
292 224
292 226
292 240
292 241
292 246
292 250
292 257
292 265
292 280
292 291
293 77
293 129
293 202
293 234
293 259
294 48
294 53
294 62
294 67
294 68
294 95
294 101
294 105
294 107
294 125
294 135
294 139
294 153
294 171
294 180
294 185
294 252
294 253
294 276
294 278
294 279
294 286
294 287
294 291
294 292
295 4
295 11
295 36
295 93
295 125
295 127
295 129
295 152
295 229
295 234
295 288
295 293
296 14
296 50
296 73
296 80
296 81
296 92
296 122
296 160
296 161
296 176
296 180
296 212
296 216
296 228
296 229
296 245
296 262
296 283
296 287
297 1
297 2
297 18
297 23
297 30
297 31
297 33
297 34
297 37
297 56
297 60
297 61
297 62
297 70
297 74
297 75
297 78
297 88
297 101
297 112
297 113
297 115
297 119
297 121
297 126
297 129
297 135
297 138
297 141
297 143
297 152
297 156
297 162
297 163
297 169
297 183
297 188
297 194
297 207
297 214
297 220
297 223
297 224
297 226
297 236
297 241
297 245
297 250
297 255
297 257
297 265
297 280
297 291
297 292
298 30
298 44
298 62
298 64
298 107
298 121
298 132
298 177
298 199
298 210
298 216
298 228
298 233
298 236
298 242
298 247
298 281
298 284
298 290
299 17
299 20
299 31
299 52
299 60
299 67
299 76
299 81
299 83
299 84
299 87
299 101
299 114
299 119
299 150
299 161
299 163
299 172
299 203
299 204
299 205
299 208
299 240
299 246
299 265
299 269
299 292
300 5
300 11
300 18
300 30
300 37
300 44
300 59
300 60
300 62
300 70
300 94
300 121
300 122
300 126
300 127
300 141
300 146
300 157
300 159
300 166
300 177
300 183
300 191
300 198
300 199
300 210
300 216
300 228
300 233
300 236
300 242
300 247
300 259
300 265
300 281
300 284
300 290
300 298
301 4
301 8
301 10
301 17
301 20
301 30
301 42
301 46
301 52
301 53
301 67
301 80
301 81
301 84
301 87
301 88
301 91
301 110
301 114
301 119
301 123
301 133
301 134
301 135
301 141
301 149
301 150
301 156
301 161
301 163
301 164
301 172
301 175
301 181
301 197
301 203
301 204
301 205
301 208
301 211
301 244
301 245
301 246
301 271
301 277
301 278
301 287
301 294
301 299
302 86
302 129
302 211
302 218
302 234
302 268
302 293
302 295
303 1
303 5
303 10
303 18
303 23
303 27
303 30
303 43
303 45
303 51
303 56
303 60
303 61
303 62
303 67
303 71
303 75
303 109
303 113
303 115
303 116
303 118
303 119
303 121
303 126
303 129
303 130
303 132
303 139
303 141
303 152
303 162
303 164
303 169
303 183
303 185
303 188
303 194
303 196
303 219
303 220
303 236
303 245
303 255
303 261
303 262
303 273
303 287
303 297
304 13
304 20
304 30
304 44
304 52
304 62
304 121
304 138
304 149
304 177
304 199
304 210
304 216
304 228
304 233
304 236
304 238
304 242
304 247
304 281
304 284
304 290
304 298
304 300
305 3
305 6
305 12
305 23
305 32
305 35
305 41
305 42
305 62
305 69
305 72
305 86
305 89
305 114
305 133
305 138
305 143
305 160
305 170
305 173
305 174
305 176
305 200
305 214
305 226
305 240
305 246
305 254
305 292
305 296
306 40
306 65
306 97
306 147
306 165
306 172
306 197
306 222
306 265
306 290
307 16
307 37
307 48
307 62
307 67
307 68
307 95
307 125
307 139
307 140
307 141
307 180
307 210
307 241
307 246
307 252
307 253
307 269
307 279
307 289
307 294
308 2
308 7
308 29
308 36
308 45
308 47
308 65
308 72
308 92
308 93
308 106
308 110
308 113
308 114
308 122
308 126
308 134
308 137
308 180
308 184
308 188
308 190
308 195
308 206
308 217
308 248
308 249
308 250
308 252
308 282
308 299
309 42
309 48
309 62
309 68
309 80
309 88
309 95
309 125
309 133
309 135
309 139
309 141
309 149
309 150
309 175
309 180
309 181
309 197
309 200
309 211
309 252
309 253
309 271
309 277
309 279
309 293
309 294
309 301
309 307
310 1
310 19
310 30
310 51
310 53
310 54
310 56
310 59
310 62
310 64
310 67
310 70
310 74
310 76
310 115
310 119
310 129
310 131
310 183
310 188
310 212
310 220
310 244
310 250
310 265
310 269
310 297
310 299
310 303
311 6
311 18
311 31
311 34
311 60
311 78
311 82
311 88
311 95
311 98
311 101
311 108
311 112
311 115
311 125
311 138
311 194
311 199
311 220
311 223
311 224
311 240
311 241
311 250
311 257
311 268
311 277
311 279
311 280
311 282
311 292
311 297
312 71
312 171
312 178
312 203
313 27
313 29
313 54
313 92
313 147
313 161
313 176
313 247
313 265
313 269
313 278
313 283
313 285
314 18
314 31
314 34
314 37
314 60
314 67
314 78
314 88
314 98
314 101
314 112
314 115
314 140
314 194
314 198
314 210
314 223
314 224
314 241
314 246
314 255
314 257
314 269
314 280
314 292
314 297
314 307
314 311
315 35
315 51
315 53
315 54
315 59
315 64
315 67
315 70
315 74
315 131
315 201
315 212
315 244
315 250
315 310
316 2
316 7
316 17
316 20
316 25
316 32
316 36
316 45
316 52
316 57
316 72
316 73
316 81
316 84
316 87
316 93
316 106
316 109
316 110
316 113
316 114
316 119
316 134
316 137
316 150
316 161
316 163
316 172
316 180
316 203
316 204
316 205
316 208
316 246
316 248
316 249
316 250
316 299
316 301
316 308
317 1
317 2
317 7
317 18
317 36
317 38
317 40
317 45
317 60
317 72
317 75
317 93
317 106
317 110
317 113
317 114
317 121
317 126
317 129
317 134
317 137
317 141
317 152
317 162
317 180
317 188
317 194
317 226
317 236
317 245
317 248
317 249
317 255
317 297
317 303
317 308
317 316
318 109
318 134
318 159
318 177
319 10
319 28
319 35
319 98
319 121
319 130
319 137
319 175
319 211
319 216
319 277
319 278
320 4
320 204
320 311
321 2
321 7
321 27
321 36
321 43
321 45
321 55
321 57
321 72
321 78
321 80
321 93
321 106
321 110
321 113
321 114
321 134
321 137
321 142
321 148
321 162
321 169
321 180
321 189
321 212
321 225
321 235
321 248
321 249
321 262
321 305
321 308
321 316
321 317
322 4
322 8
322 13
322 15
322 30
322 45
322 46
322 51
322 52
322 53
322 56
322 58
322 61
322 67
322 71
322 75
322 88
322 91
322 109
322 110
322 113
322 116
322 118
322 123
322 130
322 132
322 134
322 139
322 149
322 150
322 156
322 161
322 164
322 169
322 185
322 244
322 245
322 256
322 273
322 287
322 301
322 303
322 304
323 7
323 18
323 27
323 30
323 40
323 42
323 50
323 54
323 71
323 76
323 80
323 88
323 105
323 107
323 116
323 120
323 124
323 132
323 133
323 135
323 141
323 149
323 171
323 175
323 178
323 181
323 191
323 197
323 200
323 211
323 219
323 232
323 253
323 262
323 271
323 276
323 277
323 280
323 286
323 287
323 291
323 294
323 301
323 309
324 6
324 37
324 62
324 67
324 69
324 78
324 89
324 119
324 122
324 123
324 126
324 140
324 155
324 156
324 160
324 165
324 183
324 190
324 206
324 210
324 212
324 215
324 217
324 226
324 238
324 239
324 240
324 246
324 269
324 272
324 276
324 292
324 305
324 307
324 308
324 314
325 8
325 14
325 34
325 41
325 124
325 144
325 151
325 155
325 159
325 167
325 178
325 187
325 207
325 239
325 259
325 285
326 2
326 7
326 36
326 45
326 63
326 72
326 90
326 93
326 97
326 104
326 106
326 108
326 110
326 113
326 114
326 127
326 134
326 137
326 147
326 149
326 168
326 180
326 181
326 183
326 206
326 209
326 218
326 227
326 235
326 236
326 238
326 241
326 248
326 249
326 261
326 275
326 292
326 308
326 316
326 317
326 321
327 3
327 6
327 12
327 32
327 35
327 41
327 42
327 72
327 86
327 95
327 98
327 108
327 133
327 138
327 143
327 168
327 170
327 173
327 174
327 176
327 199
327 200
327 211
327 240
327 243
327 250
327 254
327 268
327 279
327 282
327 305
327 311
328 6
328 19
328 37
328 46
328 62
328 69
328 89
328 126
328 130
328 160
328 185
328 226
328 240
328 246
328 262
328 292
328 305
328 324
329 90
329 138
329 147
329 181
329 183
329 209
329 218
329 227
329 235
329 236
329 238
329 320
329 326
330 37
330 67
330 89
330 140
330 171
330 196
330 210
330 214
330 221
330 246
330 269
330 307
330 314
330 324
331 2
331 3
331 12
331 18
331 22
331 27
331 30
331 32
331 35
331 40
331 41
331 42
331 50
331 54
331 65
331 71
331 72
331 76
331 86
331 95
331 97
331 101
331 109
331 120
331 124
331 128
331 132
331 133
331 138
331 143
331 149
331 163
331 165
331 168
331 170
331 173
331 174
331 176
331 179
331 185
331 191
331 192
331 195
331 198
331 200
331 218
331 219
331 233
331 249
331 254
331 262
331 286
331 305
331 323
331 327
332 6
332 16
332 18
332 30
332 42
332 44
332 62
332 69
332 80
332 88
332 89
332 116
332 121
332 133
332 135
332 141
332 149
332 160
332 175
332 177
332 181
332 197
332 199
332 200
332 210
332 211
332 216
332 226
332 228
332 233
332 236
332 240
332 241
332 242
332 246
332 247
332 253
332 271
332 277
332 280
332 281
332 284
332 287
332 290
332 292
332 298
332 300
332 301
332 304
332 305
332 309
332 323
332 324
332 328
333 18
333 92
333 116
333 149
333 174
333 200
333 238
333 253
333 274
333 280
333 287
333 304
333 323
333 332
334 11
334 41
334 43
334 50
334 68
334 100
334 125
334 127
334 152
334 229
334 232
334 268
334 293
334 295
335 17
335 18
335 19
335 20
335 28
335 52
335 81
335 84
335 87
335 112
335 114
335 116
335 119
335 121
335 150
335 161
335 163
335 172
335 200
335 203
335 204
335 205
335 208
335 230
335 244
335 246
335 253
335 280
335 287
335 299
335 301
335 316
335 323
335 326
335 332
335 333
336 29
336 47
336 48
336 62
336 65
336 68
336 92
336 93
336 95
336 125
336 139
336 180
336 184
336 188
336 195
336 206
336 250
336 252
336 253
336 279
336 282
336 294
336 307
336 308
336 309
337 3
337 4
337 8
337 30
337 46
337 52
337 53
337 67
337 71
337 88
337 91
337 103
337 123
337 134
337 149
337 156
337 161
337 164
337 244
337 245
337 296
337 301
337 322
338 5
338 22
338 32
338 64
338 81
338 84
338 101
338 111
338 118
338 120
338 122
338 125
338 128
338 147
338 149
338 168
338 173
338 185
338 195
338 196
338 212
338 227
338 233
338 270
338 331
339 10
339 15
339 18
339 31
339 60
339 62
339 75
339 92
339 116
339 121
339 126
339 129
339 141
339 152
339 162
339 178
339 188
339 194
339 200
339 205
339 219
339 229
339 236
339 245
339 253
339 255
339 263
339 276
339 278
339 280
339 283
339 287
339 297
339 303
339 317
339 323
339 332
339 333
339 335
340 17
340 20
340 52
340 56
340 81
340 84
340 87
340 92
340 114
340 119
340 122
340 150
340 160
340 161
340 163
340 172
340 176
340 203
340 204
340 205
340 208
340 228
340 229
340 245
340 246
340 274
340 283
340 287
340 296
340 299
340 301
340 316
340 335
341 18
341 25
341 48
341 51
341 53
341 54
341 59
341 62
341 64
341 67
341 68
341 70
341 74
341 95
341 109
341 125
341 131
341 139
341 150
341 173
341 180
341 211
341 212
341 244
341 250
341 252
341 253
341 255
341 279
341 294
341 307
341 309
341 310
341 315
341 336
342 1
342 22
342 30
342 56
342 62
342 101
342 115
342 119
342 128
342 129
342 149
342 168
342 183
342 185
342 188
342 195
342 220
342 233
342 297
342 303
342 310
342 331
342 338
343 13
343 51
343 52
343 53
343 54
343 59
343 64
343 67
343 70
343 74
343 131
343 212
343 244
343 250
343 304
343 310
343 315
343 322
343 341
344 26
344 28
344 128
344 158
344 253
344 267
344 287
345 4
345 10
345 15
345 18
345 27
345 42
345 56
345 58
345 63
345 80
345 88
345 90
345 92
345 97
345 98
345 104
345 108
345 110
345 121
345 127
345 130
345 133
345 135
345 137
345 141
345 147
345 149
345 150
345 161
345 168
345 175
345 176
345 181
345 183
345 186
345 197
345 206
345 209
345 211
345 216
345 218
345 227
345 235
345 236
345 238
345 241
345 250
345 252
345 261
345 265
345 269
345 271
345 275
345 277
345 278
345 283
345 285
345 286
345 301
345 309
345 313
345 319
345 322
345 323
345 326
345 329
345 332
345 341
346 2
346 18
346 23
346 31
346 33
346 34
346 37
346 48
346 55
346 60
346 61
346 62
346 68
346 70
346 74
346 78
346 80
346 88
346 95
346 101
346 112
346 115
346 125
346 135
346 139
346 143
346 162
346 169
346 180
346 194
346 207
346 214
346 223
346 224
346 226
346 241
346 244
346 250
346 252
346 253
346 257
346 264
346 265
346 278
346 279
346 280
346 291
346 292
346 294
346 297
346 307
346 309
346 311
346 314
346 336
346 341
347 5
347 32
347 51
347 53
347 54
347 59
347 64
347 67
347 70
347 74
347 84
347 111
347 118
347 125
347 131
347 173
347 196
347 212
347 227
347 244
347 250
347 256
347 270
347 310
347 315
347 338
347 341
347 343
348 8
348 21
348 36
348 41
348 62
348 102
348 107
348 124
348 129
348 144
348 150
348 151
348 155
348 163
348 167
348 178
348 187
348 189
348 207
348 239
348 253
348 259
348 266
348 268
348 270
348 285
348 289
348 325
348 332
349 1
349 10
349 15
349 29
349 30
349 31
349 38
349 40
349 47
349 52
349 56
349 62
349 65
349 83
349 90
349 92
349 93
349 115
349 119
349 121
349 129
349 138
349 147
349 161
349 166
349 181
349 183
349 184
349 188
349 195
349 206
349 209
349 218
349 219
349 220
349 227
349 229
349 231
349 235
349 236
349 238
349 245
349 250
349 252
349 254
349 255
349 263
349 276
349 278
349 282
349 283
349 297
349 303
349 308
349 310
349 317
349 326
349 329
349 336
349 339
349 342
349 345
350 34
351 10
351 30
351 44
351 62
351 97
351 121
351 165
351 177
351 192
351 199
351 210
351 216
351 228
351 233
351 236
351 242
351 247
351 281
351 284
351 290
351 292
351 298
351 300
351 304
351 331
351 332
352 45
352 51
352 61
352 67
352 71
352 75
352 109
352 113
352 116
352 118
352 130
352 132
352 139
352 169
352 185
352 186
352 273
352 287
352 303
352 311
352 322
353 2
353 7
353 19
353 36
353 42
353 45
353 72
353 80
353 88
353 93
353 106
353 110
353 113
353 114
353 133
353 134
353 135
353 137
353 141
353 149
353 175
353 180
353 181
353 197
353 211
353 248
353 249
353 271
353 277
353 301
353 308
353 309
353 316
353 317
353 321
353 323
353 326
353 332
353 344
353 345
354 5
354 22
354 32
354 64
354 84
354 101
354 111
354 113
354 118
354 125
354 128
354 149
354 168
354 173
354 185
354 195
354 196
354 212
354 220
354 227
354 233
354 270
354 331
354 338
354 342
354 347
355 41
355 48
355 53
355 89
355 100
355 121
355 142
355 144
355 146
355 148
355 158
355 171
355 182
355 190
355 235
355 251
355 289
355 314
356 27
356 37
356 38
356 40
356 67
356 92
356 140
356 149
356 161
356 176
356 210
356 238
356 246
356 265
356 269
356 278
356 283
356 285
356 304
356 307
356 313
356 314
356 317
356 324
356 330
356 333
356 345
356 347
356 349
357 223
357 248
357 298
358 35
358 51
358 53
358 54
358 59
358 64
358 67
358 70
358 74
358 92
358 131
358 149
358 201
358 212
358 244
358 250
358 310
358 315
358 317
358 341
358 343
358 347
359 5
359 10
359 23
359 27
359 43
359 52
359 65
359 92
359 105
359 107
359 115
359 116
359 131
359 135
359 138
359 141
359 161
359 163
359 164
359 166
359 168
359 171
359 196
359 204
359 205
359 207
359 219
359 231
359 245
359 254
359 261
359 276
359 283
359 286
359 287
359 291
359 294
359 303
359 323
359 349
360 4
360 8
360 19
360 30
360 46
360 52
360 53
360 67
360 78
360 88
360 91
360 119
360 123
360 134
360 149
360 155
360 156
360 161
360 164
360 190
360 201
360 212
360 238
360 239
360 244
360 245
360 272
360 276
360 301
360 322
360 324
360 337
360 344
361 13
361 52
361 77
361 95
361 127
361 152
361 177
361 195
361 304
361 320
361 322
361 343
362 28
362 41
362 42
362 48
362 80
362 88
362 89
362 100
362 105
362 107
362 133
362 135
362 141
362 142
362 144
362 149
362 158
362 171
362 175
362 181
362 182
362 190
362 197
362 211
362 235
362 251
362 271
362 276
362 277
362 286
362 291
362 294
362 301
362 309
362 323
362 332
362 345
362 353
362 355
362 359
363 30
363 44
363 62
363 81
363 92
363 121
363 122
363 160
363 161
363 176
363 177
363 199
363 210
363 216
363 228
363 229
363 233
363 236
363 242
363 245
363 247
363 279
363 281
363 283
363 284
363 287
363 290
363 296
363 298
363 300
363 304
363 332
363 340
363 351
364 10
364 42
364 80
364 88
364 98
364 121
364 130
364 133
364 135
364 137
364 141
364 149
364 155
364 175
364 181
364 197
364 211
364 216
364 271
364 277
364 301
364 309
364 319
364 323
364 332
364 345
364 353
364 362
365 6
365 18
365 45
365 51
365 60
365 61
365 67
365 71
365 75
365 109
365 113
365 116
365 118
365 121
365 126
365 129
365 130
365 132
365 139
365 141
365 149
365 152
365 162
365 169
365 185
365 188
365 194
365 236
365 238
365 245
365 255
365 273
365 287
365 297
365 303
365 304
365 317
365 322
365 333
365 339
365 352
365 356
366 6
366 29
366 37
366 47
366 65
366 67
366 92
366 93
366 95
366 98
366 108
366 138
366 140
366 184
366 188
366 195
366 199
366 206
366 210
366 240
366 246
366 250
366 252
366 268
366 269
366 279
366 282
366 307
366 308
366 311
366 314
366 324
366 327
366 330
366 332
366 336
366 349
366 356
367 1
367 15
367 56
367 58
367 63
367 78
367 88
367 90
367 94
367 97
367 101
367 104
367 108
367 110
367 127
367 133
367 147
367 149
367 150
367 161
367 168
367 181
367 183
367 201
367 206
367 209
367 218
367 227
367 235
367 236
367 238
367 241
367 261
367 271
367 275
367 322
367 326
367 329
367 345
367 349
368 9
368 10
368 14
368 15
368 34
368 48
368 50
368 52
368 56
368 58
368 65
368 88
368 92
368 98
368 110
368 115
368 121
368 130
368 131
368 137
368 138
368 141
368 150
368 152
368 161
368 163
368 166
368 175
368 177
368 204
368 205
368 207
368 211
368 216
368 231
368 245
368 254
368 276
368 277
368 283
368 302
368 319
368 322
368 325
368 345
368 349
368 359
368 364
368 367
369 18
369 28
369 90
369 112
369 114
369 116
369 121
369 128
369 147
369 181
369 183
369 200
369 209
369 210
369 218
369 227
369 230
369 235
369 236
369 238
369 253
369 280
369 287
369 310
369 323
369 326
369 329
369 332
369 333
369 335
369 339
369 345
369 349
369 353
369 367
370 86
370 104
370 111
370 136
370 204
371 3
371 12
371 23
371 32
371 35
371 41
371 42
371 55
371 72
371 86
371 133
371 138
371 143
371 170
371 173
371 174
371 176
371 178
371 180
371 200
371 214
371 219
371 254
371 280
371 305
371 323
371 327
371 331
371 339
372 10
372 15
372 27
372 31
372 36
372 62
372 92
372 93
372 121
372 127
372 129
372 131
372 156
372 161
372 176
372 219
372 229
372 255
372 263
372 265
372 269
372 276
372 278
372 283
372 285
372 288
372 295
372 313
372 339
372 345
372 349
372 356
373 6
373 17
373 20
373 52
373 62
373 69
373 81
373 84
373 87
373 89
373 107
373 114
373 119
373 139
373 150
373 160
373 161
373 163
373 164
373 172
373 203
373 204
373 205
373 207
373 208
373 226
373 240
373 246
373 292
373 299
373 301
373 305
373 316
373 324
373 328
373 332
373 335
373 340
374 15
374 56
374 58
374 65
374 81
374 83
374 88
374 110
374 120
374 147
374 150
374 161
374 322
374 338
374 345
374 367
374 368
375 2
375 7
375 34
375 36
375 45
375 72
375 93
375 105
375 106
375 107
375 110
375 113
375 114
375 134
375 135
375 137
375 171
375 180
375 216
375 248
375 249
375 266
375 276
375 286
375 291
375 294
375 308
375 316
375 317
375 321
375 323
375 326
375 353
375 359
375 362
376 27
376 43
376 57
376 78
376 92
376 117
376 142
376 148
376 169
376 189
376 212
376 225
376 235
376 321
377 18
377 31
377 34
377 43
377 60
377 78
377 82
377 88
377 95
377 101
377 112
377 113
377 115
377 125
377 194
377 223
377 224
377 234
377 241
377 257
377 280
377 286
377 292
377 297
377 311
377 314
377 346
378 10
378 37
378 67
378 98
378 105
378 107
378 121
378 130
378 135
378 137
378 140
378 162
378 171
378 175
378 210
378 211
378 216
378 246
378 269
378 276
378 277
378 286
378 291
378 294
378 307
378 314
378 319
378 323
378 324
378 330
378 345
378 356
378 359
378 362
378 364
378 366
378 368
378 369
378 375
379 13
379 95
379 113
379 170
379 213
379 234
379 286
379 377
380 21
380 51
380 53
380 54
380 59
380 64
380 67
380 70
380 74
380 131
380 141
380 189
380 212
380 244
380 250
380 289
380 307
380 310
380 315
380 341
380 343
380 347
380 358
381 2
381 18
381 23
381 33
381 37
381 45
381 51
381 60
381 61
381 67
381 70
381 71
381 74
381 75
381 88
381 109
381 113
381 116
381 118
381 121
381 126
381 129
381 130
381 132
381 135
381 139
381 141
381 143
381 152
381 162
381 169
381 185
381 188
381 194
381 207
381 214
381 226
381 236
381 245
381 250
381 255
381 265
381 273
381 280
381 287
381 291
381 292
381 297
381 303
381 317
381 322
381 339
381 346
381 352
381 365
382 4
382 8
382 10
382 16
382 25
382 30
382 46
382 52
382 53
382 67
382 88
382 89
382 91
382 98
382 109
382 121
382 123
382 130
382 134
382 137
382 146
382 148
382 149
382 156
382 161
382 164
382 173
382 175
382 198
382 211
382 216
382 241
382 244
382 245
382 255
382 277
382 301
382 319
382 322
382 337
382 341
382 345
382 355
382 360
382 364
382 368
382 378
383 24
383 97
383 165
383 192
383 317
383 331
383 351
384 2
384 6
384 23
384 33
384 37
384 61
384 70
384 74
384 88
384 95
384 98
384 108
384 135
384 138
384 143
384 169
384 199
384 207
384 214
384 226
384 240
384 250
384 265
384 268
384 279
384 280
384 282
384 291
384 292
384 297
384 311
384 325
384 327
384 346
384 350
384 366
384 381
385 19
385 62
385 80
385 151
385 176
385 219
385 244
385 264
385 278
385 344
385 346
386 22
386 27
386 52
386 101
386 115
386 128
386 131
386 141
386 149
386 163
386 168
386 185
386 195
386 204
386 205
386 207
386 233
386 295
386 331
386 338
386 342
386 354
386 359
386 368
387 46
387 69
387 126
387 130
387 146
387 171
387 185
387 271
387 278
387 303
387 328
387 353
388 22
388 23
388 36
388 52
388 120
388 154
388 170
388 184
388 204
388 205
388 207
388 222
388 231
388 239
388 247
388 250
388 261
388 271
388 281
388 347
389 2
389 5
389 11
389 18
389 25
389 27
389 30
389 37
389 40
389 42
389 44
389 50
389 54
389 57
389 59
389 60
389 62
389 65
389 70
389 71
389 72
389 73
389 76
389 94
389 95
389 98
389 105
389 107
389 109
389 120
389 121
389 122
389 124
389 126
389 127
389 132
389 133
389 135
389 146
389 157
389 163
389 166
389 171
389 177
389 179
389 183
389 191
389 198
389 199
389 210
389 216
389 218
389 219
389 228
389 233
389 236
389 242
389 247
389 249
389 262
389 265
389 276
389 281
389 284
389 286
389 290
389 291
389 294
389 298
389 300
389 304
389 316
389 323
389 331
389 332
389 351
389 359
389 362
389 363
389 375
389 378
390 3
390 12
390 22
390 32
390 35
390 41
390 42
390 49
390 72
390 86
390 101
390 128
390 133
390 138
390 143
390 149
390 168
390 170
390 173
390 174
390 176
390 185
390 195
390 200
390 233
390 254
390 281
390 305
390 327
390 331
390 338
390 342
390 354
390 356
390 371
390 374
390 386
391 2
391 22
391 23
391 36
391 52
391 65
391 72
391 95
391 109
391 125
391 132
391 154
391 163
391 170
391 179
391 182
391 184
391 198
391 205
391 207
391 218
391 225
391 231
391 239
391 249
391 250
391 271
391 331
391 350
391 388
391 389
392 8
392 33
392 201
392 301
393 11
393 30
393 42
393 44
393 62
393 80
393 88
393 105
393 107
393 121
393 125
393 133
393 135
393 141
393 149
393 152
393 171
393 175
393 177
393 181
393 197
393 199
393 210
393 211
393 216
393 228
393 229
393 233
393 236
393 242
393 247
393 271
393 276
393 277
393 281
393 284
393 286
393 290
393 291
393 294
393 295
393 298
393 300
393 301
393 304
393 309
393 323
393 332
393 334
393 345
393 351
393 353
393 359
393 362
393 363
393 364
393 375
393 378
393 389
394 22
394 28
394 81
394 92
394 101
394 122
394 128
394 135
394 149
394 160
394 161
394 168
394 176
394 185
394 195
394 228
394 229
394 233
394 245
394 283
394 287
394 296
394 331
394 338
394 340
394 342
394 354
394 363
394 386
394 390
395 11
395 79
395 104
395 204
396 18
396 116
396 141
396 155
396 180
396 200
396 253
396 280
396 287
396 289
396 307
396 312
396 323
396 332
396 333
396 335
396 337
396 339
396 362
396 369
396 380
397 6
397 31
397 52
397 62
397 65
397 69
397 89
397 92
397 115
397 131
397 138
397 141
397 149
397 160
397 161
397 163
397 166
397 204
397 205
397 207
397 226
397 231
397 238
397 240
397 245
397 246
397 254
397 263
397 276
397 283
397 292
397 304
397 305
397 324
397 328
397 332
397 333
397 349
397 356
397 359
397 365
397 368
397 373
397 386
398 14
398 34
398 51
398 52
398 53
398 54
398 59
398 64
398 67
398 70
398 74
398 89
398 107
398 115
398 131
398 141
398 163
398 204
398 205
398 207
398 212
398 244
398 250
398 310
398 315
398 325
398 332
398 341
398 343
398 347
398 358
398 359
398 368
398 380
398 386
398 397
399 18
399 45
399 51
399 53
399 60
399 61
399 67
399 71
399 75
399 81
399 92
399 101
399 109
399 113
399 116
399 118
399 121
399 122
399 126
399 129
399 130
399 132
399 139
399 141
399 152
399 160
399 161
399 162
399 169
399 176
399 185
399 188
399 194
399 228
399 229
399 236
399 245
399 255
399 273
399 283
399 287
399 292
399 294
399 296
399 297
399 303
399 317
399 322
399 339
399 340
399 352
399 363
399 365
399 381
399 390
399 394
400 18
400 31
400 34
400 52
400 60
400 65
400 78
400 88
400 92
400 101
400 112
400 115
400 131
400 138
400 141
400 161
400 163
400 166
400 191
400 194
400 204
400 205
400 207
400 223
400 224
400 231
400 234
400 241
400 245
400 254
400 257
400 276
400 280
400 283
400 292
400 297
400 311
400 314
400 346
400 349
400 359
400 368
400 377
400 386
400 397
400 398
401 37
401 67
401 117
401 140
401 210
401 246
401 269
401 307
401 314
401 324
401 330
401 335
401 356
401 366
401 378
402 15
402 51
402 53
402 54
402 56
402 58
402 59
402 64
402 67
402 70
402 74
402 88
402 95
402 105
402 107
402 110
402 131
402 135
402 150
402 161
402 171
402 186
402 212
402 244
402 250
402 276
402 286
402 291
402 294
402 310
402 315
402 318
402 322
402 323
402 331
402 341
402 343
402 345
402 347
402 358
402 359
402 362
402 367
402 368
402 374
402 375
402 378
402 380
402 389
402 393
402 398
403 2
403 18
403 23
403 27
403 30
403 33
403 37
403 40
403 41
403 42
403 48
403 50
403 51
403 54
403 61
403 70
403 71
403 74
403 76
403 88
403 89
403 92
403 100
403 120
403 124
403 132
403 133
403 135
403 137
403 142
403 143
403 144
403 158
403 169
403 171
403 182
403 185
403 190
403 191
403 207
403 214
403 219
403 226
403 235
403 237
403 250
403 251
403 262
403 265
403 280
403 286
403 291
403 292
403 297
403 323
403 331
403 346
403 355
403 362
403 381
403 384
403 389
404 2
404 5
404 7
404 11
404 18
404 20
404 23
404 33
404 36
404 37
404 45
404 51
404 59
404 60
404 61
404 67
404 70
404 71
404 72
404 74
404 75
404 81
404 88
404 93
404 94
404 106
404 109
404 110
404 113
404 114
404 116
404 118
404 120
404 122
404 126
404 127
404 130
404 132
404 134
404 135
404 137
404 139
404 143
404 146
404 147
404 157
404 166
404 169
404 180
404 183
404 185
404 198
404 207
404 214
404 226
404 242
404 248
404 249
404 250
404 265
404 273
404 280
404 287
404 291
404 292
404 297
404 300
404 303
404 308
404 316
404 317
404 321
404 322
404 326
404 338
404 346
404 352
404 353
404 365
404 374
404 375
404 381
404 384
404 389
404 399
404 403
405 27
405 43
405 57
405 64
405 78
405 142
405 148
405 169
405 189
405 212
405 225
405 235
405 321
405 346
405 376
406 140
406 154
406 165
406 170
406 172
406 222
406 240
406 247
407 5
407 9
407 10
407 12
407 14
407 23
407 27
407 43
407 48
407 50
407 52
407 73
407 91
407 98
407 116
407 123
407 127
407 164
407 180
407 196
407 200
407 214
407 216
407 219
407 261
407 287
407 296
407 303
407 305
407 316
407 359
407 368
407 371
408 18
408 31
408 37
408 38
408 40
408 45
408 51
408 53
408 60
408 61
408 67
408 71
408 75
408 76
408 101
408 109
408 113
408 116
408 118
408 121
408 126
408 129
408 130
408 132
408 135
408 139
408 140
408 141
408 152
408 162
408 169
408 185
408 188
408 194
408 210
408 236
408 240
408 245
408 246
408 255
408 265
408 269
408 273
408 278
408 287
408 292
408 294
408 297
408 299
408 301
408 303
408 307
408 310
408 314
408 317
408 322
408 324
408 330
408 339
408 349
408 352
408 356
408 365
408 366
408 378
408 381
408 392
408 399
408 401
408 404
409 3
409 10
409 12
409 18
409 27
409 32
409 35
409 41
409 42
409 43
409 57
409 63
409 72
409 78
409 86
409 97
409 98
409 104
409 108
409 116
409 121
409 123
409 127
409 130
409 133
409 137
409 138
409 142
409 143
409 148
409 149
409 150
409 168
409 169
409 170
409 173
409 174
409 175
409 176
409 189
409 200
409 206
409 211
409 212
409 216
409 225
409 235
409 241
409 250
409 252
409 253
409 254
409 261
409 275
409 277
409 280
409 287
409 305
409 319
409 321
409 323
409 326
409 327
409 331
409 332
409 333
409 335
409 339
409 341
409 345
409 364
409 367
409 368
409 369
409 371
409 376
409 378
409 382
409 390
409 396
409 405
409 407
410 18
410 26
410 27
410 30
410 40
410 42
410 50
410 51
410 54
410 71
410 76
410 119
410 120
410 124
410 132
410 133
410 191
410 219
410 262
410 286
410 323
410 331
410 389
410 403
411 2
411 51
411 53
411 54
411 59
411 64
411 65
411 67
411 70
411 72
411 74
411 95
411 109
411 129
411 131
411 132
411 163
411 179
411 198
411 212
411 218
411 234
411 244
411 249
411 250
411 293
411 295
411 302
411 310
411 315
411 327
411 331
411 341
411 343
411 347
411 358
411 380
411 389
411 391
411 398
411 402
412 21
412 27
412 92
412 161
412 176
412 228
412 253
412 265
412 269
412 271
412 278
412 283
412 285
412 313
412 345
412 356
412 371
412 372
413 18
413 27
413 30
413 40
413 42
413 50
413 51
413 53
413 54
413 59
413 64
413 67
413 70
413 71
413 74
413 76
413 79
413 95
413 97
413 104
413 120
413 124
413 129
413 131
413 132
413 133
413 140
413 154
413 170
413 191
413 212
413 219
413 234
413 244
413 247
413 250
413 262
413 286
413 293
413 295
413 302
413 310
413 315
413 323
413 331
413 341
413 343
413 347
413 358
413 380
413 389
413 398
413 402
413 403
413 406
413 410
413 411
414 94
414 103
414 112
414 221
414 298
414 330
414 380
414 398
415 47
415 63
415 97
415 104
415 108
415 120
415 127
415 149
415 154
415 168
415 181
415 206
415 231
415 236
415 241
415 247
415 261
415 275
415 281
415 288
415 326
415 345
415 367
415 374
415 388
415 409
416 5
416 18
416 27
416 32
416 43
416 57
416 64
416 78
416 82
416 84
416 111
416 118
416 125
416 142
416 148
416 169
416 173
416 189
416 196
416 212
416 225
416 227
416 235
416 250
416 270
416 311
416 321
416 338
416 347
416 350
416 354
416 376
416 377
416 405
416 409
417 35
417 74
417 131
417 201
417 301
417 315
417 333
417 358
417 383
418 95
418 113
418 234
418 277
418 286
418 377
418 379
418 402
419 2
419 3
419 7
419 36
419 42
419 45
419 72
419 80
419 88
419 93
419 106
419 110
419 113
419 114
419 133
419 134
419 135
419 137
419 141
419 149
419 175
419 180
419 181
419 197
419 211
419 228
419 248
419 249
419 271
419 277
419 301
419 308
419 309
419 316
419 317
419 321
419 323
419 326
419 332
419 345
419 353
419 362
419 364
419 375
419 393
419 404
420 11
420 13
420 52
420 79
420 115
420 131
420 141
420 163
420 204
420 205
420 207
420 304
420 322
420 343
420 359
420 361
420 368
420 386
420 397
420 398
420 400
421 51
421 53
421 54
421 59
421 64
421 67
421 70
421 74
421 78
421 119
421 123
421 131
421 155
421 156
421 190
421 212
421 238
421 239
421 244
421 250
421 262
421 272
421 276
421 280
421 310
421 315
421 324
421 341
421 343
421 347
421 358
421 360
421 380
421 398
421 402
421 411
421 413
422 6
422 13
422 38
422 40
422 63
422 88
422 95
422 98
422 108
422 113
422 131
422 138
422 199
422 240
422 250
422 256
422 268
422 279
422 282
422 311
422 317
422 327
422 349
422 356
422 366
422 384
422 408
423 18
423 60
423 75
423 94
423 103
423 112
423 121
423 126
423 129
423 141
423 152
423 162
423 188
423 194
423 221
423 236
423 245
423 255
423 297
423 303
423 317
423 339
423 364
423 365
423 381
423 389
423 399
423 408
423 414
424 5
424 11
424 18
424 27
424 37
424 59
424 60
424 70
424 92
424 94
424 122
424 126
424 127
424 146
424 157
424 158
424 161
424 166
424 176
424 183
424 190
424 198
424 242
424 265
424 269
424 278
424 283
424 285
424 300
424 313
424 345
424 356
424 372
424 383
424 389
424 404
424 412
425 4
425 5
425 8
425 10
425 23
425 27
425 30
425 43
425 46
425 52
425 53
425 66
425 67
425 88
425 91
425 116
425 123
425 134
425 141
425 149
425 156
425 161
425 164
425 196
425 219
425 244
425 245
425 261
425 287
425 289
425 301
425 303
425 307
425 322
425 337
425 359
425 360
425 380
425 382
425 396
425 407
426 15
426 18
426 56
426 58
426 88
426 110
426 116
426 150
426 161
426 200
426 210
426 253
426 280
426 287
426 322
426 323
426 332
426 333
426 335
426 339
426 345
426 367
426 368
426 369
426 374
426 396
426 402
426 409
426 417
427 22
427 101
427 128
427 149
427 168
427 185
427 193
427 195
427 233
427 268
427 293
427 331
427 338
427 342
427 354
427 386
427 390
427 394
428 5
428 11
428 18
428 37
428 44
428 59
428 60
428 70
428 94
428 119
428 122
428 126
428 127
428 144
428 146
428 157
428 166
428 183
428 198
428 237
428 242
428 265
428 300
428 362
428 389
428 404
428 424
429 15
429 18
429 20
429 27
429 31
429 34
429 42
429 56
429 58
429 60
429 78
429 80
429 88
429 92
429 101
429 110
429 112
429 113
429 115
429 133
429 135
429 141
429 149
429 150
429 161
429 175
429 176
429 181
429 194
429 197
429 211
429 223
429 224
429 241
429 257
429 265
429 269
429 271
429 277
429 278
429 280
429 283
429 285
429 292
429 297
429 301
429 309
429 311
429 313
429 314
429 320
429 322
429 323
429 332
429 345
429 346
429 353
429 356
429 362
429 364
429 367
429 368
429 372
429 374
429 377
429 393
429 400
429 402
429 412
429 419
429 420
429 424
429 426
430 25
430 57
430 73
430 94
430 103
430 109
430 112
430 164
430 221
430 246
430 271
430 289
430 316
430 389
430 414
430 423
431 5
431 11
431 15
431 18
431 37
431 40
431 59
431 60
431 70
431 94
431 97
431 122
431 126
431 127
431 140
431 146
431 157
431 166
431 183
431 198
431 242
431 265
431 300
431 389
431 404
431 424
431 428
432 14
432 17
432 18
432 20
432 34
432 51
432 52
432 53
432 54
432 59
432 60
432 64
432 67
432 70
432 74
432 75
432 81
432 84
432 87
432 91
432 114
432 116
432 119
432 121
432 126
432 129
432 131
432 141
432 150
432 152
432 161
432 162
432 163
432 172
432 188
432 194
432 203
432 204
432 205
432 208
432 212
432 236
432 244
432 245
432 246
432 250
432 255
432 297
432 299
432 301
432 303
432 310
432 315
432 316
432 317
432 325
432 335
432 339
432 340
432 341
432 343
432 347
432 348
432 358
432 365
432 368
432 373
432 380
432 381
432 398
432 399
432 402
432 408
432 411
432 413
432 421
432 423
433 6
433 18
433 31
433 34
433 60
433 62
433 67
433 69
433 78
433 88
433 89
433 101
433 112
433 115
433 119
433 123
433 155
433 156
433 160
433 190
433 194
433 212
433 223
433 224
433 226
433 238
433 239
433 240
433 241
433 246
433 249
433 257
433 272
433 276
433 280
433 292
433 297
433 305
433 311
433 314
433 324
433 328
433 332
433 346
433 360
433 373
433 377
433 392
433 397
433 400
433 417
433 421
433 429
434 15
434 18
434 21
434 27
434 30
434 36
434 40
434 42
434 43
434 50
434 54
434 56
434 58
434 60
434 62
434 71
434 75
434 76
434 82
434 88
434 100
434 102
434 110
434 120
434 121
434 124
434 125
434 126
434 129
434 132
434 133
434 141
434 150
434 152
434 155
434 161
434 162
434 163
434 175
434 188
434 191
434 194
434 207
434 219
434 236
434 239
434 245
434 253
434 255
434 262
434 266
434 268
434 270
434 286
434 297
434 303
434 311
434 317
434 322
434 323
434 331
434 339
434 345
434 348
434 365
434 367
434 368
434 374
434 377
434 381
434 389
434 399
434 402
434 403
434 408
434 410
434 413
434 416
434 423
434 426
434 429
434 432
435 1
435 26
435 78
435 94
435 158
435 253
435 267
435 271
435 287
435 344
435 367
435 376
435 401
435 426
436 170
436 195
436 202
436 227
436 252
436 327
436 395
437 1
437 21
437 53
437 78
437 89
437 94
437 103
437 128
437 146
437 148
437 178
437 219
437 246
437 271
437 280
437 323
437 339
437 355
437 367
437 371
437 382
437 435
438 4
438 5
438 11
438 18
438 37
438 59
438 60
438 70
438 94
438 122
438 126
438 127
438 146
438 157
438 166
438 183
438 198
438 242
438 265
438 300
438 322
438 354
438 389
438 404
438 424
438 428
438 431
439 3
439 12
439 25
439 32
439 35
439 41
439 42
439 52
439 72
439 73
439 86
439 109
439 115
439 131
439 133
439 138
439 141
439 143
439 163
439 170
439 173
439 174
439 176
439 200
439 204
439 205
439 207
439 254
439 255
439 305
439 327
439 331
439 341
439 355
439 359
439 368
439 371
439 382
439 386
439 390
439 397
439 398
439 400
439 409
439 420
440 2
440 4
440 7
440 8
440 24
440 30
440 36
440 42
440 45
440 46
440 49
440 52
440 53
440 56
440 63
440 67
440 72
440 80
440 81
440 88
440 91
440 93
440 97
440 104
440 106
440 110
440 113
440 114
440 120
440 123
440 133
440 134
440 135
440 137
440 141
440 147
440 149
440 156
440 158
440 161
440 164
440 175
440 180
440 181
440 197
440 211
440 244
440 245
440 248
440 249
440 271
440 274
440 277
440 301
440 308
440 309
440 316
440 317
440 321
440 322
440 323
440 326
440 332
440 337
440 338
440 345
440 353
440 360
440 362
440 364
440 374
440 375
440 382
440 393
440 404
440 419
440 425
440 429
441 7
441 12
441 14
441 23
441 34
441 214
441 305
441 325
441 350
441 368
441 371
441 398
441 407
441 432
442 18
442 76
442 116
442 200
442 201
442 253
442 258
442 280
442 287
442 308
442 323
442 332
442 333
442 335
442 339
442 369
442 396
442 409
442 426
443 4
443 8
443 17
443 20
443 22
443 23
443 30
443 36
443 46
443 52
443 53
443 67
443 81
443 84
443 87
443 88
443 91
443 114
443 119
443 123
443 134
443 149
443 150
443 154
443 156
443 161
443 163
443 164
443 170
443 172
443 184
443 203
443 204
443 205
443 207
443 208
443 231
443 239
443 244
443 245
443 246
443 250
443 271
443 299
443 301
443 316
443 322
443 335
443 337
443 340
443 360
443 373
443 382
443 388
443 391
443 425
443 432
443 440
444 3
444 10
444 12
444 32
444 35
444 41
444 42
444 72
444 86
444 103
444 133
444 138
444 143
444 170
444 173
444 174
444 176
444 200
444 254
444 305
444 327
444 331
444 360
444 371
444 390
444 409
444 410
444 435
444 439
445 5
445 10
445 18
445 23
445 27
445 30
445 31
445 34
445 43
445 44
445 60
445 62
445 78
445 79
445 88
445 101
445 112
445 115
445 116
445 121
445 164
445 177
445 194
445 196
445 199
445 210
445 211
445 216
445 219
445 223
445 224
445 228
445 233
445 236
445 241
445 242
445 247
445 257
445 261
445 280
445 281
445 284
445 286
445 287
445 290
445 292
445 297
445 298
445 300
445 303
445 304
445 311
445 314
445 332
445 346
445 351
445 359
445 363
445 377
445 389
445 393
445 400
445 407
445 425
445 429
445 433
446 1
446 8
446 30
446 41
446 55
446 56
446 62
446 115
446 119
446 124
446 129
446 137
446 144
446 151
446 155
446 167
446 178
446 183
446 187
446 188
446 207
446 220
446 239
446 255
446 259
446 285
446 297
446 303
446 310
446 325
446 342
446 348
446 349
447 18
447 27
447 30
447 40
447 42
447 50
447 54
447 71
447 76
447 95
447 106
447 120
447 124
447 131
447 132
447 133
447 191
447 219
447 231
447 262
447 286
447 323
447 331
447 389
447 402
447 403
447 410
447 413
447 434
448 37
448 67
448 140
448 141
448 182
448 207
448 210
448 246
448 269
448 289
448 307
448 314
448 324
448 330
448 356
448 364
448 366
448 378
448 380
448 396
448 401
448 408
448 425
449 41
449 48
449 58
449 89
449 97
449 100
449 115
449 140
449 142
449 144
449 154
449 158
449 165
449 170
449 171
449 182
449 190
449 192
449 235
449 247
449 251
449 283
449 331
449 351
449 355
449 362
449 383
449 403
449 406
449 413
450 2
450 16
450 41
450 65
450 66
450 72
450 95
450 109
450 132
450 163
450 179
450 198
450 218
450 249
450 331
450 334
450 389
450 391
450 411
450 416
450 441
25