7 1
7 4
10 3
10 4
11 3
11 8
13 7
13 12
14 2
15 2
16 10
16 15
17 4
17 5
17 14
18 7
18 12
19 7
19 13
19 18
20 8
21 9
21 18
22 10
22 16
22 21
24 2
24 12
25 12
25 24
26 3
26 4
26 9
27 5
27 10
28 1
28 10
28 11
28 27
30 8
30 13
31 9
31 14
31 30
32 3
32 5
32 10
32 15
33 7
34 12
34 22
34 33
35 6
35 8
35 18
37 3
37 5
37 36
38 2
38 9
38 16
38 21
38 22
38 27
38 34
39 12
39 22
40 8
40 13
40 18
40 39
41 5
41 37
42 10
42 15
42 40
43 9
43 11
44 2
44 8
44 13
44 16
44 40
45 7
45 18
46 8
46 12
46 19
46 24
47 8
47 10
47 11
47 14
47 16
47 20
47 43
48 10
48 21
49 6
49 11
49 15
49 16
49 27
50 2
50 7
50 8
50 12
50 14
50 19
50 46
51 8
51 13
51 19
52 18
52 20
52 24
53 6
53 10
53 11
53 16
53 17
53 22
53 49
53 51
54 1
54 6
54 16
54 17
54 22
54 32
55 2
55 7
55 12
55 21
55 22
55 27
56 24
56 25
56 48
56 52
57 18
57 19
57 30
57 50
58 10
58 16
58 24
58 25
58 47
59 21
59 27
59 28
59 55
60 17
60 21
60 23
60 32
61 23
61 27
61 28
61 34
61 52
62 10
62 24
62 30
62 31
62 33
62 34
62 36
62 58
63 20
63 24
63 30
63 35
63 37
63 46
63 55
64 16
64 21
64 22
64 27
64 30
64 37
64 55
65 12
65 22
65 23
65 27
65 34
65 37
65 39
65 42
65 53
65 61
66 2
66 14
66 23
66 27
66 33
66 53
67 8
67 24
67 25
67 29
67 30
67 33
67 35
67 38
67 58
68 15
68 25
68 36
68 37
68 40
68 42
68 64
69 3
69 26
69 30
69 31
70 42
70 61
70 63
71 2
71 28
71 33
71 34
71 38
71 39
71 40
71 43
71 45
71 48
71 54
72 6
72 11
72 30
72 33
73 16
73 30
73 35
73 40
73 41
73 45
73 50
73 64
74 5
74 17
74 32
74 37
74 41
74 46
74 47
74 48
74 51
74 56
74 72
75 9
75 14
75 28
75 36
75 38
75 43
75 47
75 52
75 57
76 38
76 44
76 53
76 58
76 67
77 8
77 10
77 13
77 19
77 30
77 35
77 40
77 44
77 49
77 51
78 11
78 12
78 17
78 31
78 35
78 39
78 41
78 50
78 55
78 60
79 37
79 51
79 56
79 66
79 70
80 11
80 33
80 43
80 52
80 54
80 57
81 15
81 20
81 34
81 42
81 44
81 48
81 68
82 8
82 18
82 20
82 40
82 44
82 59
82 64
82 73
83 1
83 7
83 14
83 32
83 57
83 60
83 70
84 18
84 23
84 45
84 56
84 62
84 71
85 11
85 38
85 43
85 48
85 52
85 53
85 57
85 62
85 67
85 76
85 78
86 17
86 18
86 42
86 53
86 54
86 60
86 65
86 68
87 9
87 24
87 26
87 48
87 50
87 54
87 58
87 64
87 73
87 75
88 14
88 17
88 46
88 51
88 60
88 65
88 79
89 6
89 20
89 42
89 45
89 47
89 63
89 68
89 76
89 81
90 29
90 48
90 67
90 76
90 82
91 17
91 18
91 63
91 68
91 78
91 82
91 83
92 23
92 38
92 40
92 45
92 48
92 50
92 66
92 71
92 74
92 84
93 17
93 32
93 37
93 54
93 57
93 75
93 79
93 80
93 85
94 20
94 36
94 42
94 52
94 71
94 81
95 17
95 37
95 43
95 48
95 51
95 53
95 72
95 74
95 77
95 82
96 8
96 13
96 34
96 35
96 40
96 44
96 49
96 54
96 73
96 78
96 82
96 88
96 94
97 1
97 4
97 18
97 23
97 45
97 50
97 54
97 79
97 84
98 31
98 35
98 46
98 54
98 56
98 77
98 80
98 81
98 85
98 90
99 22
99 38
99 43
99 52
99 56
99 57
99 67
99 76
99 85
99 86
100 2
100 3
100 4
100 7
100 26
100 37
100 53
100 82
100 87
100 97
101 24
101 44
101 49
101 57
101 80
101 85
101 93
102 5
102 41
102 46
102 50
102 55
102 60
102 65
102 88
102 95
102 99
103 1
103 7
103 12
103 21
103 29
103 56
104 1
104 2
104 32
104 60
104 83
104 88
104 101
105 1
105 2
105 49
105 53
105 58
105 63
105 82
105 91
105 92
105 97
105 102
106 3
106 8
106 10
106 15
106 32
106 54
106 88
107 9
107 24
107 50
107 53
107 54
107 55
107 63
107 86
107 88
107 91
107 94
107 99
107 104
107 105
108 4
108 5
108 15
108 20
108 52
108 91
108 94
108 95
108 105
109 2
109 6
109 13
109 18
109 21
109 35
109 46
109 62
109 67
109 71
109 82
109 91
109 96
109 102
110 1
110 2
110 7
110 17
110 23
110 53
110 63
110 66
110 89
110 92
110 94
110 97
110 107
111 7
111 32
111 55
111 60
111 88
111 97
111 98
112 4
112 5
112 16
112 21
112 24
112 38
112 55
112 65
112 104
112 108
113 4
113 10
113 20
113 21
113 25
113 69
113 81
113 82
113 94
113 97
113 100
114 2
114 7
114 10
114 16
114 21
114 22
114 26
114 35
114 47
114 52
114 57
114 58
114 62
114 67
114 76
114 100
115 2
115 7
115 13
115 17
115 22
115 24
115 41
115 58
115 62
115 66
115 68
115 107
115 112
115 113
116 4
116 7
116 13
116 23
116 28
116 29
116 33
116 59
116 72
116 97
116 100
116 103
116 114
117 4
117 10
117 18
117 38
117 55
117 60
117 61
117 66
117 99
117 103
117 109
118 25
118 27
118 30
118 35
118 44
118 69
118 71
118 100
118 101
118 105
119 10
119 16
119 21
119 62
119 72
119 82
119 100
119 103
120 3
120 13
120 27
120 41
120 42
120 58
120 69
120 112
120 113
121 9
121 13
121 23
121 30
121 33
121 34
121 35
121 38
121 64
121 69
121 72
121 108
122 13
122 15
122 23
122 29
122 48
122 58
122 60
122 74
122 79
122 103
122 106
122 115
122 120
123 2
123 11
123 16
123 30
123 35
123 40
123 44
123 45
123 55
123 57
123 67
123 72
123 116
123 120
123 121
124 7
124 22
124 26
124 33
124 36
124 38
124 41
124 62
124 67
124 72
124 75
124 76
124 92
124 116
125 3
125 16
125 18
125 32
125 37
125 42
125 53
125 63
125 73
125 106
125 109
125 117
125 118
126 14
126 19
126 28
126 38
126 43
126 47
126 64
126 73
126 74
126 75
126 124
127 34
127 36
127 41
127 78
127 120
128 2
128 6
128 11
128 19
128 35
128 37
128 40
128 50
128 67
128 71
128 76
128 86
128 109
128 112
128 117
128 120
128 125
128 126
129 7
129 12
129 22
129 41
129 46
129 50
129 51
129 78
129 97
129 127
130 8
130 22
130 37
130 39
130 44
130 52
130 77
130 78
130 81
130 123
130 127
130 128
131 5
131 14
131 22
131 48
131 53
131 58
131 74
131 108
131 112
131 120
131 129
132 4
132 10
132 29
132 39
132 44
132 53
132 54
132 65
132 81
132 130
133 11
133 21
133 32
133 40
133 42
133 47
133 60
133 66
133 84
133 106
133 111
133 121
133 126
134 8
134 13
134 25
134 51
134 67
134 71
134 72
134 77
134 106
134 107
134 115
134 118
134 122
134 123
135 13
135 23
135 52
135 56
135 62
135 67
135 78
135 81
135 84
135 89
135 128
136 14
136 19
136 22
136 24
136 38
136 50
136 58
136 69
136 79
136 87
136 103
136 112
136 113
136 124
136 129
137 11
137 15
137 16
137 20
137 28
137 29
137 39
137 44
137 53
137 73
137 75
137 84
137 118
137 125
137 126
137 130
137 135
138 16
138 21
138 26
138 37
138 51
138 56
138 59
138 76
138 81
138 84
138 87
138 92
138 126
138 135
138 136
138 137
139 7
139 12
139 17
139 22
139 25
139 51
139 53
139 71
139 82
139 90
139 115
139 122
139 131
140 13
140 14
140 18
140 19
140 31
140 43
140 56
140 57
140 67
140 72
140 78
140 121
140 129
140 138
141 53
141 62
141 63
141 78
141 83
141 84
141 87
141 90
141 95
141 129
141 134
141 139
142 15
142 24
142 25
142 28
142 54
142 56
142 61
142 70
142 85
142 93
142 118
142 125
142 135
143 16
143 17
143 22
143 25
143 59
143 60
143 65
143 70
143 75
143 132
143 136
143 137
144 76
144 82
144 87
144 90
144 93
144 98
144 127
144 142
145 23
145 31
145 59
145 62
145 64
145 83
145 88
145 121
145 133
145 138
145 143
146 13
146 19
146 24
146 25
146 29
146 54
146 58
146 62
146 73
146 78
146 79
146 84
146 98
146 103
146 118
146 128
146 129
146 135
146 140
146 144
147 3
147 19
147 20
147 25
147 30
147 85
147 90
147 93
147 99
147 101
147 104
147 140
147 144
148 2
148 31
148 34
148 51
148 62
148 65
148 67
148 70
148 76
148 80
148 105
148 110
148 124
148 136
148 141
148 145
148 146
149 28
149 37
149 51
149 65
149 76
149 77
149 81
149 102
149 132
149 138
149 143
150 6
150 23
150 28
150 67
150 82
150 83
150 96
150 104
150 143
151 14
151 37
151 38
151 63
151 65
151 70
151 73
151 84
151 88
151 127
151 128
151 139
151 144
152 8
152 31
152 35
152 36
152 68
152 79
152 80
152 90
152 98
152 139
152 140
152 141
152 146
153 9
153 21
153 22
153 31
153 71
153 75
153 76
153 85
153 90
153 99
153 107
153 112
153 136
153 141
153 146
153 147
154 21
154 22
154 37
154 40
154 41
154 68
154 73
154 76
154 82
154 130
154 151
155 23
155 33
155 34
155 39
155 71
155 77
155 83
155 88
155 143
155 149
155 152
156 3
156 8
156 12
156 29
156 34
156 59
156 69
156 78
156 79
156 88
156 102
156 110
156 113
156 115
156 128
156 149
157 30
157 43
157 45
157 48
157 58
157 76
157 89
157 94
157 104
157 133
157 140
157 145
158 10
158 17
158 26
158 35
158 37
158 42
158 74
158 80
158 85
158 86
158 95
158 106
158 142
158 152
159 1
159 3
159 6
159 15
159 27
159 37
159 86
159 87
159 96
159 105
159 113
159 118
159 142
159 156
160 28
160 33
160 37
160 46
160 79
160 82
160 92
160 93
160 102
160 136
160 143
160 148
161 3
161 12
161 18
161 29
161 34
161 39
161 40
161 45
161 73
161 77
161 94
161 99
161 143
161 149
161 155
161 159
162 4
162 6
162 11
162 14
162 18
162 23
162 30
162 35
162 40
162 43
162 54
162 73
162 75
162 89
162 94
162 95
162 108
162 116
162 121
162 133
162 145
162 154
163 5
163 20
163 31
163 36
163 49
163 74
163 82
163 87
163 90
163 105
163 139
163 140
163 141
164 1
164 15
164 16
164 17
164 43
164 48
164 71
164 80
164 87
164 92
164 105
164 106
164 137
164 158
164 163
165 9
165 14
165 17
165 21
165 22
165 33
165 38
165 47
165 62
165 67
165 72
165 88
165 93
165 107
165 111
165 112
165 124
165 136
165 143
165 148
165 153
166 8
166 39
166 52
166 77
166 85
166 89
166 90
166 98
166 99
166 108
166 142
166 144
166 149
166 153
166 158
167 8
167 9
167 14
167 18
167 20
167 30
167 51
167 74
167 83
167 90
167 94
167 95
167 99
167 108
167 145
167 148
167 150
167 155
167 161
167 166
168 5
168 10
168 12
168 16
168 17
168 21
168 22
168 24
168 25
168 26
168 49
168 71
168 91
168 96
168 100
168 101
168 105
168 114
168 115
168 127
168 139
169 6
169 11
169 21
169 26
169 37
169 80
169 88
169 93
169 101
169 102
169 111
169 112
169 156
169 157
170 12
170 17
170 21
170 22
170 27
170 33
170 48
170 54
170 88
170 93
170 107
170 111
170 112
170 123
170 132
170 133
170 142
170 153
170 158
170 164
170 169
171 8
171 13
171 15
171 18
171 20
171 39
171 52
171 103
171 104
171 113
171 119
171 130
171 135
171 142
171 159
172 13
172 19
172 24
172 34
172 40
172 83
172 89
172 90
172 91
172 96
172 99
172 100
172 109
172 114
172 144
172 158
173 15
173 24
173 30
173 57
173 61
173 62
173 75
173 76
173 96
173 105
173 114
173 115
173 121
173 161
173 162
173 167
173 172
174 16
174 23
174 31
174 36
174 42
174 86
174 97
174 102
174 121
174 133
174 138
174 145
174 146
174 147
174 152
174 157
174 162
174 167
175 22
175 27
175 37
175 38
175 57
175 72
175 78
175 86
175 99
175 103
175 107
175 117
175 122
175 127
175 153
175 158
176 18
176 23
176 27
176 33
176 38
176 60
176 65
176 94
176 99
176 117
176 123
176 143
176 149
176 163
176 164
176 175
177 19
177 26
177 29
177 34
177 40
177 53
177 58
177 65
177 94
177 95
177 100
177 105
177 114
177 119
177 129
177 136
177 141
177 148
177 154
177 160
177 168
177 170
178 11
178 40
178 41
178 51
178 89
178 96
178 101
178 102
178 105
178 130
178 161
178 166
179 26
179 30
179 31
179 46
179 62
179 63
179 68
179 87
179 116
179 120
179 121
179 126
179 131
179 152
179 157
179 162
179 178
180 29
180 32
180 37
180 38
180 47
180 48
180 61
180 67
180 93
180 122
180 127
180 132
180 137
180 139
180 144
180 151
180 162
180 163
181 2
181 33
181 38
181 44
181 48
181 49
181 53
181 54
181 74
181 84
181 88
181 92
181 99
181 104
181 105
181 118
181 123
181 138
181 148
181 158
181 164
182 29
182 33
182 44
182 45
182 49
182 50
182 55
182 64
182 66
182 71
182 100
182 105
182 110
182 119
182 123
182 139
182 170
182 181
183 12
183 32
183 35
183 37
183 41
183 45
183 64
183 130
183 140
183 142
183 147
183 151
183 154
183 166
183 182
184 5
184 17
184 46
184 47
184 71
184 92
184 95
184 97
184 108
184 112
184 113
184 121
184 131
184 136
184 141
184 162
185 13
185 32
185 36
185 47
185 48
185 52
185 53
185 74
185 98
185 103
185 122
185 126
185 127
185 132
185 133
185 137
185 163
185 184
186 2
186 3
186 13
186 24
186 33
186 35
186 40
186 44
186 49
186 53
186 67
186 92
186 93
186 109
186 114
186 128
186 138
186 143
186 150
186 159
186 164
186 169
186 182
187 1
187 8
187 33
187 44
187 45
187 49
187 50
187 98
187 110
187 111
187 116
187 139
187 149
187 170
188 35
188 39
188 40
188 46
188 51
188 55
188 56
188 64
188 72
188 77
188 129
188 135
188 140
188 154
188 156
188 161
188 166
188 187
189 5
189 38
189 41
189 43
189 51
189 70
189 71
189 95
189 102
189 136
189 146
189 151
189 153
189 160
189 185
190 3
190 4
190 11
190 36
190 48
190 52
190 101
190 113
190 114
190 119
190 126
190 132
190 142
190 147
190 152
190 158
190 163
191 3
191 24
191 42
191 43
191 54
191 59
191 63
191 67
191 80
191 104
191 132
191 133
191 143
191 153
191 157
191 159
191 164
191 169
192 8
192 20
192 41
192 46
192 49
192 50
192 55
192 59
192 64
192 90
192 98
192 103
192 105
192 119
192 139
192 156
192 163
192 188
193 7
193 12
193 14
193 39
193 41
193 56
193 60
193 65
193 67
193 97
193 116
193 117
193 121
193 122
193 129
193 135
193 145
193 150
193 155
193 161
193 166
193 171
193 191
194 51
194 57
194 66
194 70
194 83
194 88
194 107
194 141
194 151
194 152
194 156
194 160
194 162
194 172
194 192
195 3
195 11
195 44
195 47
195 48
195 49
195 53
195 62
195 72
195 101
195 103
195 118
195 128
195 137
195 147
195 159
195 164
195 191
196 4
196 10
196 15
196 42
196 49
196 58
196 64
196 109
196 114
196 125
196 132
196 133
196 143
196 158
196 164
196 174
197 19
197 50
197 55
197 64
197 65
197 73
197 86
197 91
197 105
197 110
197 128
197 138
197 149
197 159
197 163
197 164
197 175
198 1
198 6
198 14
198 51
198 52
198 55
198 61
198 70
198 75
198 80
198 104
198 106
198 111
198 121
198 150
198 155
198 162
198 165
198 167
198 171
198 194
199 2
199 7
199 13
199 18
199 37
199 45
199 71
199 97
199 102
199 112
199 128
199 135
199 146
199 151
199 156
199 162
199 166
199 167
199 187
200 8
200 58
200 62
200 67
200 76
200 77
200 89
200 94
200 98
200 118
200 157
200 166
200 173
200 178
201 4
201 17
201 54
201 55
201 60
201 63
201 68
201 73
201 78
201 107
201 119
201 159
201 164
201 165
201 170
201 179
201 197
201 199
202 16
202 21
202 48
202 59
202 60
202 64
202 69
202 74
202 89
202 94
202 110
202 115
202 120
202 131
202 136
202 138
202 139
202 145
202 154
202 159
202 165
202 169
202 170
202 195
202 199
203 1
203 6
203 11
203 56
203 66
203 79
203 80
203 90
203 97
203 110
203 111
203 121
203 160
203 165
203 169
203 176
204 12
204 20
204 42
204 58
204 61
204 63
204 71
204 76
204 82
204 86
204 110
204 122
204 151
204 157
204 167
204 168
204 172
204 173
204 200
205 8
205 24
205 51
205 53
205 58
205 63
205 68
205 72
205 77
205 88
205 112
205 118
205 123
205 134
205 139
205 141
205 152
205 168
205 172
205 177
206 4
206 9
206 34
206 38
206 44
206 53
206 59
206 78
206 82
206 83
206 100
206 113
206 119
206 169
206 172
206 173
206 178
206 179
207 18
207 23
207 55
207 59
207 61
207 66
207 85
207 94
207 99
207 113
207 115
207 125
207 138
207 169
207 170
207 175
207 176
207 203
208 6
208 27
208 40
208 54
208 57
208 61
208 65
208 70
208 76
208 80
208 90
208 137
208 142
208 144
208 165
208 170
208 171
208 180
208 191
209 1
209 57
209 76
209 85
209 91
209 103
209 122
209 127
209 171
209 175
209 176
210 3
210 7
210 8
210 13
210 23
210 26
210 28
210 37
210 64
210 68
210 69
210 72
210 87
210 116
210 123
210 128
210 167
210 172
210 177
210 178
210 179
210 182
210 206
211 4
211 14
211 30
211 35
211 57
211 82
211 88
211 138
211 140
211 145
211 147
211 169
211 174
211 179
211 183
212 23
212 53
212 60
212 84
212 88
212 99
212 104
212 106
212 111
212 113
212 115
212 120
212 125
212 169
212 175
212 178
212 180
212 185
212 189
212 199
212 203
213 1
213 5
213 6
213 11
213 29
213 36
213 54
213 72
213 76
213 85
213 90
213 95
213 100
213 119
213 121
213 126
213 144
213 175
213 176
213 182
213 185
213 187
213 209
214 1
214 2
214 6
214 11
214 27
214 33
214 38
214 60
214 67
214 85
214 86
214 91
214 96
214 101
214 122
214 127
214 148
214 150
214 162
214 171
214 175
214 176
214 181
214 187
214 197
215 1
215 7
215 18
215 26
215 82
215 91
215 98
215 102
215 109
215 114
215 116
215 118
215 177
215 178
215 181
215 182
215 183
215 192
215 206
215 213
216 3
216 13
216 19
216 32
216 48
216 53
216 57
216 69
216 74
216 75
216 88
216 93
216 98
216 119
216 122
216 123
216 129
216 138
216 147
216 163
216 173
216 185
216 188
216 190
216 193
216 212
217 5
217 10
217 14
217 15
217 36
217 41
217 70
217 75
217 88
217 94
217 99
217 104
217 124
217 129
217 130
217 151
217 153
217 175
217 178
217 184
217 193
218 2
218 4
218 6
218 10
218 11
218 12
218 15
218 29
218 76
218 80
218 112
218 117
218 119
218 122
218 126
218 132
218 137
218 147
218 150
218 175
218 176
218 180
218 190
218 196
218 209
219 11
219 12
219 16
219 32
219 60
219 67
219 72
219 78
219 82
219 86
219 87
219 91
219 101
219 122
219 150
219 182
219 187
219 188
219 191
219 193
220 1
220 2
220 7
220 8
220 12
220 17
220 18
220 39
220 44
220 63
220 73
220 77
220 78
220 82
220 91
220 123
220 154
220 177
220 181
220 182
220 188
220 198
221 5
221 23
221 32
221 58
221 69
221 74
221 93
221 115
221 120
221 122
221 188
221 189
221 193
221 203
221 212
221 219
222 10
222 14
222 15
222 34
222 63
222 64
222 65
222 70
222 75
222 81
222 86
222 95
222 105
222 153
222 164
222 174
222 184
222 185
222 196
222 199
223 4
223 6
223 10
223 15
223 16
223 21
223 25
223 42
223 47
223 55
223 71
223 90
223 92
223 94
223 100
223 110
223 122
223 126
223 157
223 162
223 180
223 184
223 185
223 191
223 195
223 202
223 206
224 6
224 8
224 11
224 13
224 16
224 21
224 22
224 35
224 47
224 51
224 72
224 77
224 97
224 111
224 116
224 123
224 125
224 127
224 137
224 152
224 186
224 192
224 206
224 207
224 215
225 7
225 8
225 18
225 22
225 66
225 72
225 78
225 84
225 89
225 102
225 117
225 123
225 127
225 128
225 156
225 183
225 188
225 192
225 193
225 199
225 202
226 7
226 14
226 19
226 23
226 49
226 50
226 58
226 74
226 97
226 113
226 118
226 129
226 134
226 160
226 165
226 179
226 184
226 187
226 188
226 198
226 208
227 9
227 11
227 16
227 19
227 20
227 29
227 38
227 75
227 80
227 114
227 119
227 126
227 128
227 138
227 178
227 185
227 204
227 209
227 214
227 218
228 10
228 15
228 16
228 20
228 21
228 30
228 31
228 35
228 69
228 77
228 87
228 92
228 110
228 115
228 121
228 122
228 130
228 136
228 147
228 159
228 161
228 185
228 186
228 195
228 200
228 202
229 10
229 11
229 16
229 21
229 22
229 26
229 36
229 53
229 77
229 87
229 100
229 116
229 121
229 132
229 137
229 147
229 162
229 163
229 168
229 182
229 190
229 192
229 206
229 211
229 217
230 14
230 18
230 19
230 22
230 23
230 28
230 32
230 37
230 41
230 73
230 78
230 92
230 107
230 122
230 127
230 129
230 131
230 138
230 167
230 183
230 188
230 192
230 193
230 197
230 198
230 202
230 207
230 217
230 221
231 19
231 23
231 24
231 28
231 33
231 63
231 72
231 74
231 84
231 88
231 90
231 94
231 95
231 108
231 118
231 123
231 124
231 134
231 144
231 162
231 184
231 194
231 203
231 205
231 208
231 218
232 13
232 20
232 24
232 25
232 34
232 39
232 56
232 69
232 85
232 103
232 114
232 119
232 129
232 130
232 135
232 140
232 159
232 166
232 171
232 173
232 193
232 195
232 204
232 205
232 219
233 16
233 20
233 21
233 22
233 32
233 40
233 44
233 51
233 76
233 105
233 110
233 120
233 132
233 134
233 137
233 170
233 171
233 185
233 196
233 200
233 205
233 215
233 224
233 225
233 232
234 17
234 21
234 22
234 31
234 36
234 41
234 67
234 75
234 87
234 93
234 98
234 111
234 116
234 121
234 132
234 137
234 142
234 152
234 162
234 165
234 208
234 213
234 216
234 217
234 221
235 16
235 18
235 27
235 28
235 37
235 42
235 59
235 64
235 83
235 106
235 132
235 133
235 143
235 172
235 174
235 196
235 198
235 207
235 221
235 222
236 19
236 25
236 28
236 38
236 47
236 68
236 72
236 74
236 79
236 118
236 123
236 134
236 135
236 137
236 138
236 140
236 144
236 188
236 194
236 203
236 209
236 213
236 218
236 227
237 13
237 14
237 20
237 24
237 25
237 34
237 39
237 49
237 78
237 80
237 85
237 93
237 101
237 124
237 135
237 140
237 144
237 145
237 168
237 169
237 190
237 195
237 204
237 211
237 214
237 216
237 224
238 7
238 19
238 21
238 25
238 44
238 50
238 55
238 62
238 67
238 76
238 109
238 116
238 120
238 130
238 134
238 135
238 141
238 146
238 177
238 191
238 199
238 201
238 205
238 215
238 224
238 226
239 1
239 28
239 31
239 32
239 41
239 50
239 75
239 77
239 87
239 121
239 131
239 136
239 137
239 138
239 140
239 141
239 143
239 165
239 197
239 202
239 207
239 211
239 216
239 217
239 221
239 226
239 230
239 236
240 2
240 16
240 23
240 28
240 42
240 52
240 81
240 104
240 106
240 127
240 132
240 133
240 138
240 143
240 168
240 171
240 196
240 198
240 203
240 207
240 214
240 219
240 222
240 227
241 22
241 23
241 24
241 29
241 38
241 47
241 65
241 70
241 84
241 89
241 112
241 123
241 133
241 134
241 137
241 138
241 144
241 148
241 173
241 178
241 180
241 189
241 199
241 202
241 208
241 213
241 218
241 224
241 227
241 228
241 233
241 238
242 30
242 31
242 34
242 39
242 49
242 53
242 78
242 98
242 105
242 120
242 123
242 135
242 143
242 144
242 145
242 146
242 168
242 189
242 224
242 234
243 19
243 21
243 27
243 31
243 37
243 45
243 55
243 71
243 81
243 84
243 102
243 107
243 109
243 111
243 112
243 116
243 130
243 146
243 196
243 199
243 217
243 222
243 225
243 235
244 41
244 50
244 56
244 72
244 73
244 82
244 92
244 107
244 131
244 136
244 140
244 141
244 183
244 188
244 192
244 197
244 202
244 230
244 231
244 236
245 33
245 34
245 37
245 39
245 42
245 48
245 62
245 81
245 138
245 142
245 149
245 171
245 193
245 203
245 217
245 227
245 232
245 237
245 242
245 243
246 22
246 24
246 29
246 34
246 43
246 84
246 89
246 94
246 110
246 112
246 115
246 133
246 138
246 139
246 148
246 159
246 174
246 199
246 202
246 218
246 225
246 228
246 233
246 238
247 25
247 30
247 33
247 35
247 53
247 76
247 85
247 95
247 129
247 134
247 140
247 143
247 149
247 164
247 184
247 186
247 191
247 200
247 209
247 213
247 224
247 233
247 244
248 37
248 42
248 45
248 46
248 50
248 60
248 65
248 71
248 81
248 84
248 86
248 92
248 107
248 115
248 117
248 130
248 145
248 146
248 152
248 155
248 174
248 176
248 211
248 212
248 235
248 245
249 3
249 25
249 46
249 51
249 113
249 115
249 118
249 122
249 136
249 137
249 141
249 146
249 197
249 205
249 206
249 207
249 228
249 236
249 241
250 28
250 33
250 56
250 57
250 62
250 79
250 83
250 93
250 137
250 138
250 142
250 146
250 147
250 148
250 152
250 189
250 194
250 198
250 203
250 208
250 236
250 242
250 247
251 18
251 34
251 39
251 40
251 45
251 48
251 87
251 88
251 89
251 94
251 143
251 144
251 149
251 153
251 154
251 155
251 177
251 183
251 188
251 233
252 6
252 9
252 11
252 28
252 30
252 40
252 59
252 100
252 110
252 116
252 118
252 121
252 123
252 139
252 140
252 144
252 145
252 150
252 208
252 210
252 229
252 231
252 236
252 239
253 16
253 31
253 59
253 65
253 75
253 82
253 87
253 91
253 95
253 96
253 110
253 112
253 140
253 141
253 145
253 146
253 149
253 150
253 192
253 197
253 200
253 206
253 211
253 239
253 240
253 246
253 250
254 32
254 37
254 41
254 48
254 61
254 67
254 90
254 142
254 152
254 156
254 158
254 163
254 172
254 180
254 207
254 251
255 9
255 14
255 31
255 33
255 62
255 67
255 72
255 77
255 93
255 98
255 119
255 121
255 124
255 133
255 142
255 152
255 157
255 198
255 211
255 213
255 234
255 239
255 247
255 252
256 34
256 39
256 53
256 58
256 62
256 63
256 68
256 73
256 85
256 89
256 90
256 94
256 148
256 149
256 152
256 154
256 168
256 178
256 179
256 200
256 228
256 238
256 239
256 242
256 253
257 3
257 35
257 39
257 51
257 59
257 74
257 79
257 89
257 90
257 93
257 150
257 159
257 161
257 166
257 183
257 193
257 205
257 215
257 249
257 254
258 6
258 11
258 12
258 26
258 31
258 34
258 36
258 41
258 51
258 65
258 92
258 96
258 124
258 127
258 146
258 150
258 151
258 162
258 165
258 167
258 185
258 206
258 214
258 237
258 240
258 242
258 245
258 256
259 42
259 61
259 62
259 65
259 66
259 76
259 88
259 93
259 102
259 112
259 151
259 155
259 161
259 166
259 203
259 241
259 245
259 251
259 256
260 6
260 38
260 54
260 82
260 87
260 93
260 96
260 117
260 127
260 153
260 158
260 162
260 164
260 167
260 169
260 186
260 208
260 211
260 228
260 247
261 15
261 20
261 33
261 34
261 37
261 59
261 62
261 68
261 73
261 94
261 127
261 128
261 130
261 138
261 149
261 152
261 154
261 168
261 184
261 214
261 217
261 240
261 242
261 243
261 245
261 248
261 253
261 258
262 3
262 49
262 64
262 68
262 74
262 80
262 91
262 96
262 105
262 108
262 158
262 164
262 174
262 183
262 206
262 210
262 248
262 249
262 254
262 258
263 9
263 21
263 26
263 34
263 57
263 62
263 70
263 71
263 75
263 85
263 86
263 87
263 90
263 99
263 105
263 106
263 112
263 124
263 155
263 161
263 167
263 170
263 172
263 175
263 189
263 197
263 201
263 206
263 212
263 214
263 237
263 245
263 255
264 1
264 12
264 18
264 23
264 40
264 47
264 57
264 65
264 71
264 91
264 97
264 102
264 107
264 126
264 130
264 133
264 138
264 152
264 155
264 212
264 220
264 226
264 243
264 245
264 248
265 6
265 71
265 87
265 88
265 92
265 96
265 99
265 118
265 122
265 153
265 158
265 161
265 186
265 193
265 208
265 209
265 214
265 251
265 252
265 257
266 12
266 37
266 44
266 49
266 60
266 65
266 73
266 78
266 83
266 88
266 93
266 99
266 102
266 104
266 127
266 153
266 154
266 168
266 173
266 175
266 192
266 217
266 218
266 258
267 4
267 8
267 26
267 39
267 43
267 44
267 58
267 63
267 68
267 105
267 133
267 134
267 136
267 141
267 149
267 155
267 158
267 165
267 169
267 174
267 179
267 184
267 205
267 210
267 220
267 223
267 248
267 251
267 254
267 259
268 5
268 9
268 46
268 85
268 90
268 95
268 99
268 100
268 102
268 136
268 164
268 165
268 166
268 189
268 206
268 212
268 217
268 254
268 266
269 1
269 37
269 40
269 42
269 62
269 63
269 68
269 76
269 91
269 97
269 105
269 107
269 117
269 127
269 130
269 141
269 152
269 166
269 171
269 176
269 178
269 202
269 220
269 222
269 256
269 261
270 7
270 28
270 29
270 38
270 43
270 71
270 87
270 139
270 144
270 153
270 158
270 161
270 163
270 172
270 177
270 182
270 208
270 213
270 251
270 254
271 3
271 8
271 12
271 18
271 64
271 69
271 78
271 88
271 98
271 99
271 102
271 105
271 109
271 154
271 164
271 168
271 178
271 183
271 188
271 192
271 215
271 220
271 224
271 263
271 264
271 268
271 269
272 14
272 15
272 33
272 38
272 39
272 40
272 43
272 44
272 45
272 49
272 53
272 55
272 66
272 71
272 79
272 89
272 94
272 95
272 105
272 110
272 133
272 143
272 148
272 155
272 160
272 169
272 174
272 178
272 181
272 184
272 186
272 189
272 199
272 203
272 210
272 214
272 215
272 223
272 243
272 259
272 264
272 269
273 5
273 10
273 15
273 30
273 32
273 37
273 41
273 46
273 74
273 80
273 90
273 95
273 100
273 101
273 105
273 142
273 147
273 151
273 164
273 175
273 176
273 190
273 211
273 237
273 254
273 257
273 266
273 271
274 6
274 11
274 15
274 16
274 42
274 57
274 91
274 96
274 102
274 105
274 106
274 107
274 108
274 113
274 121
274 157
274 162
274 167
274 171
274 191
274 195
274 196
274 197
274 202
274 216
274 222
274 223
274 232
274 262
274 272
275 2
275 12
275 17
275 46
275 48
275 53
275 69
275 74
275 88
275 92
275 98
275 102
275 103
275 136
275 153
275 158
275 163
275 177
275 182
275 184
275 189
275 192
275 218
275 223
275 226
275 227
275 268
275 272
275 273
276 8
276 13
276 23
276 35
276 38
276 40
276 49
276 54
276 63
276 77
276 79
276 88
276 98
276 104
276 108
276 134
276 150
276 163
276 164
276 167
276 178
276 188
276 198
276 224
276 257
276 260
276 265
276 274
277 1
277 14
277 18
277 19
277 50
277 55
277 84
277 85
277 88
277 99
277 105
277 108
277 110
277 111
277 116
277 140
277 160
277 165
277 169
277 170
277 179
277 198
277 199
277 204
277 220
277 225
277 226
277 274
278 5
278 10
278 15
278 16
278 49
278 77
278 80
278 85
278 90
278 95
278 100
278 101
278 105
278 111
278 139
278 151
278 182
278 185
278 187
278 190
278 192
278 195
278 226
278 229
278 255
278 275
278 276
279 1
279 21
279 22
279 38
279 42
279 43
279 52
279 80
279 92
279 97
279 102
279 106
279 107
279 112
279 153
279 170
279 196
279 201
279 212
279 222
279 260
279 263
279 268
279 271
279 276
279 277
280 4
280 17
280 21
280 22
280 53
280 77
280 103
280 111
280 113
280 114
280 119
280 168
280 192
280 197
280 201
280 202
280 213
280 229
280 277
280 278
281 8
281 43
281 52
281 80
281 85
281 104
281 108
281 114
281 142
281 159
281 164
281 173
281 188
281 190
281 195
281 198
281 229
281 232
281 253
281 273
281 274
281 278
281 279
282 4
282 9
282 10
282 34
282 41
282 46
282 55
282 83
282 105
282 109
282 113
282 115
282 119
282 156
282 161
282 165
282 170
282 173
282 199
282 204
282 213
282 230
282 244
282 263
282 266
282 271
282 274
282 280
283 7
283 12
283 15
283 21
283 22
283 24
283 25
283 60
283 82
283 105
283 107
283 110
283 114
283 115
283 116
283 120
283 122
283 161
283 185
283 204
283 205
283 210
283 216
283 232
283 237
283 276
283 280
284 21
284 22
284 27
284 52
284 55
284 57
284 83
284 88
284 111
284 112
284 131
284 145
284 162
284 167
284 172
284 198
284 206
284 211
284 222
284 226
284 235
284 251
284 277
284 282
285 12
285 17
285 49
285 63
285 68
285 86
285 93
285 103
285 108
285 113
285 117
285 159
285 163
285 164
285 173
285 176
285 201
285 202
285 207
285 218
285 223
285 228
285 266
285 273
285 274
285 277
285 278
286 4
286 10
286 15
286 18
286 23
286 27
286 28
286 38
286 48
286 52
286 59
286 83
286 99
286 108
286 109
286 113
286 117
286 118
286 125
286 128
286 142
286 143
286 164
286 169
286 174
286 203
286 207
286 235
286 240
286 243
286 254
286 273
286 274
286 279
286 284
287 5
287 19
287 24
287 29
287 33
287 50
287 58
287 60
287 68
287 83
287 86
287 91
287 104
287 109
287 124
287 148
287 149
287 165
287 175
287 184
287 199
287 201
287 220
287 230
287 238
287 239
287 244
287 253
287 263
287 264
287 275
287 284
288 1
288 6
288 20
288 24
288 30
288 35
288 37
288 46
288 51
288 52
288 56
288 61
288 89
288 101
288 105
288 110
288 114
288 115
288 120
288 121
288 125
288 130
288 131
288 147
288 160
288 162
288 167
288 179
288 186
288 192
288 195
288 204
288 205
288 207
288 221
288 226
288 261
288 269
288 276
288 277
288 281
288 286
289 7
289 13
289 18
289 27
289 30
289 31
289 37
289 52
289 55
289 76
289 111
289 116
289 120
289 121
289 126
289 128
289 145
289 172
289 177
289 207
289 210
289 211
289 221
289 227
289 235
289 238
289 243
289 277
289 282
289 286
290 3
290 22
290 32
290 42
290 53
290 61
290 63
290 86
290 89
290 94
290 107
290 112
290 113
290 118
290 123
290 151
290 163
290 168
290 173
290 176
290 192
290 202
290 204
290 207
290 217
290 222
290 228
290 233
290 241
290 266
291 2
291 9
291 27
291 28
291 55
291 59
291 64
291 93
291 113
291 114
291 117
291 118
291 123
291 128
291 133
291 164
291 165
291 169
291 170
291 182
291 183
291 207
291 213
291 224
291 272
291 280
291 284
291 285
291 289
292 5
292 16
292 18
292 21
292 24
292 39
292 40
292 44
292 55
292 58
292 60
292 65
292 109
292 110
292 113
292 123
292 131
292 136
292 148
292 165
292 168
292 170
292 174
292 184
292 193
292 213
292 214
292 224
292 229
292 230
292 235
292 238
292 241
292 246
292 269
292 280
292 285
292 290
293 11
293 25
293 30
293 40
293 64
293 76
293 89
293 92
293 97
293 111
293 115
293 121
293 125
293 135
293 171
293 179
293 201
293 205
293 207
293 212
293 221
293 225
293 226
293 230
293 231
293 236
293 244
293 246
293 269
293 286
294 12
294 30
294 31
294 36
294 41
294 46
294 58
294 63
294 112
294 117
294 120
294 121
294 122
294 162
294 168
294 172
294 173
294 177
294 191
294 192
294 210
294 216
294 221
294 226
294 232
294 242
294 266
294 271
294 282
294 283
294 288
294 292
295 8
295 24
295 27
295 32
295 58
295 61
295 67
295 68
295 118
295 122
295 132
295 134
295 139
295 142
295 151
295 173
295 178
295 183
295 198
295 228
295 233
295 238
295 241
295 249
295 278
295 293
296 2
296 33
296 38
296 43
296 64
296 92
296 93
296 98
296 100
296 118
296 124
296 128
296 133
296 138
296 143
296 169
296 178
296 179
296 182
296 199
296 210
296 213
296 215
296 218
296 229
296 234
296 239
296 258
296 272
296 278
296 279
296 284
297 5
297 10
297 25
297 33
297 34
297 44
297 48
297 54
297 55
297 59
297 61
297 66
297 70
297 79
297 93
297 113
297 120
297 123
297 124
297 125
297 139
297 155
297 163
297 169
297 170
297 176
297 200
297 213
297 230
297 235
297 239
297 278
297 280
297 286
297 290
297 291
298 1
298 11
298 27
298 40
298 50
298 55
298 56
298 61
298 64
298 66
298 76
298 105
298 106
298 125
298 126
298 130
298 135
298 137
298 140
298 142
298 154
298 181
298 225
298 231
298 235
298 236
298 244
298 252
299 5
299 7
299 32
299 36
299 41
299 46
299 51
299 56
299 67
299 95
299 103
299 136
299 142
299 147
299 177
299 182
299 185
299 192
299 213
299 216
299 218
299 221
299 227
299 236
299 237
299 247
299 275
299 287
300 36
300 37
300 52
300 57
300 58
300 64
300 68
300 69
300 73
300 93
300 113
300 123
300 126
300 127
300 147
300 179
300 216
300 222
300 227
300 228
300 232
300 238
300 288
300 289
300 294
301 8
301 14
301 30
301 33
301 35
301 43
301 48
301 59
301 63
301 67
301 69
301 83
301 93
301 124
301 133
301 134
301 140
301 145
301 157
301 168
301 184
301 234
301 238
301 239
301 247
301 255
301 284
301 289
301 294
302 5
302 8
302 40
302 44
302 55
302 70
302 79
302 93
302 98
302 104
302 106
302 129
302 134
302 138
302 163
302 175
302 185
302 188
302 189
302 193
302 194
302 216
302 221
302 224
302 225
302 230
302 234
302 239
302 240
302 263
302 278
303 39
303 50
303 66
303 67
303 71
303 72
303 91
303 97
303 120
303 126
303 129
303 135
303 140
303 145
303 150
303 171
303 182
303 186
303 187
303 190
303 196
303 219
303 222
303 226
303 230
303 232
303 235
303 247
303 291
303 292
303 296
303 297
304 12
304 33
304 38
304 41
304 51
304 62
304 70
304 71
304 127
304 141
304 143
304 148
304 151
304 160
304 167
304 177
304 182
304 221
304 241
304 247
304 250
304 258
304 263
304 272
304 287
305 8
305 11
305 18
305 42
305 47
305 68
305 72
305 101
305 109
305 114
305 118
305 123
305 133
305 152
305 173
305 178
305 191
305 219
305 224
305 227
305 232
305 233
305 237
305 238
305 242
305 281
306 14
306 39
306 48
306 58
306 64
306 69
306 74
306 75
306 113
306 119
306 124
306 132
306 138
306 143
306 148
306 153
306 174
306 184
306 185
306 189
306 190
306 199
306 222
306 223
306 228
306 229
306 233
306 243
306 279
306 294
306 299
306 300
307 5
307 36
307 41
307 49
307 54
307 59
307 64
307 69
307 73
307 75
307 105
307 124
307 125
307 139
307 144
307 151
307 154
307 159
307 163
307 169
307 180
307 185
307 200
307 213
307 224
307 229
307 230
307 240
307 244
307 249
307 253
307 261
307 266
307 278
307 294
307 295
307 300
308 2
308 11
308 14
308 31
308 37
308 50
308 55
308 60
308 65
308 100
308 104
308 112
308 117
308 120
308 131
308 140
308 181
308 194
308 212
308 227
308 240
308 241
308 245
308 250
308 261
308 266
308 275
308 284
308 291
308 296
309 22
309 45
309 51
309 66
309 67
309 76
309 78
309 122
309 127
309 135
309 141
309 146
309 188
309 193
309 221
309 225
309 242
309 292
309 302
309 303
310 11
310 18
310 23
310 39
310 43
310 44
310 52
310 57
310 62
310 68
310 72
310 73
310 76
310 101
310 133
310 147
310 154
310 157
310 162
310 166
310 188
310 193
310 213
310 232
310 242
310 243
310 247
310 256
310 264
310 269
310 281
310 298
311 5
311 17
311 28
311 42
311 53
311 69
311 79
311 107
311 113
311 115
311 120
311 129
311 132
311 134
311 143
311 184
311 189
311 197
311 230
311 239
311 244
311 253
311 274
311 283
311 287
311 294
311 304
312 15
312 20
312 48
312 59
312 73
312 81
312 86
312 98
312 130
312 134
312 138
312 159
312 163
312 180
312 185
312 190
312 191
312 195
312 196
312 228
312 238
312 240
312 245
312 290
312 295
312 306
313 14
313 16
313 21
313 22
313 42
313 47
313 55
313 66
313 70
313 71
313 76
313 79
313 81
313 104
313 131
313 141
313 152
313 155
313 157
313 162
313 165
313 169
313 170
313 181
313 194
313 240
313 241
313 245
313 259
313 267
313 272
313 284
313 296
313 302
313 310
314 8
314 12
314 13
314 20
314 22
314 32
314 45
314 67
314 71
314 72
314 76
314 77
314 97
314 110
314 118
314 123
314 127
314 135
314 146
314 151
314 161
314 166
314 171
314 182
314 192
314 200
314 225
314 232
314 233
314 238
314 241
314 246
314 251
314 262
314 290
314 292
315 13
315 23
315 51
315 62
315 73
315 76
315 78
315 82
315 84
315 88
315 89
315 128
315 141
315 166
315 167
315 183
315 199
315 231
315 243
315 256
315 257
315 293
315 309
315 314
316 14
316 17
316 19
316 33
316 50
316 63
316 74
316 78
316 79
316 82
316 88
316 93
316 107
316 124
316 128
316 129
316 153
316 158
316 160
316 163
316 165
316 189
316 197
316 198
316 228
316 239
316 244
316 248
316 249
316 253
316 258
316 262
316 269
316 275
316 279
316 287
316 304
317 11
317 15
317 16
317 25
317 35
317 48
317 49
317 53
317 54
317 68
317 74
317 75
317 95
317 113
317 125
317 126
317 130
317 135
317 138
317 143
317 159
317 169
317 174
317 178
317 180
317 190
317 195
317 203
317 219
317 223
317 228
317 236
317 240
317 241
317 250
317 274
317 285
317 293
317 295
317 305
318 6
318 37
318 54
318 62
318 75
318 76
318 79
318 80
318 81
318 87
318 92
318 130
318 131
318 135
318 137
318 140
318 165
318 169
318 170
318 181
318 186
318 191
318 202
318 234
318 236
318 241
318 245
318 250
318 255
318 256
318 259
318 260
318 261
318 265
318 301
318 312
318 317
319 12
319 20
319 32
319 53
319 66
319 82
319 86
319 107
319 110
319 132
319 137
319 156
319 163
319 168
319 176
319 177
319 192
319 200
319 222
319 247
319 251
319 252
319 266
319 278
319 290
319 297
320 13
320 14
320 18
320 19
320 23
320 51
320 77
320 87
320 88
320 128
320 129
320 141
320 162
320 167
320 172
320 173
320 177
320 182
320 188
320 231
320 239
320 244
320 252
320 257
321 4
321 14
321 19
321 24
321 29
321 64
321 74
321 79
321 82
321 88
321 90
321 95
321 129
321 139
321 163
321 172
321 173
321 178
321 183
321 188
321 205
321 209
321 239
321 244
321 248
321 253
321 262
321 278
321 289
321 293
321 309
321 315
321 320
322 23
322 25
322 48
322 56
322 61
322 74
322 75
322 79
322 80
322 89
322 94
322 113
322 133
322 169
322 171
322 190
322 203
322 240
322 250
322 269
322 274
322 281
322 286
322 293
322 300
322 305
322 315
323 6
323 17
323 22
323 26
323 30
323 31
323 36
323 41
323 54
323 71
323 75
323 76
323 85
323 86
323 90
323 95
323 132
323 144
323 162
323 166
323 170
323 175
323 186
323 217
323 232
323 234
323 242
323 247
323 260
323 265
323 275
323 295
323 301
323 310
323 321
324 6
324 17
324 52
324 57
324 72
324 81
324 82
324 85
324 87
324 93
324 98
324 121
324 132
324 147
324 166
324 175
324 181
324 182
324 186
324 208
324 213
324 232
324 242
324 247
324 257
324 265
324 276
324 312
324 323
325 7
325 17
325 26
325 28
325 59
325 64
325 77
325 78
325 83
325 93
325 97
325 116
325 167
325 172
325 174
325 177
325 182
325 193
325 198
325 206
325 243
325 248
325 257
325 262
325 267
325 284
325 287
325 289
325 296
325 308
326 19
326 25
326 57
326 78
326 89
326 135
326 139
326 140
326 147
326 208
326 218
326 223
326 237
326 250
326 254
326 273
326 278
326 293
326 299
326 304
326 314
327 25
327 40
327 88
327 101
327 135
327 145
327 174
327 178
327 211
327 216
327 219
327 223
327 248
327 259
327 268
327 269
327 279
327 294
327 300
327 305
327 326
328 5
328 10
328 12
328 15
328 29
328 32
328 41
328 46
328 56
328 62
328 67
328 90
328 119
328 142
328 170
328 177
328 180
328 185
328 191
328 192
328 195
328 201
328 209
328 216
328 221
328 270
328 271
328 275
328 280
328 286
328 287
328 292
328 297
328 299
329 6
329 11
329 16
329 28
329 57
329 60
329 72
329 91
329 96
329 101
329 138
329 142
329 143
329 150
329 171
329 176
329 177
329 186
329 197
329 240
329 252
329 253
329 257
329 281
329 317
330 1
330 2
330 33
330 82
330 83
330 87
330 88
330 91
330 102
330 104
330 133
330 157
330 177
330 181
330 197
330 203
330 214
330 219
330 271
330 272
330 303
330 308
330 313
330 329
331 29
331 32
331 34
331 65
331 70
331 79
331 84
331 93
331 103
331 122
331 139
331 163
331 180
331 183
331 188
331 189
331 193
331 199
331 212
331 218
331 223
331 233
331 263
331 290
331 293
331 295
331 302
331 313
331 314
332 4
332 9
332 13
332 14
332 19
332 25
332 30
332 31
332 36
332 54
332 63
332 78
332 80
332 84
332 85
332 98
332 99
332 104
332 118
332 135
332 140
332 141
332 146
332 153
332 179
332 194
332 199
332 243
332 249
332 256
332 260
332 265
332 279
332 284
332 289
332 308
332 309
332 310
332 315
333 4
333 5
333 26
333 85
333 86
333 90
333 91
333 94
333 95
333 105
333 107
333 110
333 112
333 141
333 146
333 161
333 177
333 180
333 184
333 190
333 191
333 195
333 196
333 200
333 201
333 210
333 217
333 222
333 240
333 246
333 251
333 256
333 261
333 270
333 274
333 287
333 290
333 306
333 311
333 312
333 316
333 332
334 1
334 12
334 16
334 21
334 35
334 73
334 91
334 106
334 125
334 137
334 183
334 188
334 192
334 196
334 197
334 215
334 256
334 257
334 276
334 281
334 286
334 297
334 298
334 305
334 307
334 312
334 317
335 2
335 7
335 12
335 17
335 22
335 34
335 39
335 66
335 78
335 83
335 88
335 102
335 107
335 138
335 148
335 149
335 156
335 193
335 197
335 203
335 243
335 246
335 253
335 258
335 259
335 272
335 282
335 287
335 292
335 298
336 7
336 13
336 24
336 32
336 58
336 79
336 83
336 84
336 89
336 97
336 110
336 115
336 122
336 149
336 187
336 188
336 193
336 194
336 198
336 204
336 212
336 225
336 228
336 249
336 254
336 277
336 283
336 288
336 302
336 309
336 335
337 23
337 24
337 30
337 38
337 43
337 44
337 63
337 69
337 76
337 80
337 84
337 90
337 93
337 95
337 128
337 135
337 144
337 150
337 153
337 159
337 164
337 169
337 173
337 175
337 186
337 191
337 195
337 199
337 200
337 204
337 208
337 209
337 218
337 239
337 245
337 250
337 255
337 260
337 274
337 284
337 289
337 294
337 301
337 304
337 308
337 310
337 315
337 329
337 333
338 4
338 5
338 15
338 37
338 42
338 69
338 81
338 91
338 94
338 95
338 100
338 106
338 136
338 141
338 146
338 151
338 152
338 159
338 184
338 201
338 205
338 206
338 232
338 249
338 250
338 261
338 262
338 267
338 274
338 300
338 311
339 3
339 10
339 11
339 12
339 21
339 26
339 35
339 37
339 82
339 87
339 100
339 101
339 106
339 113
339 118
339 121
339 125
339 142
339 190
339 197
339 201
339 206
339 207
339 211
339 212
339 215
339 228
339 280
339 291
339 292
339 297
339 305
339 307
340 28
340 33
340 41
340 66
340 79
340 93
340 107
340 112
340 122
340 131
340 138
340 148
340 156
340 189
340 192
340 194
340 202
340 207
340 221
340 246
340 253
340 257
340 277
340 287
340 297
340 302
340 304
340 311
340 318
340 336
341 7
341 18
341 33
341 34
341 40
341 45
341 72
341 73
341 84
341 97
341 108
341 118
341 133
341 139
341 149
341 154
341 155
341 160
341 162
341 163
341 187
341 199
341 208
341 252
341 264
341 265
341 269
341 270
341 277
341 283
341 293
341 298
341 314
342 6
342 9
342 11
342 19
342 29
342 30
342 34
342 38
342 40
342 93
342 103
342 116
342 120
342 121
342 128
342 133
342 144
342 149
342 150
342 159
342 179
342 193
342 195
342 199
342 210
342 218
342 231
342 253
342 255
342 264
342 289
342 293
342 299
342 310
342 320
342 341
343 5
343 6
343 12
343 15
343 20
343 41
343 44
343 51
343 69
343 82
343 96
343 106
343 112
343 125
343 134
343 141
343 142
343 146
343 159
343 171
343 192
343 195
343 197
343 200
343 201
343 205
343 212
343 215
343 232
343 241
343 249
343 256
343 257
343 266
343 281
343 290
343 300
343 305
343 307
343 314
343 315
343 316
343 339
343 342
344 10
344 27
344 31
344 46
344 48
344 92
344 100
344 121
344 142
344 157
344 158
344 163
344 167
344 190
344 197
344 201
344 211
344 273
344 280
344 286
344 297
344 301
344 306
344 312
344 317
344 322
345 9
345 14
345 27
345 28
345 33
345 41
345 93
345 107
345 124
345 131
345 157
345 197
345 202
345 203
345 217
345 221
345 234
345 239
345 258
345 268
345 297
345 302
345 307
345 311
345 313
345 323
346 18
346 23
346 39
346 43
346 72
346 85
346 90
346 93
346 94
346 113
346 144
346 149
346 162
346 188
346 200
346 203
346 209
346 214
346 252
346 253
346 288
346 293
346 310
346 315
346 324
346 342
347 13
347 35
347 39
347 51
347 89
347 90
347 95
347 103
347 145
347 150
347 155
347 161
347 166
347 185
347 189
347 193
347 209
347 219
347 224
347 265
347 276
347 283
347 299
347 304
347 314
347 315
347 320
348 12
348 16
348 17
348 30
348 35
348 36
348 44
348 45
348 76
348 91
348 111
348 115
348 120
348 121
348 125
348 126
348 127
348 134
348 151
348 156
348 201
348 206
348 210
348 224
348 227
348 237
348 242
348 266
348 272
348 276
348 291
348 300
348 305
348 307
348 310
348 314
348 337
349 17
349 32
349 36
349 41
349 42
349 75
349 93
349 97
349 107
349 112
349 116
349 126
349 136
349 142
349 157
349 162
349 165
349 202
349 203
349 206
349 211
349 221
349 255
349 257
349 262
349 267
349 296
349 301
349 311
349 312
349 313
349 316
349 318
349 322
349 345
350 16
350 18
350 32
350 33
350 38
350 42
350 48
350 54
350 98
350 103
350 106
350 108
350 122
350 137
350 143
350 148
350 158
350 164
350 169
350 196
350 207
350 212
350 217
350 227
350 263
350 268
350 272
350 279
350 286
350 297
350 302
350 307
350 312
350 313
350 317
350 328
351 15
351 20
351 34
351 39
351 47
351 78
351 94
351 119
351 123
351 128
351 130
351 133
351 137
351 143
351 159
351 204
351 208
351 218
351 227
351 228
351 240
351 245
351 259
351 313
351 317
351 318
351 329
352 24
352 29
352 34
352 35
352 39
352 40
352 44
352 45
352 49
352 50
352 53
352 54
352 58
352 78
352 79
352 91
352 95
352 96
352 100
352 124
352 128
352 129
352 145
352 155
352 168
352 204
352 205
352 206
352 209
352 211
352 229
352 234
352 258
352 260
352 270
352 284
352 293
352 304
352 309
352 315
352 316
352 321
352 323
352 325
352 330
352 348
353 19
353 36
353 40
353 41
353 46
353 50
353 55
353 57
353 62
353 76
353 91
353 96
353 106
353 109
353 120
353 156
353 161
353 167
353 172
353 181
353 197
353 199
353 205
353 210
353 211
353 215
353 216
353 220
353 225
353 231
353 271
353 282
353 287
353 289
353 291
353 310
353 315
353 316
353 320
353 321
353 337
353 342
353 346
354 18
354 23
354 37
354 41
354 46
354 50
354 56
354 57
354 92
354 97
354 102
354 107
354 121
354 122
354 126
354 131
354 133
354 138
354 140
354 152
354 157
354 162
354 187
354 221
354 226
354 230
354 231
354 232
354 236
354 248
354 262
354 267
354 292
354 316
354 317
354 320
354 321
354 322
354 326
355 13
355 37
355 42
355 81
355 98
355 99
355 127
355 132
355 142
355 147
355 148
355 171
355 209
355 214
355 217
355 227
355 232
355 237
355 242
355 261
355 273
355 312
355 317
355 318
355 324
355 338
355 351
356 22
356 39
356 44
356 54
356 60
356 65
356 78
356 88
356 94
356 99
356 112
356 113
356 128
356 148
356 149
356 159
356 173
356 175
356 193
356 199
356 202
356 214
356 218
356 219
356 223
356 228
356 238
356 253
356 269
356 274
356 285
356 290
356 292
356 323
356 343
357 4
357 26
357 39
357 40
357 44
357 45
357 53
357 90
357 95
357 100
357 103
357 105
357 124
357 129
357 134
357 136
357 141
357 143
357 144
357 154
357 173
357 188
357 220
357 224
357 229
357 233
357 234
357 251
357 254
357 270
357 275
357 280
357 299
357 305
357 309
357 314
357 315
357 320
357 323
358 40
358 46
358 84
358 91
358 102
358 130
358 135
358 145
358 150
358 167
358 174
358 212
358 216
358 217
358 220
358 235
358 264
358 287
358 310
358 326
358 327
358 330
358 331
358 354
359 25
359 41
359 51
359 61
359 63
359 68
359 97
359 115
359 142
359 152
359 162
359 178
359 205
359 212
359 221
359 226
359 236
359 241
359 246
359 288
359 293
359 295
359 317
359 321
359 326
359 331
359 332
359 352
360 29
360 56
360 57
360 98
360 103
360 118
360 137
360 139
360 144
360 146
360 147
360 163
360 168
360 223
360 236
360 237
360 242
360 254
360 261
360 263
360 273
360 278
360 326
360 327
360 358
361 8
361 22
361 44
361 54
361 58
361 63
361 87
361 99
361 105
361 109
361 112
361 133
361 148
361 153
361 154
361 173
361 177
361 215
361 219
361 220
361 233
361 267
361 279
361 323
361 329
361 330
361 333
361 334
361 353
361 357
362 9
362 14
362 28
362 45
362 54
362 55
362 66
362 71
362 100
362 118
362 134
362 143
362 154
362 155
362 159
362 165
362 181
362 186
362 204
362 208
362 215
362 239
362 264
362 270
362 289
362 291
362 296
362 298
362 314
362 320
362 323
362 324
362 325
362 329
362 335
362 349
362 353
363 31
363 32
363 37
363 41
363 45
363 50
363 59
363 71
363 84
363 101
363 111
363 140
363 142
363 147
363 149
363 166
363 174
363 187
363 226
363 239
363 256
363 257
363 262
363 264
363 266
363 315
363 320
363 321
363 326
363 329
363 354
363 360
364 25
364 56
364 71
364 87
364 90
364 107
364 108
364 112
364 113
364 115
364 122
364 136
364 141
364 146
364 156
364 157
364 161
364 162
364 180
364 191
364 201
364 205
364 223
364 231
364 236
364 241
364 246
364 270
364 272
364 277
364 282
364 295
364 312
364 317
364 326
364 327
364 331
364 333
364 338
364 360
364 362
365 31
365 48
365 53
365 56
365 72
365 74
365 108
365 121
365 142
365 146
365 147
365 152
365 157
365 168
365 183
365 184
365 189
365 211
365 218
365 227
365 236
365 247
365 252
365 257
365 273
365 299
365 301
365 322
365 323
365 326
365 328
365 332
365 333
366 35
366 39
366 40
366 44
366 53
366 54
366 63
366 83
366 87
366 104
366 109
366 123
366 143
366 150
366 152
366 158
366 159
366 177
366 208
366 224
366 233
366 238
366 242
366 253
366 254
366 260
366 265
366 267
366 289
366 323
366 324
366 329
366 332
366 334
366 357
366 359
367 1
367 3
367 4
367 28
367 50
367 54
367 59
367 69
367 80
367 89
367 100
367 105
367 110
367 111
367 116
367 118
367 159
367 165
367 208
367 215
367 226
367 235
367 239
367 273
367 288
367 298
367 329
367 335
367 336
367 339
367 341
367 348
367 363
368 34
368 46
368 51
368 55
368 59
368 77
368 105
368 116
368 131
368 149
368 155
368 156
368 160
368 165
368 187
368 192
368 221
368 239
368 255
368 271
368 281
368 287
368 296
368 301
368 302
368 316
368 325
368 326
368 329
368 330
368 336
368 337
368 345
369 17
369 38
369 43
369 52
369 57
369 71
369 76
369 90
369 151
369 152
369 153
369 156
369 162
369 166
369 171
369 180
369 251
369 256
369 263
369 268
369 270
369 272
369 336
369 341
369 347
369 357
369 360
370 4
370 23
370 31
370 48
370 62
370 92
370 114
370 119
370 121
370 147
370 157
370 162
370 167
370 211
370 213
370 218
370 223
370 229
370 237
370 252
370 267
370 278
370 301
370 328
370 332
370 333
370 338
370 344
370 347
371 8
371 33
371 54
371 58
371 62
371 63
371 79
371 80
371 85
371 98
371 104
371 114
371 123
371 152
371 163
371 164
371 190
371 195
371 214
371 219
371 224
371 242
371 258
371 263
371 305
371 310
371 319
371 328
371 332
371 348
372 3
372 41
372 46
372 50
372 55
372 64
372 69
372 74
372 79
372 93
372 109
372 156
372 159
372 160
372 169
372 183
372 215
372 244
372 249
372 259
372 266
372 271
372 273
372 285
372 340
372 344
372 363
373 1
373 7
373 16
373 22
373 34
373 36
373 62
373 70
373 75
373 80
373 81
373 85
373 91
373 101
373 117
373 122
373 124
373 127
373 145
373 160
373 161
373 166
373 171
373 187
373 197
373 214
373 217
373 220
373 221
373 232
373 237
373 245
373 246
373 256
373 261
373 265
373 281
373 304
373 330
373 335
373 336
373 337
373 341
373 347
373 350
373 355
374 2
374 7
374 17
374 37
374 47
374 65
374 66
374 76
374 77
374 81
374 83
374 86
374 88
374 107
374 117
374 142
374 155
374 166
374 167
374 171
374 198
374 222
374 245
374 246
374 251
374 261
374 266
374 272
374 287
374 292
374 308
374 313
374 335
374 336
374 337
374 346
375 3
375 6
375 49
375 53
375 78
375 87
375 96
375 102
375 159
375 162
375 163
375 164
375 167
375 172
375 186
375 192
375 223
375 228
375 247
375 262
375 267
375 274
375 276
375 278
375 288
375 337
375 342
375 343
375 347
375 352
375 366
376 3
376 4
376 10
376 15
376 33
376 37
376 49
376 54
376 63
376 68
376 69
376 83
376 88
376 125
376 127
376 148
376 158
376 164
376 169
376 184
376 209
376 217
376 224
376 228
376 229
376 235
376 240
376 243
376 248
376 258
376 268
376 273
376 279
376 284
376 289
376 307
376 339
376 343
376 344
376 348
376 350
377 5
377 14
377 50
377 55
377 60
377 63
377 68
377 74
377 78
377 86
377 91
377 115
377 120
377 124
377 129
377 158
377 159
377 165
377 170
377 174
377 175
377 201
377 205
377 220
377 248
377 259
377 269
377 280
377 283
377 285
377 294
377 311
377 316
377 338
377 339
377 340
377 349
377 359
378 1
378 9
378 17
378 22
378 51
378 52
378 56
378 61
378 70
378 80
378 85
378 90
378 99
378 116
378 152
378 160
378 162
378 165
378 167
378 171
378 175
378 176
378 180
378 189
378 226
378 231
378 255
378 256
378 277
378 279
378 281
378 286
378 291
378 320
378 331
378 341
378 346
378 347
378 350
378 356
378 360
378 362
378 369
379 13
379 18
379 40
379 57
379 62
379 76
379 86
379 91
379 96
379 117
379 128
379 130
379 161
379 172
379 176
379 181
379 186
379 197
379 211
379 217
379 220
379 222
379 238
379 243
379 251
379 261
379 271
379 282
379 287
379 310
379 332
379 337
379 342
379 346
379 351
379 352
379 353
379 366
380 12
380 18
380 58
380 71
380 77
380 82
380 87
380 89
380 94
380 108
380 161
380 162
380 167
380 168
380 172
380 173
380 177
380 187
380 204
380 228
380 251
380 257
380 262
380 272
380 277
380 278
380 283
380 314
380 319
380 333
380 338
380 341
380 347
380 352
380 362
380 367
381 4
381 8
381 9
381 12
381 53
381 55
381 59
381 64
381 68
381 78
381 83
381 102
381 103
381 109
381 119
381 165
381 169
381 170
381 179
381 183
381 192
381 213
381 229
381 243
381 273
381 280
381 282
381 313
381 334
381 339
381 343
381 344
381 363
381 372
382 4
382 14
382 16
382 21
382 43
382 55
382 60
382 78
382 85
382 89
382 94
382 99
382 110
382 131
382 133
382 165
382 174
382 189
382 219
382 223
382 225
382 230
382 239
382 241
382 246
382 259
382 264
382 279
382 293
382 310
382 313
382 345
382 356
382 359
382 361
382 364
382 368
382 369
383 22
383 56
383 61
383 74
383 81
383 85
383 90
383 97
383 116
383 121
383 125
383 145
383 164
383 167
383 175
383 176
383 180
383 190
383 207
383 211
383 212
383 221
383 231
383 250
383 251
383 254
383 265
383 270
383 281
383 286
383 317
383 322
383 341
383 344
383 350
383 355
383 356
383 357
383 365
383 370
383 376
384 2
384 11
384 15
384 16
384 51
384 58
384 63
384 81
384 96
384 101
384 102
384 105
384 112
384 122
384 147
384 167
384 168
384 172
384 173
384 195
384 227
384 267
384 271
384 283
384 285
384 287
384 288
384 312
384 342
384 347
384 351
384 356
384 357
384 361
384 366
384 371
384 375
385 7
385 8
385 24
385 46
385 58
385 63
385 71
385 87
385 92
385 97
385 134
385 136
385 139
385 158
385 168
385 182
385 187
385 223
385 226
385 228
385 249
385 262
385 267
385 272
385 316
385 338
385 341
385 359
385 364
385 372
386 3
386 9
386 59
386 64
386 77
386 88
386 93
386 100
386 102
386 114
386 119
386 159
386 167
386 173
386 174
386 178
386 179
386 193
386 198
386 210
386 213
386 215
386 224
386 233
386 234
386 239
386 257
386 273
386 274
386 282
386 283
386 284
386 325
386 344
386 347
387 14
387 18
387 38
387 43
387 55
387 59
387 61
387 66
387 99
387 108
387 120
387 129
387 133
387 143
387 165
387 170
387 173
387 176
387 189
387 194
387 198
387 204
387 225
387 230
387 235
387 238
387 269
387 279
387 284
387 285
387 286
387 288
387 290
387 291
387 295
387 303
387 309
387 313
387 340
387 350
387 354
387 378
388 7
388 10
388 11
388 15
388 27
388 49
388 74
388 95
388 100
388 110
388 116
388 121
388 126
388 137
388 139
388 142
388 162
388 164
388 196
388 200
388 202
388 217
388 229
388 231
388 246
388 252
388 270
388 276
388 285
388 286
388 290
388 319
388 335
388 336
388 341
388 344
388 362
388 367
388 370
388 375
388 376
389 2
389 11
389 12
389 15
389 56
389 80
389 82
389 87
389 91
389 103
389 105
389 117
389 122
389 127
389 142
389 170
389 172
389 176
389 177
389 182
389 186
389 191
389 195
389 196
389 201
389 206
389 213
389 218
389 222
389 227
389 232
389 260
389 266
389 271
389 282
389 285
389 286
389 292
389 297
389 328
389 350
389 352
389 356
389 366
389 375
390 2
390 8
390 21
390 46
390 58
390 63
390 64
390 68
390 69
390 87
390 97
390 102
390 111
390 113
390 118
390 128
390 136
390 178
390 179
390 182
390 183
390 192
390 201
390 202
390 203
390 226
390 272
390 277
390 282
390 283
390 288
390 289
390 291
390 293
390 294
390 316
390 348
390 357
390 362
390 367
390 372
390 377
390 381
391 8
391 14
391 23
391 30
391 35
391 53
391 77
391 113
391 124
391 129
391 140
391 142
391 145
391 167
391 169
391 174
391 198
391 203
391 232
391 248
391 255
391 257
391 263
391 278
391 284
391 293
391 303
391 322
391 344
391 347
391 349
391 358
391 365
391 370
391 373
391 383
392 14
392 15
392 18
392 19
392 24
392 34
392 35
392 58
392 65
392 70
392 83
392 99
392 106
392 108
392 109
392 115
392 129
392 140
392 160
392 175
392 185
392 189
392 193
392 194
392 195
392 198
392 204
392 216
392 221
392 235
392 263
392 274
392 288
392 290
392 299
392 323
392 324
392 328
392 331
392 336
392 353
392 378
392 379
392 384
393 6
393 10
393 20
393 25
393 26
393 49
393 51
393 52
393 61
393 66
393 67
393 72
393 86
393 100
393 105
393 114
393 121
393 139
393 181
393 182
393 187
393 190
393 195
393 200
393 205
393 222
393 229
393 236
393 275
393 281
393 286
393 290
393 291
393 292
393 294
393 295
393 297
393 319
393 341
393 346
393 351
393 365
393 370
393 376
393 384
393 385
394 7
394 16
394 26
394 27
394 33
394 38
394 62
394 72
394 80
394 82
394 96
394 116
394 117
394 148
394 170
394 172
394 182
394 186
394 206
394 237
394 242
394 258
394 260
394 262
394 263
394 281
394 287
394 291
394 296
394 350
394 373
394 376
394 381
395 2
395 12
395 13
395 18
395 21
395 22
395 63
395 68
395 97
395 102
395 109
395 111
395 114
395 183
395 188
395 197
395 201
395 202
395 207
395 224
395 228
395 243
395 287
395 291
395 292
395 293
395 334
395 339
395 343
395 377
395 381
396 9
396 13
396 14
396 18
396 28
396 34
396 43
396 52
396 69
396 75
396 83
396 129
396 133
396 142
396 144
396 184
396 185
396 188
396 190
396 198
396 208
396 232
396 234
396 239
396 288
396 289
396 294
396 300
396 322
396 338
396 344
396 349
396 354
396 368
397 3
397 33
397 36
397 41
397 44
397 54
397 65
397 75
397 83
397 114
397 120
397 124
397 125
397 128
397 130
397 151
397 164
397 168
397 169
397 173
397 175
397 185
397 204
397 214
397 240
397 258
397 259
397 261
397 263
397 266
397 273
397 290
397 294
397 319
397 339
397 345
397 348
397 349
397 350
397 353
397 376
397 379
397 380
397 383
397 389
397 394
398 2
398 11
398 15
398 16
398 20
398 24
398 46
398 71
398 112
398 114
398 115
398 117
398 122
398 186
398 204
398 205
398 210
398 216
398 227
398 232
398 236
398 282
398 285
398 286
398 294
398 296
398 300
398 327
398 337
398 342
398 351
398 362
398 366
398 375
398 380
398 384
398 390
398 395
398 396
399 12
399 16
399 17
399 26
399 31
399 55
399 62
399 66
399 67
399 72
399 78
399 81
399 97
399 116
399 121
399 126
399 145
399 177
399 188
399 193
399 196
399 201
399 206
399 222
399 235
399 242
399 282
399 291
399 297
399 302
399 303
399 322
399 325
399 357
399 381
399 396
400 13
400 17
400 18
400 27
400 39
400 44
400 86
400 103
400 117
400 122
400 127
400 128
400 154
400 176
400 197
400 202
400 203
400 212
400 243
400 264
400 266
400 269
400 292
400 303
400 343
400 348
400 353
400 356
400 358
400 377
400 379
400 387
400 392
400 397
401 5
401 18
401 19
401 27
401 44
401 73
401 108
401 115
401 117
401 120
401 123
401 124
401 129
401 138
401 184
401 207
401 230
401 238
401 239
401 244
401 278
401 297
401 299
401 303
401 340
401 345
401 354
401 378
401 387
401 398
402 15
402 20
402 24
402 29
402 34
402 58
402 65
402 69
402 74
402 81
402 90
402 94
402 113
402 114
402 115
402 119
402 124
402 125
402 135
402 148
402 164
402 185
402 190
402 191
402 196
402 199
402 209
402 238
402 295
402 300
402 305
402 306
402 311
402 328
402 334
402 355
402 360
402 369
402 378
402 389
402 399
403 20
403 26
403 30
403 35
403 40
403 42
403 45
403 47
403 66
403 89
403 105
403 115
403 120
403 121
403 125
403 126
403 127
403 130
403 157
403 162
403 176
403 179
403 181
403 191
403 215
403 220
403 246
403 257
403 261
403 267
403 269
403 272
403 276
403 300
403 305
403 346
403 359
403 361
403 376
403 382
403 387
403 390
403 400
404 8
404 16
404 30
404 31
404 57
404 67
404 76
404 102
404 106
404 111
404 116
404 118
404 120
404 121
404 123
404 126
404 127
404 167
404 171
404 182
404 192
404 206
404 210
404 216
404 221
404 227
404 233
404 236
404 237
404 238
404 242
404 246
404 251
404 252
404 272
404 291
404 292
404 300
404 301
404 302
404 342
404 343
404 348
404 357
404 362
404 367
404 381
404 387
404 390
404 391
404 401
405 13
405 23
405 27
405 28
405 32
405 37
405 61
405 84
405 89
405 123
405 128
405 137
405 138
405 151
405 183
405 188
405 199
405 202
405 212
405 222
405 241
405 298
405 302
405 307
405 309
405 314
405 331
405 353
405 358
406 2
406 23
406 43
406 50
406 53
406 79
406 92
406 118
406 123
406 128
406 138
406 139
406 143
406 148
406 159
406 160
406 165
406 168
406 182
406 184
406 194
406 199
406 203
406 213
406 223
406 244
406 248
406 272
406 275
406 298
406 303
406 304
406 308
406 313
406 323
406 349
406 354
406 359
406 362
406 385
406 390
406 404
407 11
407 15
407 16
407 20
407 23
407 25
407 33
407 39
407 49
407 78
407 79
407 80
407 84
407 94
407 123
407 126
407 130
407 134
407 135
407 159
407 190
407 203
407 204
407 205
407 213
407 219
407 224
407 228
407 236
407 241
407 250
407 278
407 303
407 304
407 319
407 350
407 351
407 373
407 384
407 389
407 393
407 394
407 398
407 404
407 405
408 21
408 35
408 41
408 50
408 64
408 66
408 75
408 87
408 92
408 117
408 125
408 126
408 131
408 141
408 154
408 177
408 202
408 220
408 225
408 230
408 244
408 256
408 281
408 282
408 287
408 305
408 310
408 312
408 316
408 317
408 320
408 334
408 361
408 395
408 405
409 5
409 11
409 36
409 53
409 72
409 77
409 95
409 101
409 126
409 136
409 137
409 141
409 163
409 168
409 177
409 182
409 185
409 187
409 212
409 216
409 227
409 231
409 252
409 275
409 276
409 278
409 286
409 297
409 301
409 302
409 307
409 321
409 362
409 365
409 388
409 391
409 393
409 397
409 401
409 406
410 14
410 19
410 36
410 52
410 61
410 83
410 126
410 127
410 129
410 133
410 138
410 193
410 197
410 198
410 216
410 227
410 232
410 239
410 244
410 248
410 253
410 302
410 306
410 312
410 317
410 322
410 353
410 354
410 363
410 392
410 396
411 14
411 19
411 23
411 38
411 48
411 53
411 58
411 67
411 74
411 84
411 90
411 92
411 95
411 128
411 129
411 133
411 139
411 148
411 157
411 174
411 182
411 189
411 205
411 210
411 214
411 228
411 233
411 247
411 254
411 294
411 299
411 304
411 315
411 318
411 319
411 320
411 323
411 337
411 362
411 364
411 373
411 408
412 8
412 9
412 14
412 34
412 39
412 40
412 43
412 53
412 56
412 61
412 75
412 80
412 83
412 98
412 104
412 129
412 134
412 135
412 140
412 164
412 166
412 171
412 188
412 198
412 205
412 213
412 219
412 229
412 240
412 244
412 250
412 255
412 269
412 273
412 278
412 281
412 295
412 303
412 310
412 365
412 368
412 391
412 393
412 396
412 399
412 404
412 409
412 410
413 17
413 21
413 22
413 35
413 39
413 45
413 55
413 64
413 86
413 125
413 129
413 130
413 131
413 132
413 154
413 196
413 222
413 235
413 242
413 244
413 247
413 251
413 285
413 306
413 309
413 315
413 320
413 321
413 325
413 334
413 357
413 366
413 399
413 402
414 5
414 6
414 17
414 26
414 36
414 46
414 57
414 70
414 72
414 82
414 92
414 93
414 95
414 98
414 137
414 142
414 160
414 185
414 192
414 208
414 213
414 221
414 236
414 247
414 250
414 275
414 297
414 307
414 316
414 318
414 321
414 323
414 326
414 337
414 340
414 352
414 357
414 365
414 406
414 411
415 11
415 13
415 36
415 47
415 59
415 64
415 83
415 101
415 126
415 133
415 138
415 152
415 174
415 178
415 191
415 216
415 222
415 227
415 232
415 253
415 267
415 281
415 282
415 284
415 289
415 297
415 303
415 306
415 308
415 312
415 322
415 327
415 353
415 358
415 363
415 367
415 371
415 383
415 396
415 399
415 402
416 25
416 33
416 48
416 67
416 129
416 132
416 135
416 140
416 143
416 149
416 157
416 222
416 223
416 233
416 238
416 247
416 249
416 250
416 293
416 303
416 304
416 312
416 314
416 337
416 359
416 360
416 364
416 369
416 378
416 402
417 8
417 25
417 44
417 54
417 59
417 73
417 75
417 85
417 98
417 101
417 134
417 139
417 140
417 145
417 154
417 163
417 188
417 190
417 200
417 211
417 216
417 223
417 224
417 239
417 250
417 253
417 254
417 273
417 278
417 305
417 310
417 314
417 324
417 326
417 343
417 360
417 364
417 368
417 408
417 409
417 414
418 14
418 31
418 39
418 41
418 50
418 51
418 60
418 62
418 67
418 71
418 76
418 81
418 82
418 86
418 87
418 91
418 104
418 129
418 155
418 175
418 177
418 219
418 230
418 256
418 272
418 287
418 292
418 309
418 315
418 316
418 320
418 330
418 361
418 374
418 377
418 399
418 402
419 22
419 26
419 28
419 32
419 46
419 51
419 70
419 87
419 111
419 112
419 132
419 137
419 138
419 143
419 146
419 151
419 160
419 191
419 197
419 236
419 246
419 247
419 250
419 253
419 257
419 272
419 307
419 331
419 336
419 340
419 363
419 367
419 368
419 406
420 11
420 23
420 28
420 33
420 57
420 62
420 67
420 72
420 78
420 83
420 101
420 104
420 133
420 137
420 142
420 147
420 157
420 162
420 163
420 187
420 188
420 191
420 193
420 214
420 219
420 227
420 253
420 258
420 281
420 303
420 317
420 327
420 329
420 337
420 347
420 362
420 368
420 371
420 398
420 412
420 417
420 418
421 29
421 34
421 42
421 53
421 63
421 65
421 70
421 79
421 98
421 132
421 134
421 143
421 148
421 153
421 158
421 163
421 180
421 185
421 199
421 222
421 233
421 238
421 248
421 269
421 290
421 295
421 312
421 314
421 323
421 333
421 364
421 369
421 402
421 405
421 414
421 419
422 31
422 34
422 35
422 54
422 59
422 73
422 78
422 83
422 85
422 94
422 123
422 129
422 140
422 141
422 146
422 154
422 163
422 170
422 194
422 200
422 224
422 239
422 253
422 256
422 258
422 261
422 310
422 315
422 319
422 333
422 334
422 339
422 343
422 366
422 370
422 371
422 408
422 409
422 415
422 420
423 14
423 17
423 26
423 65
423 75
423 77
423 81
423 86
423 91
423 95
423 104
423 107
423 112
423 136
423 141
423 145
423 150
423 165
423 166
423 194
423 217
423 222
423 245
423 251
423 255
423 256
423 276
423 284
423 300
423 302
423 306
423 320
423 321
423 332
423 335
423 336
423 337
423 340
423 366
423 371
423 374
423 391
424 7
424 11
424 45
424 46
424 56
424 66
424 73
424 117
424 135
424 137
424 146
424 151
424 156
424 161
424 166
424 183
424 188
424 192
424 197
424 201
424 202
424 225
424 236
424 242
424 251
424 271
424 298
424 315
424 336
424 372
424 405
424 408
424 413
425 28
425 34
425 39
425 62
425 76
425 77
425 93
425 138
425 144
425 149
425 152
425 157
425 162
425 166
425 167
425 193
425 197
425 203
425 248
425 253
425 256
425 257
425 258
425 259
425 264
425 313
425 318
425 327
425 337
425 342
425 346
425 363
425 368
425 373
425 374
425 418
425 422
425 423
426 17
426 24
426 28
426 33
426 58
426 63
426 88
426 94
426 99
426 107
426 110
426 115
426 138
426 149
426 153
426 163
426 164
426 197
426 204
426 223
426 225
426 238
426 243
426 248
426 249
426 253
426 283
426 287
426 304
426 309
426 335
426 340
426 349
426 369
426 374
426 377
426 378
426 419
426 423
426 424
427 3
427 25
427 30
427 35
427 38
427 48
427 54
427 76
427 80
427 85
427 90
427 133
427 138
427 140
427 154
427 159
427 164
427 186
427 189
427 191
427 195
427 208
427 223
427 228
427 239
427 245
427 249
427 254
427 255
427 259
427 260
427 301
427 310
427 313
427 318
427 334
427 364
427 368
427 370
427 374
427 375
427 408
427 411
427 416
427 420
427 424
427 425
428 36
428 37
428 42
428 51
428 65
428 75
428 79
428 80
428 90
428 105
428 116
428 120
428 140
428 146
428 151
428 152
428 155
428 162
428 169
428 170
428 177
428 180
428 201
428 207
428 250
428 251
428 256
428 259
428 261
428 262
428 267
428 271
428 291
428 311
428 316
428 330
428 336
428 340
428 345
428 349
428 350
428 355
428 361
428 371
428 376
428 377
428 381
428 390
428 397
428 426
429 3
429 20
429 66
429 76
429 77
429 91
429 92
429 110
429 112
429 113
429 118
429 142
429 146
429 147
429 161
429 187
429 200
429 201
429 228
429 231
429 241
429 247
429 252
429 256
429 262
429 266
429 272
429 290
429 292
429 307
429 336
429 338
429 343
429 356
429 377
429 380
429 411
429 417
429 422
429 427
430 33
430 38
430 51
430 62
430 77
430 79
430 82
430 83
430 88
430 138
430 141
430 148
430 152
430 153
430 157
430 167
430 189
430 194
430 203
430 231
430 258
430 263
430 304
430 313
430 321
430 337
430 347
430 352
430 368
430 373
430 378
430 392
430 407
430 411
430 414
430 419
430 422
430 427
430 428
431 9
431 29
431 34
431 39
431 40
431 45
431 58
431 82
431 89
431 128
431 155
431 158
431 163
431 172
431 178
431 204
431 254
431 262
431 263
431 265
431 268
431 270
431 283
431 309
431 314
431 338
431 352
431 364
431 379
431 380
432 6
432 23
432 24
432 35
432 40
432 63
432 64
432 79
432 89
432 90
432 109
432 113
432 116
432 121
432 128
432 145
432 150
432 159
432 190
432 193
432 203
432 205
432 210
432 231
432 236
432 244
432 245
432 259
432 260
432 269
432 293
432 299
432 310
432 339
432 346
432 354
432 365
432 383
432 399
432 425
432 430
433 41
433 54
433 67
433 70
433 82
433 87
433 90
433 96
433 116
433 144
433 146
433 147
433 151
433 160
433 162
433 170
433 180
433 192
433 197
433 211
433 234
433 255
433 260
433 261
433 265
433 266
433 270
433 301
433 307
433 312
433 316
433 324
433 340
433 350
433 352
433 366
433 371
433 376
433 414
433 415
433 417
433 422
434 2
434 22
434 26
434 32
434 37
434 41
434 48
434 71
434 76
434 81
434 85
434 86
434 87
434 116
434 142
434 147
434 158
434 163
434 166
434 175
434 181
434 202
434 207
434 237
434 252
434 257
434 265
434 266
434 267
434 268
434 273
434 355
434 356
434 361
434 367
434 383
434 388
434 391
434 397
434 427
435 9
435 14
435 17
435 26
435 33
435 38
435 72
435 77
435 87
435 92
435 98
435 116
435 124
435 143
435 162
435 172
435 178
435 206
435 213
435 234
435 239
435 253
435 258
435 263
435 296
435 321
435 323
435 347
435 349
435 352
435 357
435 362
435 368
435 386
435 423
435 428
435 432
435 433
436 18
436 34
436 57
436 78
436 82
436 85
436 88
436 90
436 93
436 94
436 99
436 109
436 114
436 134
436 144
436 147
436 153
436 154
436 172
436 173
436 178
436 183
436 200
436 237
436 253
436 258
436 259
436 262
436 264
436 273
436 278
436 310
436 314
436 315
436 324
436 327
436 343
436 353
436 374
436 408
436 417
436 424
436 425
436 429
436 433
436 434
437 9
437 23
437 35
437 39
437 40
437 45
437 51
437 53
437 59
437 63
437 73
437 79
437 88
437 89
437 90
437 94
437 139
437 144
437 145
437 150
437 153
437 155
437 161
437 166
437 174
437 178
437 179
437 183
437 184
437 194
437 205
437 210
437 248
437 254
437 255
437 259
437 264
437 268
437 275
437 276
437 293
437 315
437 320
437 325
437 354
437 358
437 369
437 370
437 375
437 383
437 386
437 391
437 400
437 424
437 425
437 428
437 430
437 434
438 5
438 12
438 17
438 25
438 29
438 31
438 51
438 54
438 95
438 106
438 119
438 121
438 127
438 130
438 144
438 180
438 190
438 206
438 209
438 234
438 237
438 242
438 255
438 260
438 261
438 299
438 321
438 324
438 326
438 350
438 352
438 355
438 376
438 389
438 414
438 421
438 435
439 1
439 6
439 37
439 42
439 47
439 57
439 60
439 81
439 82
439 85
439 86
439 88
439 92
439 93
439 96
439 97
439 101
439 132
439 150
439 157
439 175
439 177
439 181
439 186
439 202
439 203
439 207
439 240
439 241
439 261
439 265
439 271
439 281
439 287
439 313
439 317
439 318
439 327
439 330
439 355
439 356
439 361
439 371
439 372
439 417
439 420
439 422
439 428
440 1
440 2
440 7
440 12
440 26
440 33
440 38
440 43
440 54
440 87
440 91
440 92
440 93
440 97
440 116
440 138
440 158
440 164
440 169
440 181
440 206
440 213
440 258
440 262
440 271
440 279
440 282
440 296
440 323
440 328
440 357
440 361
440 378
440 382
440 386
440 389
440 394
440 398
440 433
440 438
441 15
441 20
441 34
441 39
441 57
441 63
441 88
441 94
441 98
441 104
441 122
441 130
441 135
441 144
441 147
441 148
441 154
441 173
441 183
441 188
441 204
441 214
441 228
441 237
441 240
441 245
441 263
441 273
441 302
441 324
441 327
441 355
441 360
441 374
441 384
441 392
441 398
441 417
441 429
441 434
442 4
442 9
442 35
442 63
442 83
442 84
442 88
442 91
442 94
442 95
442 96
442 100
442 109
442 135
442 159
442 169
442 178
442 179
442 206
442 210
442 219
442 239
442 243
442 253
442 265
442 268
442 278
442 284
442 303
442 315
442 316
442 320
442 321
442 325
442 330
442 333
442 343
442 349
442 358
442 375
442 385
442 404
442 409
442 423
442 431
442 435
442 436
442 440
443 4
443 5
443 10
443 16
443 17
443 29
443 36
443 41
443 57
443 62
443 82
443 90
443 91
443 105
443 119
443 136
443 156
443 167
443 172
443 177
443 180
443 184
443 195
443 206
443 209
443 210
443 216
443 236
443 270
443 274
443 275
443 280
443 282
443 285
443 299
443 311
443 321
443 326
443 360
443 364
443 365
443 375
443 386
443 389
443 392
443 397
443 432
443 441
444 16
444 21
444 23
444 32
444 42
444 60
444 61
444 81
444 91
444 96
444 106
444 111
444 117
444 133
444 138
444 142
444 150
444 152
444 176
444 186
444 191
444 201
444 207
444 212
444 227
444 240
444 248
444 262
444 272
444 276
444 281
444 286
444 322
444 330
444 352
444 358
444 361
444 363
444 377
444 420
444 427
444 437
445 1
445 2
445 17
445 38
445 48
445 91
445 97
445 99
445 103
445 148
445 158
445 181
445 182
445 187
445 192
445 203
445 209
445 214
445 271
445 272
445 277
445 287
445 288
445 298
445 317
445 318
445 323
445 324
445 333
445 361
445 362
445 373
445 383
445 434
445 439
445 443
446 14
446 32
446 60
446 83
446 103
446 104
446 122
446 175
446 183
446 198
446 203
446 212
446 214
446 219
446 248
446 273
446 283
446 285
446 290
446 302
446 308
446 319
446 323
446 324
446 353
446 358
446 363
446 373
446 378
446 379
446 384
446 389
446 392
446 398
446 400
446 443
446 444
447 14
447 19
447 26
447 45
447 50
447 54
447 63
447 90
447 94
447 95
447 99
447 105
447 109
447 136
447 141
447 143
447 149
447 153
447 155
447 169
447 179
447 184
447 194
447 210
447 243
447 244
447 249
447 251
447 255
447 265
447 269
447 270
447 279
447 284
447 290
447 320
447 323
447 324
447 333
447 338
447 361
447 364
447 366
447 375
447 379
447 385
447 423
447 430
447 435
447 440
447 445
448 4
448 7
448 10
448 15
448 20
448 25
448 26
448 36
448 42
448 46
448 51
448 71
448 87
448 91
448 94
448 96
448 100
448 101
448 102
448 105
448 116
448 130
448 136
448 146
448 161
448 176
448 184
448 185
448 195
448 196
448 197
448 200
448 202
448 205
448 207
448 211
448 212
448 217
448 222
448 231
448 232
448 261
448 271
448 272
448 274
448 275
448 281
448 285
448 290
448 295
448 306
448 321
448 327
448 351
448 356
448 357
448 364
448 370
448 375
448 376
448 380
448 385
448 407
448 437
448 442
449 6
449 11
449 12
449 21
449 26
449 35
449 37
449 42
449 52
449 63
449 66
449 68
449 107
449 125
449 152
449 162
449 178
449 186
449 196
449 201
449 206
449 207
449 215
449 227
449 257
449 272
449 276
449 286
449 287
449 288
449 293
449 296
449 305
449 346
449 376
449 381
449 386
449 387
449 395
449 403
449 437
449 442
450 17
450 29
450 43
450 48
450 53
450 66
450 103
450 107
450 108
450 112
450 127
450 139
450 144
450 153
450 156
450 202
450 207
450 218
450 227
450 246
450 254
450 277
450 282
450 333
450 336
450 364
450 369
450 378
450 382
450 388
450 426
450 427
450 438
450 443
5