2 1
4 3
5 2
7 6
8 7
9 4
12 6
12 7
12 10
15 12
16 5
17 1
17 3
17 5
18 15
19 1
20 3
20 4
22 3
22 10
22 11
24 18
25 3
25 12
25 17
25 24
26 4
26 9
27 6
27 19
28 17
30 6
30 7
30 12
31 12
31 15
31 17
31 20
31 28
31 30
32 30
33 1
35 18
36 35
37 26
38 13
38 31
38 33
40 29
41 24
41 35
42 6
42 35
42 41
43 4
43 9
43 26
43 30
43 32
45 6
45 23
45 27
46 18
46 19
46 27
46 28
46 35
48 35
48 36
49 2
49 5
49 6
49 7
49 10
49 12
49 15
49 24
49 30
49 31
49 32
49 38
49 43
49 47
50 9
50 38
51 29
52 24
52 25
53 6
53 7
53 10
53 12
53 15
53 25
53 49
54 5
55 5
55 18
55 24
55 37
55 44
56 2
56 52
57 8
57 45
58 18
58 24
58 47
58 49
58 55
58 56
59 18
59 24
59 55
59 58
60 5
60 12
60 17
60 42
60 53
61 39
62 1
62 61
63 28
63 46
64 30
65 24
65 42
65 47
65 49
65 58
66 4
66 7
66 9
66 12
66 26
66 27
66 43
66 53
66 54
66 60
67 14
67 33
67 38
67 39
67 44
68 7
68 15
68 27
68 42
68 64
68 66
69 5
69 16
69 40
69 47
69 55
70 5
70 17
70 39
70 52
70 59
70 60
71 27
71 28
71 30
71 31
71 67
72 2
72 4
72 8
72 41
72 47
72 49
72 56
72 58
72 65
73 1
73 15
73 18
73 19
73 31
73 35
73 38
73 39
73 46
73 61
73 67
73 68
74 1
74 33
75 4
75 11
75 42
75 72
75 73
76 4
76 7
76 8
76 13
76 23
76 26
76 28
76 43
76 45
77 1
77 5
77 16
77 24
77 27
77 31
77 38
77 39
77 41
77 69
77 71
77 73
78 7
79 45
80 4
80 13
80 26
80 30
80 32
80 39
80 43
80 49
80 54
80 56
80 58
80 67
80 71
80 73
80 76
81 10
81 17
81 33
81 69
82 6
82 27
82 35
82 45
82 48
83 9
83 11
83 28
83 42
83 46
83 50
83 57
83 63
83 73
83 75
83 79
84 3
84 4
84 13
84 20
84 33
85 7
85 45
85 51
85 57
85 78
86 6
86 19
86 27
86 45
86 46
86 60
86 82
87 16
87 23
88 38
88 50
88 55
88 61
89 4
89 26
89 28
89 35
89 36
89 43
89 46
89 48
89 63
89 76
89 80
89 83
89 85
90 19
90 38
90 50
90 88
91 18
91 24
91 55
91 57
91 58
91 59
91 88
92 49
92 55
92 66
92 88
92 91
93 22
93 85
94 5
94 17
94 42
94 56
94 58
94 60
94 70
94 80
95 1
95 19
95 54
95 69
95 73
95 91
96 7
96 12
96 25
96 32
96 42
96 53
96 65
96 93
97 12
97 25
97 53
97 60
97 63
97 74
97 86
97 96
98 2
98 3
98 4
98 5
98 17
98 20
98 26
98 43
98 51
98 56
98 58
98 60
98 70
98 72
98 75
98 76
98 80
98 82
98 84
98 89
98 94
99 11
99 28
99 35
99 83
100 12
100 35
100 41
100 42
100 53
100 60
100 66
100 97
101 35
101 36
101 48
101 57
101 75
101 89
102 3
102 22
102 31
102 38
102 59
102 73
102 77
103 2
103 15
103 18
103 69
104 6
104 42
104 51
104 78
104 98
105 8
105 31
105 34
105 35
105 41
105 42
105 47
105 49
105 50
105 57
105 58
105 65
105 72
105 83
105 100
106 2
106 4
106 5
106 33
106 49
106 72
106 73
106 75
106 83
106 84
106 98
107 13
107 15
107 18
107 80
107 81
107 103
108 2
108 5
108 10
108 12
108 49
108 53
108 54
108 66
108 106
109 22
109 75
109 93
110 16
110 33
110 84
110 88
110 106
111 9
111 29
111 40
111 47
111 50
111 52
111 82
111 83
111 89
111 98
112 4
112 15
112 26
112 35
112 43
112 61
112 68
112 73
112 76
112 78
112 80
112 88
112 89
112 98
112 99
113 30
113 71
113 80
113 87
113 109
114 50
114 59
114 82
114 98
114 102
114 111
115 14
115 27
115 54
115 66
115 71
115 77
115 108
116 19
116 31
116 38
116 57
116 73
116 77
116 90
116 102
117 18
117 35
117 45
117 46
117 53
117 73
117 79
118 6
118 7
118 12
118 30
118 31
118 49
118 53
118 60
118 66
118 100
118 105
119 6
119 7
119 12
119 31
119 38
119 49
119 53
119 73
119 77
119 93
119 102
119 116
120 51
120 64
120 98
120 104
121 24
121 47
121 69
121 81
122 12
122 13
122 30
122 31
122 103
122 118
123 44
123 52
123 59
123 67
123 102
123 114
125 16
125 31
125 59
125 85
125 106
126 13
126 38
126 47
126 52
126 70
126 123
127 3
127 21
127 26
128 19
128 109
129 3
129 17
129 25
129 47
129 49
129 58
129 65
129 72
129 73
129 75
129 83
129 92
129 105
129 106
130 33
130 42
130 65
130 81
130 96
131 6
131 22
131 42
131 104
131 105
131 118
132 53
132 60
132 76
133 1
133 33
133 99
134 3
134 12
134 17
134 25
134 35
134 53
134 54
134 60
134 66
134 86
134 96
134 97
134 99
134 108
134 112
134 115
134 129
135 2
135 56
135 72
135 98
136 9
136 35
136 36
136 38
136 47
136 48
136 50
136 69
136 83
136 88
136 89
136 90
136 101
136 111
137 6
137 7
137 12
137 28
137 30
137 31
137 35
137 41
137 42
137 49
137 53
137 71
137 82
137 98
137 100
137 105
137 111
137 114
137 118
137 119
138 59
138 82
138 98
138 111
138 114
138 137
139 38
139 41
139 42
139 47
139 50
139 53
139 65
139 72
139 78
139 88
139 90
139 96
139 121
139 130
139 136
140 3
140 4
140 9
140 17
140 25
140 26
140 31
140 43
140 49
140 66
140 82
140 98
140 105
140 111
140 114
140 121
140 129
140 134
140 137
140 138
141 7
141 62
141 78
141 85
141 93
141 125
142 3
142 17
142 25
142 93
142 96
142 129
142 134
142 140
143 34
143 117
144 17
144 23
144 45
144 65
144 76
144 93
144 96
145 6
145 7
145 9
145 30
145 49
145 96
145 118
145 137
146 15
146 18
146 72
146 103
146 107
146 135
147 91
147 120
148 1
148 35
148 47
148 61
148 62
148 99
148 112
148 121
148 134
148 139
149 17
149 31
149 36
149 40
150 27
150 71
150 77
150 94
150 115
151 6
151 7
151 11
151 12
151 29
151 30
151 39
151 43
151 49
151 51
151 53
151 65
151 73
151 77
151 83
151 99
151 102
151 118
151 119
151 137
151 145
152 1
152 4
152 33
152 72
152 75
152 98
152 106
152 133
153 1
153 19
153 30
153 42
153 47
153 65
153 71
153 73
153 74
153 80
153 95
153 96
153 97
153 112
153 113
153 130
153 139
154 12
154 15
154 25
154 33
154 53
154 68
154 73
154 84
154 96
154 97
154 106
154 110
154 112
154 134
155 2
155 24
155 25
155 42
155 46
155 52
155 60
155 103
155 133
155 144
156 3
156 4
156 12
156 15
156 22
156 24
156 26
156 29
156 31
156 33
156 43
156 49
156 59
156 76
156 80
156 84
156 89
156 97
156 98
156 100
156 102
156 106
156 110
156 112
156 115
156 154
157 10
157 12
157 15
157 18
157 49
157 53
157 54
157 66
157 71
157 103
157 107
157 108
157 115
157 134
157 146
158 6
158 27
158 42
158 45
158 49
158 52
158 59
158 65
158 78
158 82
158 86
158 96
158 123
158 126
158 130
158 135
158 139
158 153
158 156
159 4
159 29
159 51
159 72
159 75
159 80
159 91
159 92
159 98
159 106
159 151
159 152
160 21
160 42
160 59
160 60
160 74
160 82
160 97
160 98
160 111
160 114
160 137
160 138
160 140
160 153
160 155
161 6
161 7
161 23
161 30
161 45
161 49
161 91
161 95
161 109
161 113
161 118
161 137
161 139
161 142
161 145
161 150
161 151
162 1
162 2
162 5
162 22
162 49
162 50
162 73
162 75
162 83
162 93
162 105
162 106
162 108
162 109
162 129
163 24
163 41
163 59
163 77
163 102
163 114
163 123
163 140
164 1
164 6
164 7
164 9
164 30
164 33
164 47
164 48
164 49
164 55
164 71
164 80
164 113
164 118
164 133
164 137
164 145
164 151
164 152
164 153
164 161
165 4
165 42
165 52
165 68
165 69
165 81
165 86
165 88
165 109
165 121
165 123
165 124
165 126
165 158
166 10
166 13
166 17
166 22
166 30
166 32
166 39
166 43
166 49
166 56
166 58
166 62
166 67
166 73
166 80
166 94
166 98
166 107
166 144
166 159
167 18
167 19
167 24
167 27
167 29
167 36
167 46
167 51
167 55
167 58
167 59
167 86
167 91
167 148
167 151
167 156
167 159
168 4
168 7
168 26
168 42
168 43
168 75
168 76
168 80
168 83
168 89
168 96
168 98
168 112
168 127
168 156
169 9
169 24
169 25
169 50
169 52
169 57
169 83
169 86
169 101
169 111
169 136
169 155
170 29
170 39
170 43
170 51
170 61
170 70
170 73
170 77
170 118
170 151
170 159
170 167
171 30
171 92
171 115
172 19
172 27
172 31
172 33
172 38
172 46
172 55
172 73
172 77
172 84
172 86
172 88
172 91
172 92
172 102
172 106
172 110
172 116
172 119
172 123
172 154
172 156
172 167
173 6
173 42
173 63
173 64
173 71
173 104
173 131
173 150
173 154
173 162
175 13
175 35
175 36
175 38
175 48
175 52
175 80
175 89
175 101
175 123
175 126
175 136
175 158
175 159
175 165
175 166
176 8
176 45
176 53
176 57
176 60
176 67
176 83
176 132
177 8
177 16
177 47
177 71
177 121
177 136
177 139
177 148
177 150
177 176
178 33
178 38
178 39
178 49
178 60
178 67
178 70
178 86
178 92
178 97
178 129
178 134
178 170
179 39
179 42
179 48
179 63
179 67
179 70
179 73
179 75
179 80
179 83
179 166
179 168
179 173
180 19
180 35
180 36
180 42
180 47
180 48
180 59
180 65
180 89
180 96
180 101
180 102
180 114
180 121
180 123
180 124
180 130
180 136
180 139
180 148
180 153
180 158
180 163
180 175
180 177
181 33
181 38
181 42
181 67
181 95
181 178
182 15
182 40
182 66
182 68
182 69
182 73
182 75
182 80
182 83
182 106
182 112
182 129
182 154
182 162
182 163
183 14
183 22
183 104
184 2
184 9
184 45
184 56
184 57
184 72
184 98
184 116
184 135
185 28
185 76
185 166
185 174
186 1
186 3
186 9
186 15
186 17
186 18
186 24
186 25
186 33
186 35
186 46
186 52
186 73
186 74
186 103
186 107
186 117
186 129
186 134
186 140
186 142
186 145
186 146
186 155
186 157
186 164
186 169
187 33
187 35
187 36
187 48
187 89
187 96
187 101
187 136
187 145
187 175
187 180
188 24
188 41
188 57
188 64
188 65
188 71
188 77
188 101
188 150
188 163
188 169
188 177
188 180
189 1
189 28
189 46
189 61
189 62
189 63
189 83
189 89
189 110
189 148
190 41
190 51
190 98
190 104
190 120
190 126
190 141
191 6
191 7
191 12
191 33
191 38
191 42
191 49
191 53
191 59
191 65
191 67
191 73
191 75
191 83
191 96
191 102
191 106
191 114
191 119
191 123
191 129
191 130
191 137
191 139
191 151
191 153
191 157
191 158
191 162
191 163
191 178
191 180
191 181
191 182
191 190
192 28
192 31
192 35
192 36
192 48
192 49
192 71
192 89
192 92
192 101
192 105
192 109
192 113
192 129
192 136
192 137
192 140
192 151
192 161
192 175
192 178
192 180
192 187
192 188
193 1
193 2
193 106
193 122
193 125
193 144
193 166
193 185
194 7
194 13
194 35
194 38
194 52
194 70
194 78
194 82
194 85
194 126
194 141
194 175
195 6
195 7
195 10
195 12
195 49
195 53
195 83
195 108
195 119
195 137
195 151
195 157
195 162
195 191
196 5
196 42
196 57
196 101
196 118
196 169
196 188
197 9
197 24
197 25
197 52
197 69
197 80
197 81
197 121
197 145
197 155
197 159
197 163
197 164
197 165
197 166
197 169
197 175
197 186
198 10
198 37
198 38
198 42
198 50
198 52
198 55
198 60
198 70
198 88
198 90
198 126
198 136
198 139
198 155
198 160
198 190
198 191
198 194
199 7
199 8
199 45
199 60
199 76
199 113
199 117
199 135
199 150
199 192
200 1
200 7
200 8
200 33
200 62
200 74
200 76
200 148
200 181
200 186
200 189
200 199
201 37
201 55
201 97
201 122
201 198
202 30
202 56
202 58
202 59
202 80
202 94
202 98
202 116
202 125
202 131
202 166
202 171
203 24
203 25
203 29
203 40
203 52
203 86
203 91
203 95
203 111
203 155
203 161
203 169
203 186
203 197
204 6
204 7
204 8
204 12
204 35
204 49
204 53
204 58
204 60
204 76
204 119
204 137
204 151
204 163
204 176
204 182
204 191
204 195
204 199
204 200
205 1
205 7
205 14
205 19
205 24
205 33
205 49
205 60
205 66
205 68
205 73
205 84
205 86
205 95
205 97
205 106
205 110
205 134
205 153
205 154
205 156
205 172
205 178
206 9
206 24
206 25
206 42
206 52
206 90
206 94
206 155
206 169
206 172
206 184
206 186
206 187
206 197
206 203
207 11
207 46
207 75
207 131
207 139
207 154
207 161
207 203
208 5
208 10
208 12
208 17
208 22
208 23
208 45
208 49
208 50
208 53
208 54
208 60
208 66
208 70
208 76
208 85
208 94
208 98
208 105
208 108
208 115
208 125
208 134
208 137
208 141
208 144
208 157
208 162
208 166
208 195
209 6
209 10
209 19
209 27
209 45
209 46
209 82
209 85
209 86
209 93
209 141
209 158
209 167
209 172
209 190
209 191
209 198
210 24
210 25
210 26
210 29
210 40
210 52
210 83
210 111
210 155
210 169
210 186
210 197
210 203
210 206
211 20
211 59
211 85
211 125
211 129
211 140
211 141
211 202
211 208
212 30
212 38
212 39
212 50
212 60
212 70
212 71
212 80
212 86
212 88
212 90
212 96
212 97
212 113
212 134
212 136
212 139
212 153
212 164
212 170
212 178
212 198
212 205
213 5
213 19
213 27
213 29
213 31
213 38
213 46
213 51
213 55
213 67
213 69
213 73
213 77
213 86
213 88
213 91
213 92
213 102
213 116
213 119
213 151
213 159
213 167
213 170
213 172
213 209
214 17
214 31
214 60
214 149
214 150
215 1
215 17
215 33
215 38
215 47
215 55
215 67
215 73
215 77
215 88
215 91
215 92
215 99
215 114
215 133
215 152
215 153
215 164
215 172
215 178
215 181
215 191
215 213
216 32
216 39
216 70
216 122
216 170
216 175
216 178
216 212
217 12
217 15
217 26
217 31
217 36
217 69
217 81
217 121
217 156
217 165
217 175
217 197
218 7
218 41
218 59
218 94
218 96
218 102
218 106
218 114
218 123
218 125
218 163
218 168
218 180
218 190
218 191
218 193
219 1
219 15
219 17
219 18
219 33
219 35
219 36
219 38
219 41
219 42
219 46
219 48
219 60
219 67
219 68
219 73
219 77
219 82
219 86
219 89
219 97
219 100
219 101
219 105
219 106
219 112
219 117
219 125
219 134
219 136
219 137
219 154
219 175
219 178
219 180
219 181
219 182
219 186
219 187
219 191
219 192
219 193
219 194
219 205
219 212
219 215
219 218
220 29
220 44
220 47
220 49
220 56
220 58
220 65
220 66
220 67
220 72
220 78
220 80
220 94
220 98
220 105
220 112
220 123
220 129
220 149
220 156
220 166
220 202
221 7
221 28
221 46
221 47
221 49
221 50
221 58
221 63
221 65
221 66
221 68
221 72
221 83
221 89
221 94
221 105
221 120
221 129
221 147
221 162
221 189
221 205
221 208
221 218
221 220
222 33
222 38
222 41
222 67
222 105
222 118
222 131
222 178
222 181
222 190
222 191
222 215
222 218
222 219
223 4
223 31
223 47
223 49
223 57
223 69
223 72
223 75
223 98
223 101
223 105
223 106
223 121
223 136
223 140
223 152
223 159
223 169
223 188
223 192
223 196
224 3
224 4
224 10
224 12
224 20
224 35
224 41
224 42
224 49
224 53
224 82
224 84
224 97
224 98
224 100
224 105
224 108
224 118
224 131
224 137
224 157
224 190
224 195
224 201
224 208
224 218
224 219
224 222
225 5
225 16
225 41
225 69
225 77
225 131
225 184
225 207
226 2
226 24
226 25
226 35
226 52
226 56
226 72
226 82
226 98
226 99
226 112
226 134
226 135
226 148
226 155
226 169
226 184
226 186
226 194
226 197
226 203
226 206
226 210
226 219
227 6
227 7
227 8
227 13
227 24
227 38
227 76
227 91
227 95
227 103
227 111
227 114
227 121
227 126
227 161
227 166
227 175
227 185
227 193
227 194
227 199
227 200
227 203
227 204
227 215
228 5
228 17
228 35
228 41
228 42
228 60
228 70
228 82
228 94
228 98
228 100
228 105
228 134
228 137
228 208
228 219
228 224
229 13
229 28
229 31
229 38
229 52
229 71
229 75
229 123
229 126
229 137
229 158
229 165
229 175
229 192
229 194
229 207
229 227
230 9
230 16
230 59
230 73
230 75
230 83
230 102
230 106
230 114
230 123
230 129
230 145
230 162
230 163
230 164
230 180
230 182
230 186
230 191
230 196
230 197
230 218
231 7
231 8
231 41
231 76
231 85
231 137
231 190
231 191
231 198
231 199
231 200
231 204
231 209
231 218
231 222
231 224
231 227
232 17
232 31
232 41
232 42
232 45
232 56
232 57
232 59
232 75
232 78
232 80
232 83
232 85
232 104
232 105
232 118
232 125
232 131
232 139
232 141
232 149
232 159
232 160
232 161
232 166
232 168
232 175
232 179
232 190
232 197
232 207
232 208
232 211
232 214
232 218
232 222
232 224
232 231
233 1
233 12
233 15
233 19
233 31
233 45
233 73
233 90
233 95
233 109
233 116
233 117
233 135
233 153
233 156
233 199
233 205
233 217
234 1
234 2
234 27
234 38
234 50
234 71
234 77
234 88
234 90
234 105
234 115
234 136
234 139
234 150
234 162
234 165
234 166
234 193
234 197
234 198
234 208
234 212
234 221
235 38
235 50
235 69
235 78
235 81
235 88
235 90
235 121
235 136
235 139
235 158
235 165
235 171
235 197
235 198
235 212
235 217
235 232
235 234
236 3
236 15
236 17
236 22
236 31
236 68
236 73
236 93
236 102
236 109
236 112
236 149
236 154
236 156
236 162
236 182
236 214
236 219
236 232
237 15
237 19
237 30
237 49
237 53
237 90
237 91
237 116
237 135
237 143
237 171
237 199
237 202
237 233
238 167
238 174
239 18
239 25
239 27
239 71
239 77
239 115
239 150
239 234
240 3
240 17
240 22
240 31
240 56
240 58
240 80
240 94
240 98
240 102
240 114
240 146
240 149
240 156
240 166
240 202
240 214
240 215
240 220
240 227
240 232
240 236
241 47
241 58
241 60
241 65
241 86
241 97
241 118
241 129
241 134
241 170
241 176
241 177
241 178
241 204
241 205
241 212
241 219
242 10
242 12
242 28
242 46
242 49
242 50
242 53
242 63
242 83
242 85
242 89
242 105
242 108
242 118
242 125
242 131
242 141
242 157
242 162
242 189
242 195
242 208
242 211
242 221
242 222
242 224
242 232
242 234
243 59
243 97
243 100
243 112
243 125
243 156
243 158
243 202
243 211
244 6
244 7
244 35
244 36
244 42
244 48
244 66
244 68
244 89
244 90
244 101
244 104
244 131
244 136
244 173
244 175
244 180
244 187
244 192
244 205
244 219
244 221
245 12
245 24
245 28
245 30
245 31
245 47
245 49
245 71
245 92
245 93
245 96
245 118
245 121
245 122
245 137
245 139
245 144
245 148
245 156
245 177
245 180
245 192
245 205
245 223
245 227
245 229
246 1
246 28
246 33
246 44
246 46
246 62
246 63
246 67
246 78
246 83
246 89
246 112
246 123
246 133
246 152
246 164
246 189
246 215
246 220
246 221
246 242
247 36
247 43
247 70
247 71
247 85
247 93
247 149
247 151
247 170
247 176
247 183
247 209
248 190
248 191
248 198
248 209
248 214
248 231
249 2
249 10
249 15
249 18
249 22
249 57
249 65
249 101
249 103
249 107
249 118
249 121
249 146
249 155
249 157
249 166
249 169
249 180
249 186
249 188
249 196
249 208
249 223
249 245
250 1
250 2
250 5
250 6
250 33
250 49
250 74
250 93
250 96
250 106
250 108
250 133
250 144
250 155
250 162
250 186
250 200
250 245
251 3
251 4
251 20
251 23
251 37
251 45
251 76
251 84
251 98
251 135
251 144
251 208
251 217
251 224
252 59
252 68
252 78
252 139
252 156
252 158
252 190
252 191
252 198
252 209
252 231
252 235
252 243
252 248
253 9
253 50
253 77
253 83
253 111
253 136
253 169
253 182
253 184
253 189
253 206
254 33
254 40
254 42
254 48
254 65
254 69
254 81
254 96
254 130
254 139
254 141
254 153
254 158
254 180
254 182
254 191
255 3
255 4
255 13
255 20
255 28
255 31
255 38
255 42
255 71
255 84
255 98
255 109
255 113
255 126
255 137
255 161
255 173
255 175
255 192
255 194
255 224
255 227
255 229
255 245
255 251
256 10
256 12
256 15
256 49
256 53
256 68
256 73
256 102
256 108
256 112
256 154
256 157
256 182
256 185
256 195
256 208
256 219
256 224
256 236
256 242
257 4
257 12
257 15
257 26
257 31
257 35
257 36
257 43
257 48
257 57
257 76
257 80
257 89
257 98
257 101
257 112
257 133
257 136
257 156
257 168
257 169
257 175
257 180
257 187
257 188
257 192
257 196
257 217
257 219
257 223
257 233
257 244
257 249
258 6
258 7
258 9
258 21
258 30
258 40
258 42
258 49
258 50
258 61
258 66
258 68
258 69
258 83
258 88
258 111
258 112
258 118
258 127
258 136
258 137
258 141
258 145
258 151
258 161
258 164
258 169
258 173
258 182
258 205
258 221
258 244
258 253
258 254
258 255
259 15
259 35
259 57
259 83
259 99
259 105
259 112
259 118
259 131
259 134
259 148
259 162
259 176
259 188
259 195
259 222
259 224
259 226
259 232
259 242
260 46
260 54
260 105
260 118
260 131
260 136
260 137
260 159
260 222
260 224
260 226
260 232
260 242
260 259
261 10
261 22
261 27
261 63
261 71
261 77
261 78
261 115
261 139
261 150
261 158
261 166
261 173
261 179
261 198
261 208
261 209
261 234
261 235
261 239
261 249
261 252
262 2
262 5
262 10
262 18
262 24
262 42
262 49
262 55
262 58
262 59
262 60
262 86
262 91
262 106
262 108
262 155
262 160
262 162
262 167
262 190
262 191
262 198
262 209
262 231
262 248
262 250
262 252
262 261
263 2
263 5
263 6
263 7
263 30
263 32
263 42
263 43
263 45
263 49
263 57
263 60
263 80
263 85
263 86
263 97
263 106
263 108
263 118
263 134
263 137
263 145
263 151
263 155
263 160
263 161
263 162
263 164
263 166
263 178
263 198
263 205
263 212
263 214
263 219
263 232
263 241
263 250
263 258
263 262
264 12
264 13
264 30
264 38
264 53
264 60
264 66
264 71
264 80
264 92
264 100
264 105
264 107
264 113
264 118
264 126
264 131
264 133
264 153
264 164
264 166
264 170
264 175
264 182
264 194
264 212
264 222
264 224
264 227
264 229
264 232
264 241
264 242
264 245
264 255
264 259
264 260
265 6
265 15
265 19
265 27
265 45
265 46
265 68
265 73
265 82
265 86
265 89
265 111
265 112
265 153
265 154
265 158
265 167
265 172
265 182
265 194
265 209
265 213
265 219
265 236
265 243
265 256
266 2
266 5
266 45
266 49
266 52
266 57
266 85
266 106
266 108
266 123
266 126
266 158
266 162
266 165
266 175
266 229
266 232
266 250
266 262
266 263
267 9
267 16
267 50
267 60
267 71
267 78
267 83
267 86
267 88
267 97
267 111
267 134
267 136
267 150
267 165
267 169
267 173
267 178
267 205
267 212
267 219
267 232
267 234
267 235
267 241
267 253
267 258
267 263
268 9
268 24
268 25
268 42
268 50
268 52
268 60
268 92
268 155
268 160
268 169
268 176
268 186
268 197
268 198
268 203
268 204
268 206
268 210
268 226
268 241
268 262
268 263
269 4
269 9
269 26
269 43
269 66
269 140
269 235
269 261
270 1
270 7
270 19
270 27
270 46
270 73
270 86
270 91
270 95
270 96
270 139
270 153
270 161
270 167
270 168
270 172
270 176
270 203
270 205
270 207
270 209
270 213
270 218
270 227
270 232
270 233
270 265
271 9
271 12
271 15
271 18
271 24
271 27
271 41
271 47
271 53
271 60
271 66
271 71
271 77
271 100
271 103
271 107
271 115
271 118
271 146
271 150
271 153
271 157
271 163
271 164
271 184
271 186
271 188
271 200
271 206
271 215
271 234
271 239
271 249
271 253
271 261
271 264
272 4
272 5
272 9
272 26
272 43
272 55
272 66
272 69
272 140
272 196
272 213
272 230
272 269
273 22
273 43
273 96
273 142
273 151
273 170
273 179
273 247
274 12
274 29
274 30
274 31
274 35
274 40
274 41
274 42
274 51
274 82
274 98
274 100
274 104
274 105
274 111
274 114
274 118
274 120
274 122
274 137
274 138
274 140
274 160
274 171
274 190
274 202
274 203
274 210
274 218
274 219
274 224
274 228
274 237
274 245
275 2
275 47
275 56
275 69
275 72
275 98
275 135
275 136
275 184
275 223
275 226
276 2
276 5
276 31
276 35
276 38
276 42
276 49
276 73
276 77
276 82
276 102
276 106
276 108
276 116
276 119
276 133
276 153
276 155
276 162
276 172
276 173
276 194
276 213
276 219
276 226
276 250
276 255
276 258
276 262
276 263
276 265
276 266
276 272
277 5
277 33
277 55
277 69
277 89
277 175
277 213
277 221
277 272
278 24
278 41
278 47
278 49
278 58
278 65
278 72
278 105
278 121
278 129
278 139
278 148
278 156
278 177
278 180
278 205
278 206
278 220
278 221
278 245
279 28
279 76
279 80
279 148
279 185
279 253
279 275
280 3
280 4
280 20
280 21
280 36
280 78
280 82
280 84
280 97
280 98
280 104
280 142
280 201
280 224
280 228
280 232
280 251
280 255
281 4
281 42
281 65
281 67
281 75
281 78
281 83
281 168
281 179
281 180
281 188
281 203
281 207
281 232
281 235
281 249
281 267
282 6
282 7
282 8
282 11
282 17
282 28
282 30
282 31
282 46
282 49
282 63
282 83
282 89
282 99
282 118
282 137
282 145
282 149
282 151
282 161
282 164
282 189
282 214
282 221
282 232
282 236
282 240
282 242
282 246
282 256
282 258
282 263
282 278
283 2
283 5
283 7
283 8
283 24
283 49
283 56
283 72
283 76
283 91
283 95
283 98
283 106
283 107
283 108
283 114
283 121
283 135
283 156
283 161
283 162
283 184
283 199
283 200
283 203
283 204
283 205
283 215
283 226
283 227
283 231
283 240
283 245
283 250
283 262
283 263
283 266
283 270
283 275
283 276
283 278
284 69
284 78
284 81
284 121
284 139
284 145
284 158
284 165
284 197
284 217
284 232
284 235
284 252
284 261
284 267
284 281
285 8
285 12
285 25
285 35
285 49
285 53
285 57
285 83
285 92
285 96
285 97
285 99
285 112
285 129
285 134
285 148
285 154
285 176
285 177
285 178
285 191
285 192
285 207
285 226
285 259
286 5
286 17
286 55
286 60
286 69
286 70
286 94
286 98
286 110
286 117
286 208
286 213
286 228
286 272
286 277
287 1
287 18
287 33
287 35
287 46
287 56
287 58
287 73
287 74
287 80
287 94
287 98
287 117
287 166
287 186
287 200
287 202
287 219
287 220
287 240
287 250
288 12
288 53
288 60
288 66
288 89
288 100
288 118
288 175
288 262
288 264
288 269
288 271
288 277
289 8
289 30
289 71
289 80
289 113
289 120
289 147
289 153
289 164
289 212
289 221
289 233
289 264
290 6
290 7
290 12
290 49
290 53
290 61
290 62
290 84
290 119
290 137
290 148
290 151
290 189
290 191
290 195
290 204
290 241
291 2
291 15
291 40
291 55
291 68
291 69
291 73
291 82
291 88
291 91
291 92
291 112
291 154
291 172
291 182
291 213
291 215
291 219
291 224
291 228
291 236
291 243
291 254
291 256
291 258
291 265
291 280
292 6
292 33
292 42
292 47
292 49
292 58
292 65
292 66
292 72
292 81
292 89
292 104
292 105
292 111
292 123
292 129
292 130
292 131
292 173
292 213
292 220
292 221
292 235
292 244
292 254
292 261
292 265
292 269
292 278
293 33
293 35
293 36
293 48
293 64
293 84
293 87
293 89
293 101
293 106
293 110
293 136
293 154
293 156
293 172
293 175
293 180
293 187
293 192
293 205
293 207
293 219
293 244
293 257
293 285
294 2
294 5
294 17
294 31
294 49
294 56
294 58
294 72
294 91
294 95
294 98
294 106
294 108
294 135
294 149
294 161
294 162
294 184
294 203
294 214
294 226
294 227
294 232
294 236
294 240
294 250
294 262
294 263
294 266
294 268
294 270
294 275
294 276
294 282
294 283
295 14
295 36
295 67
295 119
295 216
296 29
296 40
296 79
296 90
296 111
296 117
296 157
296 203
296 207
296 210
296 274
296 293
297 5
297 17
297 24
297 41
297 49
297 51
297 56
297 58
297 60
297 61
297 70
297 77
297 80
297 94
297 98
297 104
297 120
297 156
297 163
297 166
297 188
297 190
297 202
297 205
297 208
297 220
297 228
297 240
297 245
297 271
297 274
297 278
297 283
297 286
297 287
298 1
298 3
298 17
298 20
298 25
298 35
298 41
298 42
298 82
298 100
298 105
298 129
298 134
298 137
298 140
298 142
298 186
298 194
298 211
298 215
298 219
298 224
298 226
298 228
298 274
298 276
299 39
299 42
299 60
299 70
299 93
299 96
299 139
299 144
299 155
299 160
299 161
299 170
299 178
299 198
299 207
299 212
299 213
299 216
299 232
299 245
299 250
299 262
299 263
299 268
299 270
300 11
300 57
300 64
300 82
300 98
300 101
300 111
300 114
300 137
300 138
300 140
300 160
300 169
300 188
300 191
300 196
300 223
300 249
300 257
300 274
301 3
301 4
301 17
301 20
301 25
301 40
301 69
301 82
301 84
301 92
301 93
301 96
301 98
301 111
301 114
301 129
301 134
301 137
301 138
301 140
301 142
301 144
301 160
301 182
301 186
301 222
301 224
301 245
301 250
301 251
301 254
301 255
301 258
301 264
301 274
301 280
301 291
301 298
301 299
301 300
302 1
302 9
302 19
302 39
302 42
302 61
302 65
302 67
302 73
302 80
302 93
302 95
302 96
302 114
302 130
302 139
302 140
302 144
302 153
302 158
302 163
302 166
302 170
302 179
302 180
302 191
302 205
302 233
302 245
302 250
302 253
302 254
302 270
302 271
302 299
302 301
303 6
303 13
303 14
303 38
303 42
303 47
303 49
303 52
303 58
303 65
303 67
303 72
303 104
303 105
303 126
303 129
303 131
303 172
303 173
303 175
303 194
303 220
303 221
303 227
303 229
303 244
303 255
303 264
303 278
303 292
303 295
304 23
304 45
304 72
304 76
304 128
304 135
304 143
304 144
304 146
304 161
304 190
304 191
304 198
304 208
304 209
304 231
304 248
304 251
304 252
304 262
305 10
305 12
305 13
305 15
305 49
305 53
305 62
305 68
305 73
305 76
305 99
305 108
305 112
305 154
305 157
305 166
305 182
305 195
305 208
305 219
305 224
305 236
305 242
305 256
305 265
305 291
306 5
306 14
306 17
306 31
306 43
306 59
306 60
306 67
306 70
306 80
306 94
306 98
306 125
306 149
306 151
306 159
306 166
306 170
306 175
306 197
306 202
306 208
306 211
306 214
306 228
306 232
306 236
306 240
306 243
306 247
306 273
306 282
306 286
306 294
306 295
306 297
306 303
307 5
307 17
307 35
307 41
307 42
307 60
307 70
307 94
307 98
307 100
307 105
307 137
307 138
307 208
307 219
307 224
307 228
307 251
307 274
307 286
307 297
307 298
307 306
308 11
308 47
308 60
308 69
308 102
308 105
308 118
308 131
308 136
308 176
308 204
308 207
308 222
308 223
308 224
308 232
308 241
308 242
308 259
308 260
308 264
308 268
308 275
309 1
309 20
309 33
309 58
309 73
309 74
309 186
309 200
309 250
309 287
309 290
309 298
309 301
310 29
310 35
310 51
310 99
310 112
310 134
310 141
310 148
310 149
310 151
310 159
310 167
310 170
310 213
310 226
310 231
310 254
310 258
310 259
310 285
311 5
311 8
311 16
311 27
311 47
311 57
311 66
311 69
311 77
311 78
311 82
311 105
311 113
311 136
311 139
311 158
311 192
311 199
311 223
311 225
311 235
311 252
311 261
311 275
311 284
311 308
312 23
312 45
312 76
312 113
312 144
312 161
312 208
312 251
312 301
312 304
313 47
313 59
313 125
313 152
313 202
313 211
313 243
313 257
313 272
313 306
314 3
314 12
314 15
314 27
314 31
314 36
314 45
314 57
314 66
314 80
314 85
314 156
314 159
314 166
314 175
314 197
314 217
314 232
314 233
314 257
314 263
314 266
314 306
314 311
315 7
315 8
315 9
315 31
315 38
315 57
315 59
315 73
315 76
315 77
315 79
315 102
315 116
315 117
315 119
315 156
315 158
315 172
315 184
315 199
315 200
315 204
315 206
315 213
315 227
315 231
315 243
315 252
315 253
315 271
315 276
315 283
315 296
315 304
316 2
316 13
316 84
316 103
316 137
316 147
316 155
316 163
316 182
316 204
316 237
316 249
316 260
316 275
317 33
317 38
317 60
317 61
317 67
317 88
317 112
317 176
317 178
317 181
317 191
317 204
317 215
317 219
317 222
317 241
317 258
317 268
317 308
318 6
318 27
318 29
318 39
318 45
318 70
318 82
318 86
318 96
318 145
318 156
318 158
318 170
318 178
318 187
318 209
318 212
318 216
318 220
318 265
318 299
319 38
319 42
319 53
319 60
319 86
319 97
319 132
319 134
319 150
319 155
319 160
319 176
319 178
319 198
319 205
319 212
319 219
319 240
319 241
319 262
319 263
319 267
319 268
319 299
320 1
320 2
320 9
320 27
320 71
320 77
320 88
320 114
320 115
320 129
320 150
320 165
320 184
320 193
320 206
320 234
320 239
320 253
320 261
320 267
320 271
320 302
320 315
321 30
321 35
321 39
321 60
321 67
321 71
321 73
321 80
321 85
321 86
321 97
321 99
321 112
321 113
321 122
321 134
321 148
321 153
321 164
321 166
321 178
321 179
321 205
321 212
321 219
321 226
321 241
321 259
321 263
321 264
321 267
321 285
321 289
321 302
321 310
321 319
322 1
322 19
322 42
322 59
322 65
322 73
322 95
322 96
322 130
322 139
322 153
322 156
322 158
322 180
322 191
322 205
322 233
322 243
322 252
322 254
322 266
322 270
322 281
322 302
322 315
323 4
323 12
323 30
323 31
323 75
323 117
323 118
323 122
323 171
323 184
323 202
323 237
323 245
323 274
323 281
324 10
324 12
324 35
324 47
324 49
324 53
324 55
324 59
324 61
324 85
324 88
324 91
324 92
324 108
324 112
324 125
324 141
324 153
324 157
324 164
324 172
324 193
324 195
324 202
324 208
324 211
324 213
324 215
324 224
324 232
324 242
324 243
324 256
324 258
324 271
324 291
324 305
324 306
324 313
324 317
325 1
325 4
325 9
325 22
325 26
325 33
325 43
325 44
325 47
325 59
325 66
325 93
325 109
325 133
325 140
325 152
325 153
325 156
325 158
325 162
325 164
325 215
325 236
325 243
325 246
325 252
325 269
325 271
325 272
325 292
325 315
325 322
325 324
326 7
326 15
326 49
326 53
326 237
327 7
327 38
327 96
327 168
327 196
327 218
327 270
328 5
328 19
328 27
328 29
328 46
328 51
328 55
328 62
328 65
328 69
328 86
328 151
328 159
328 166
328 167
328 170
328 172
328 180
328 188
328 196
328 209
328 213
328 230
328 249
328 265
328 270
328 272
328 277
328 281
328 286
328 287
328 305
328 310
329 10
329 18
329 22
329 35
329 46
329 73
329 97
329 100
329 117
329 123
329 142
329 156
329 166
329 186
329 190
329 208
329 219
329 243
329 249
329 261
329 280
329 287
330 24
330 27
330 41
330 47
330 66
330 69
330 77
330 94
330 113
330 136
330 163
330 188
330 192
330 199
330 218
330 221
330 223
330 271
330 275
330 297
330 308
330 311
330 314
331 9
331 47
331 49
331 50
331 58
331 65
331 72
331 105
331 129
331 162
331 208
331 220
331 221
331 234
331 242
331 268
331 278
331 290
331 292
331 303
332 13
332 21
332 76
332 126
332 193
332 246
332 305
333 12
333 15
333 25
333 30
333 31
333 36
333 44
333 53
333 60
333 86
333 96
333 97
333 112
333 134
333 154
333 156
333 171
333 175
333 178
333 201
333 202
333 205
333 212
333 217
333 219
333 224
333 233
333 237
333 241
333 257
333 263
333 267
333 274
333 280
333 285
333 314
333 319
333 321
333 323
334 42
334 63
334 68
334 69
334 81
334 121
334 165
334 173
334 179
334 188
334 197
334 206
334 207
334 217
334 235
334 255
334 258
334 261
334 276
334 278
334 284
334 293
334 296
335 24
335 49
335 57
335 92
335 101
335 106
335 118
335 129
335 144
335 169
335 178
335 188
335 192
335 196
335 223
335 249
335 257
335 264
335 285
335 286
335 300
336 22
336 35
336 41
336 42
336 47
336 48
336 49
336 58
336 59
336 65
336 72
336 82
336 93
336 100
336 102
336 105
336 109
336 114
336 115
336 123
336 129
336 137
336 153
336 162
336 163
336 164
336 180
336 191
336 215
336 218
336 219
336 220
336 221
336 224
336 228
336 230
336 236
336 271
336 274
336 278
336 292
336 298
336 303
336 307
336 317
336 324
336 325
336 331
337 29
337 40
337 111
337 133
337 155
337 168
337 176
337 203
337 210
337 250
337 258
337 274
337 276
337 281
337 296
338 19
338 27
338 46
338 86
338 120
338 147
338 167
338 172
338 209
338 213
338 221
338 252
338 265
338 270
338 289
338 328
339 6
339 7
339 30
339 31
339 35
339 49
339 50
339 105
339 118
339 137
339 140
339 145
339 151
339 161
339 164
339 192
339 196
339 223
339 230
339 258
339 263
339 272
339 282
339 328
340 30
340 42
340 63
340 66
340 75
340 83
340 139
340 161
340 168
340 171
340 173
340 179
340 194
340 202
340 207
340 232
340 237
340 261
340 270
340 274
340 281
340 299
340 323
340 333
340 334
341 7
341 30
341 32
341 33
341 43
341 45
341 49
341 80
341 84
341 96
341 106
341 110
341 117
341 154
341 156
341 166
341 168
341 171
341 172
341 199
341 202
341 205
341 218
341 233
341 237
341 263
341 270
341 274
341 277
341 292
341 293
341 323
341 327
341 333
341 340
342 1
342 4
342 19
342 35
342 69
342 73
342 75
342 81
342 94
342 95
342 99
342 112
342 121
342 134
342 143
342 148
342 153
342 165
342 197
342 205
342 217
342 218
342 221
342 226
342 233
342 235
342 259
342 270
342 281
342 284
342 285
342 302
342 310
342 321
342 322
342 323
342 330
342 334
343 5
343 16
343 42
343 65
343 69
343 77
343 80
343 81
343 96
343 121
343 130
343 139
343 153
343 158
343 159
343 165
343 166
343 174
343 175
343 180
343 182
343 191
343 197
343 217
343 225
343 232
343 235
343 249
343 254
343 264
343 284
343 302
343 306
343 311
343 314
343 322
343 334
343 342
344 1
344 7
344 9
344 19
344 21
344 24
344 25
344 33
344 49
344 50
344 52
344 66
344 68
344 73
344 83
344 84
344 95
344 96
344 106
344 110
344 111
344 127
344 136
344 142
344 153
344 154
344 155
344 156
344 169
344 172
344 186
344 197
344 203
344 205
344 206
344 210
344 221
344 226
344 233
344 244
344 245
344 253
344 258
344 267
344 268
344 270
344 273
344 278
344 283
344 293
344 297
344 302
344 322
344 341
344 342
345 4
345 22
345 63
345 93
345 109
345 131
345 162
345 173
345 179
345 221
345 229
345 236
345 261
345 325
345 334
345 336
345 340
346 30
346 71
346 80
346 87
346 113
346 153
346 164
346 185
346 212
346 264
346 267
346 289
346 305
346 321
347 10
347 11
347 13
347 20
347 22
347 24
347 49
347 83
347 84
347 99
347 103
347 106
347 118
347 125
347 129
347 140
347 151
347 156
347 166
347 170
347 193
347 196
347 205
347 208
347 211
347 218
347 219
347 241
347 245
347 249
347 261
347 264
347 276
347 278
347 282
347 283
347 297
347 298
347 301
347 309
347 316
347 329
347 335
347 344
348 15
348 17
348 27
348 31
348 41
348 45
348 57
348 59
348 66
348 68
348 73
348 80
348 85
348 105
348 112
348 118
348 125
348 127
348 131
348 141
348 149
348 154
348 159
348 160
348 166
348 175
348 182
348 190
348 197
348 208
348 211
348 214
348 218
348 219
348 222
348 224
348 231
348 232
348 236
348 240
348 242
348 256
348 259
348 260
348 263
348 264
348 265
348 266
348 282
348 291
348 294
348 305
348 306
348 308
348 311
348 314
348 324
348 330
348 337
348 343
349 18
349 28
349 35
349 42
349 46
349 63
349 65
349 73
349 75
349 83
349 88
349 89
349 106
349 117
349 129
349 162
349 165
349 168
349 179
349 180
349 182
349 186
349 188
349 189
349 191
349 203
349 219
349 221
349 230
349 232
349 234
349 242
349 246
349 249
349 267
349 281
349 282
349 287
349 320
349 328
349 329
349 340
350 4
350 16
350 39
350 72
350 75
350 98
350 106
350 121
350 152
350 159
350 211
350 223
350 264
350 286
350 301
351 10
351 12
351 33
351 38
351 42
351 49
351 53
351 61
351 62
351 67
351 75
351 83
351 88
351 108
351 112
351 115
351 139
351 157
351 161
351 168
351 178
351 179
351 181
351 191
351 195
351 207
351 208
351 215
351 219
351 222
351 224
351 232
351 242
351 256
351 258
351 270
351 281
351 299
351 305
351 317
351 324
351 340
351 349
352 9
352 27
352 40
352 42
352 50
352 66
352 69
352 71
352 77
352 78
352 83
352 86
352 111
352 115
352 136
352 139
352 141
352 150
352 158
352 168
352 169
352 173
352 182
352 191
352 234
352 235
352 239
352 252
352 253
352 254
352 255
352 258
352 261
352 267
352 271
352 276
352 284
352 291
352 301
352 310
352 311
352 314
352 320
352 330
352 334
352 344
352 348
353 15
353 18
353 19
353 22
353 34
353 50
353 93
353 103
353 105
353 107
353 109
353 146
353 157
353 162
353 186
353 208
353 221
353 234
353 236
353 242
353 249
353 267
353 271
353 282
353 289
353 325
353 331
353 336
353 345
354 12
354 13
354 30
354 31
354 42
354 65
354 96
354 118
354 122
354 130
354 139
354 153
354 158
354 180
354 191
354 196
354 245
354 254
354 274
354 302
354 322
354 323
354 332
354 335
354 343
354 347
355 6
355 15
355 18
355 33
355 35
355 38
355 61
355 67
355 82
355 88
355 103
355 107
355 112
355 146
355 157
355 178
355 181
355 186
355 191
355 194
355 215
355 219
355 222
355 226
355 249
355 258
355 271
355 276
355 298
355 317
355 324
355 351
355 353
356 9
356 12
356 35
356 42
356 49
356 50
356 53
356 60
356 66
356 68
356 69
356 81
356 83
356 88
356 92
356 99
356 100
356 111
356 112
356 118
356 121
356 129
356 134
356 136
356 148
356 165
356 169
356 178
356 192
356 197
356 217
356 226
356 234
356 235
356 253
356 258
356 259
356 264
356 267
356 271
356 284
356 285
356 288
356 310
356 320
356 321
356 334
356 335
356 342
356 343
356 344
356 349
356 352
357 5
357 16
357 68
357 69
357 77
357 114
357 135
357 136
357 158
357 215
357 225
357 227
357 240
357 283
357 311
357 343
357 346
358 3
358 4
358 9
358 20
358 30
358 33
358 71
358 80
358 84
358 92
358 98
358 106
358 110
358 113
358 145
358 153
358 154
358 156
358 164
358 172
358 186
358 197
358 205
358 212
358 224
358 230
358 245
358 251
358 255
358 264
358 280
358 289
358 293
358 301
358 321
358 341
358 344
358 346
358 354
359 25
359 43
359 52
359 111
359 115
359 151
359 168
359 170
359 247
359 273
359 295
359 306
360 19
360 56
360 106
360 125
360 146
360 193
360 218
360 219
360 244
360 347
361 13
361 38
361 54
361 66
361 88
361 108
361 114
361 115
361 126
361 134
361 157
361 165
361 175
361 194
361 208
361 215
361 227
361 229
361 234
361 240
361 255
361 264
361 267
361 283
361 303
361 320
361 349
361 356
361 357
362 12
362 20
362 23
362 28
362 35
362 45
362 53
362 54
362 60
362 66
362 76
362 82
362 100
362 108
362 115
362 118
362 133
362 134
362 144
362 155
362 157
362 185
362 194
362 208
362 219
362 226
362 250
362 251
362 264
362 271
362 276
362 279
362 288
362 298
362 301
362 304
362 309
362 312
362 337
362 355
362 356
362 361
363 10
363 22
363 27
363 36
363 70
363 71
363 77
363 115
363 142
363 149
363 150
363 166
363 208
363 234
363 239
363 247
363 249
363 261
363 271
363 280
363 306
363 320
363 329
363 347
363 352
364 7
364 41
364 59
364 90
364 91
364 95
364 96
364 102
364 106
364 114
364 123
364 125
364 161
364 163
364 168
364 180
364 190
364 191
364 193
364 203
364 218
364 219
364 222
364 224
364 227
364 230
364 231
364 232
364 270
364 283
364 294
364 323
364 327
364 336
364 341
364 347
364 348
364 360
365 12
365 15
365 17
365 31
365 38
365 40
365 69
365 73
365 77
365 81
365 102
365 116
365 119
365 121
365 149
365 156
365 165
365 172
365 182
365 197
365 213
365 214
365 217
365 232
365 233
365 235
365 236
365 240
365 254
365 257
365 258
365 276
365 282
365 284
365 291
365 294
365 301
365 306
365 314
365 315
365 333
365 334
365 342
365 343
365 348
365 352
365 356
366 62
366 105
366 118
366 131
366 145
366 152
366 222
366 224
366 232
366 242
366 250
366 259
366 260
366 264
366 308
366 348
367 3
367 4
367 20
367 84
367 85
367 93
367 96
367 98
367 141
367 144
367 209
367 224
367 245
367 250
367 251
367 255
367 280
367 299
367 301
367 302
367 326
367 341
367 358
367 363
368 17
368 31
368 72
368 135
368 146
368 149
368 214
368 232
368 236
368 240
368 282
368 294
368 297
368 304
368 306
368 348
368 365
369 28
369 31
369 42
369 47
369 60
369 71
369 121
369 133
369 137
369 139
369 148
369 155
369 160
369 177
369 180
369 192
369 198
369 229
369 245
369 250
369 255
369 262
369 263
369 268
369 276
369 278
369 299
369 319
369 337
369 362
370 6
370 7
370 12
370 18
370 31
370 35
370 38
370 42
370 46
370 49
370 53
370 73
370 77
370 96
370 102
370 104
370 105
370 116
370 117
370 118
370 119
370 131
370 137
370 142
370 151
370 168
370 172
370 173
370 186
370 191
370 195
370 204
370 213
370 218
370 219
370 222
370 224
370 232
370 242
370 244
370 255
370 258
370 259
370 260
370 264
370 270
370 273
370 276
370 287
370 290
370 292
370 303
370 308
370 315
370 327
370 329
370 334
370 341
370 344
370 348
370 349
370 352
370 364
370 365
370 366
371 4
371 10
371 12
371 47
371 49
371 53
371 64
371 72
371 75
371 82
371 98
371 106
371 108
371 111
371 114
371 121
371 127
371 137
371 138
371 139
371 140
371 148
371 152
371 157
371 159
371 160
371 177
371 180
371 188
371 195
371 207
371 208
371 223
371 224
371 229
371 242
371 245
371 256
371 274
371 278
371 300
371 301
371 305
371 324
371 350
371 351
371 369
372 7
372 15
372 52
372 66
372 68
372 73
372 112
372 123
372 126
372 154
372 158
372 165
372 175
372 182
372 205
372 219
372 221
372 229
372 236
372 244
372 248
372 256
372 258
372 265
372 266
372 271
372 291
372 305
372 344
372 348
373 11
373 83
373 99
373 151
373 282
373 332
373 347
373 369
374 47
374 49
374 56
374 58
374 65
374 72
374 78
374 80
374 94
374 98
374 105
374 112
374 129
374 166
374 183
374 202
374 220
374 221
374 240
374 246
374 278
374 287
374 292
374 297
374 303
374 310
374 331
374 336
375 24
375 33
375 49
375 84
375 106
375 110
375 154
375 156
375 172
375 205
375 245
375 251
375 278
375 283
375 293
375 297
375 341
375 344
375 347
375 358
376 9
376 12
376 49
376 59
376 88
376 92
376 102
376 110
376 114
376 123
376 129
376 145
376 163
376 164
376 178
376 180
376 186
376 191
376 192
376 197
376 218
376 230
376 285
376 335
376 336
376 356
376 358
376 364
376 372
377 31
377 35
377 43
377 49
377 59
377 105
377 121
377 125
377 133
377 140
377 151
377 170
377 192
377 202
377 211
377 219
377 223
377 226
377 243
377 245
377 247
377 249
377 273
377 306
377 313
377 324
377 339
377 359
378 9
378 24
378 25
378 37
378 49
378 52
378 74
378 145
378 155
378 156
378 157
378 164
378 169
378 186
378 197
378 203
378 205
378 206
378 210
378 226
378 230
378 245
378 262
378 268
378 278
378 283
378 297
378 344
378 347
378 358
378 375
378 376
379 8
379 12
379 15
379 18
379 31
379 50
379 57
379 103
379 105
379 107
379 146
379 156
379 157
379 162
379 176
379 177
379 186
379 208
379 217
379 221
379 233
379 234
379 242
379 249
379 257
379 271
379 285
379 311
379 314
379 331
379 333
379 353
379 355
379 365
379 375
380 13
380 19
380 27
380 28
380 46
380 63
380 83
380 84
380 86
380 89
380 136
380 163
380 167
380 172
380 182
380 189
380 204
380 209
380 213
380 221
380 226
380 242
380 246
380 265
380 270
380 282
380 316
380 328
380 338
380 347
380 349
381 3
381 4
381 18
381 19
381 20
381 24
381 27
381 40
381 42
381 46
381 55
381 58
381 59
381 60
381 74
381 77
381 84
381 86
381 91
381 97
381 98
381 153
381 155
381 160
381 167
381 172
381 198
381 209
381 213
381 224
381 232
381 251
381 255
381 257
381 262
381 263
381 265
381 268
381 270
381 280
381 299
381 301
381 319
381 328
381 338
381 348
381 358
381 367
381 369
381 380
382 9
382 12
382 18
382 24
382 35
382 38
382 46
382 49
382 50
382 53
382 60
382 66
382 73
382 88
382 90
382 100
382 116
382 117
382 118
382 136
382 139
382 145
382 156
382 164
382 186
382 197
382 198
382 205
382 212
382 219
382 230
382 234
382 235
382 245
382 264
382 271
382 278
382 283
382 287
382 288
382 297
382 329
382 344
382 347
382 349
382 356
382 358
382 362
382 370
382 375
382 376
382 378
383 28
383 31
383 49
383 71
383 75
383 87
383 92
383 105
383 129
383 131
383 137
383 139
383 140
383 161
383 178
383 192
383 207
383 223
383 225
383 229
383 232
383 245
383 255
383 270
383 285
383 299
383 312
383 319
383 335
383 339
383 340
383 351
383 356
383 369
383 371
383 376
383 377
384 4
384 26
384 30
384 32
384 43
384 49
384 56
384 58
384 76
384 80
384 89
384 94
384 98
384 112
384 137
384 151
384 156
384 166
384 168
384 170
384 202
384 220
384 240
384 247
384 257
384 260
384 263
384 273
384 287
384 297
384 306
384 316
384 341
384 359
384 374
384 377
385 9
385 21
385 50
385 52
385 83
385 111
385 127
385 134
385 136
385 169
385 253
385 258
385 267
385 291
385 344
385 352
385 356
385 359
385 381
386 7
386 8
386 38
386 50
386 59
386 76
386 83
386 88
386 90
386 136
386 139
386 142
386 156
386 158
386 162
386 169
386 195
386 198
386 199
386 200
386 204
386 210
386 212
386 227
386 231
386 234
386 235
386 243
386 252
386 259
386 283
386 315
386 322
386 325
386 382
387 4
387 9
387 15
387 18
387 26
387 30
387 32
387 43
387 49
387 63
387 66
387 80
387 83
387 103
387 107
387 140
387 146
387 157
387 166
387 169
387 173
387 179
387 184
387 186
387 206
387 210
387 249
387 253
387 261
387 263
387 269
387 271
387 272
387 286
387 315
387 320
387 325
387 334
387 340
387 341
387 345
387 353
387 355
387 379
387 384
387 386
388 6
388 7
388 12
388 17
388 24
388 31
388 49
388 53
388 82
388 98
388 111
388 114
388 119
388 137
388 138
388 140
388 149
388 151
388 160
388 191
388 195
388 204
388 214
388 232
388 236
388 240
388 242
388 260
388 274
388 282
388 290
388 294
388 300
388 301
388 306
388 316
388 348
388 365
388 368
388 370
388 371
388 384
389 5
389 7
389 8
389 22
389 37
389 38
389 50
389 55
389 69
389 76
389 88
389 90
389 91
389 92
389 93
389 96
389 109
389 136
389 139
389 145
389 162
389 171
389 172
389 187
389 198
389 199
389 200
389 201
389 204
389 212
389 213
389 215
389 227
389 231
389 234
389 235
389 236
389 272
389 277
389 283
389 286
389 291
389 315
389 318
389 324
389 325
389 328
389 336
389 345
389 353
389 382
389 386
390 2
390 5
390 8
390 9
390 49
390 50
390 64
390 83
390 86
390 106
390 108
390 111
390 136
390 162
390 169
390 203
390 250
390 253
390 258
390 262
390 263
390 266
390 267
390 276
390 283
390 289
390 294
390 344
390 352
390 356
390 385
391 4
391 9
391 20
391 24
391 26
391 27
391 43
391 49
391 66
391 114
391 117
391 140
391 156
391 163
391 205
391 207
391 245
391 269
391 272
391 278
391 283
391 297
391 302
391 325
391 344
391 347
391 350
391 375
391 378
391 382
391 387
392 35
392 58
392 65
392 96
392 99
392 112
392 134
392 148
392 180
392 188
392 201
392 226
392 249
392 259
392 281
392 285
392 310
392 321
392 328
392 342
392 349
392 356
393 4
393 9
393 26
393 39
393 43
393 52
393 66
393 67
393 73
393 80
393 89
393 111
393 140
393 166
393 172
393 179
393 235
393 261
393 265
393 269
393 272
393 292
393 302
393 321
393 325
393 359
393 385
393 387
393 391
394 120
394 143
394 368
395 6
395 7
395 11
395 30
395 49
395 60
395 61
395 83
395 86
395 88
395 97
395 99
395 112
395 118
395 134
395 137
395 145
395 151
395 161
395 164
395 176
395 178
395 204
395 205
395 212
395 219
395 241
395 258
395 263
395 267
395 268
395 282
395 308
395 317
395 319
395 321
395 324
395 333
395 339
395 347
395 351
395 355
395 373
396 2
396 5
396 55
396 69
396 78
396 89
396 92
396 104
396 142
396 175
396 213
396 232
396 272
396 277
396 280
396 286
396 288
396 328
396 329
396 362
396 363
396 389
397 1
397 4
397 9
397 26
397 29
397 33
397 43
397 51
397 59
397 66
397 74
397 102
397 114
397 123
397 133
397 140
397 146
397 151
397 152
397 159
397 163
397 164
397 167
397 170
397 180
397 186
397 191
397 200
397 213
397 215
397 218
397 230
397 246
397 250
397 251
397 266
397 269
397 272
397 287
397 309
397 310
397 325
397 328
397 336
397 364
397 371
397 376
397 387
397 391
397 393
398 3
398 22
398 69
398 81
398 102
398 121
398 156
398 165
398 197
398 217
398 235
398 236
398 240
398 244
398 284
398 334
398 342
398 343
398 356
398 365
399 1
399 12
399 15
399 19
399 31
399 38
399 58
399 73
399 77
399 95
399 102
399 116
399 119
399 153
399 156
399 166
399 172
399 178
399 185
399 193
399 205
399 213
399 217
399 227
399 233
399 257
399 270
399 276
399 302
399 314
399 315
399 322
399 333
399 342
399 344
399 365
399 370
399 379
400 17
400 31
400 36
400 43
400 149
400 151
400 170
400 214
400 232
400 236
400 240
400 247
400 254
400 273
400 282
400 294
400 306
400 348
400 359
400 363
400 365
400 368
400 377
400 384
400 388
401 18
401 31
401 35
401 46
401 49
401 73
401 83
401 105
401 117
401 140
401 162
401 186
401 192
401 219
401 223
401 225
401 259
401 287
401 329
401 330
401 337
401 339
401 349
401 370
401 377
401 382
401 383
402 3
402 4
402 7
402 8
402 20
402 26
402 43
402 65
402 76
402 80
402 82
402 84
402 89
402 98
402 111
402 112
402 114
402 137
402 138
402 140
402 156
402 160
402 168
402 180
402 188
402 199
402 200
402 204
402 206
402 224
402 227
402 231
402 249
402 251
402 255
402 257
402 274
402 278
402 280
402 281
402 283
402 289
402 300
402 301
402 315
402 328
402 334
402 349
402 358
402 367
402 371
402 381
402 384
402 386
402 388
402 389
402 390
402 392
403 12
403 15
403 31
403 32
403 35
403 36
403 39
403 47
403 48
403 89
403 101
403 136
403 152
403 156
403 175
403 180
403 187
403 192
403 217
403 219
403 226
403 233
403 244
403 257
403 293
403 314
403 333
403 365
403 377
403 379
403 399
404 2
404 3
404 5
404 17
404 22
404 30
404 49
404 60
404 70
404 94
404 97
404 98
404 102
404 106
404 108
404 133
404 155
404 156
404 162
404 171
404 202
404 208
404 228
404 236
404 237
404 240
404 250
404 262
404 263
404 266
404 274
404 276
404 283
404 286
404 294
404 297
404 306
404 307
404 323
404 333
404 337
404 340
404 341
404 362
404 369
404 390
404 398
405 33
405 38
405 67
405 79
405 101
405 178
405 181
405 190
405 191
405 198
405 199
405 209
405 215
405 219
405 222
405 231
405 248
405 252
405 262
405 304
405 317
405 351
405 355
406 35
406 41
406 42
406 50
406 60
406 100
406 105
406 118
406 131
406 133
406 137
406 155
406 160
406 198
406 219
406 222
406 224
406 228
406 232
406 242
406 250
406 259
406 260
406 262
406 263
406 264
406 268
406 274
406 275
406 276
406 298
406 299
406 307
406 308
406 319
406 336
406 337
406 348
406 362
406 366
406 369
406 370
406 381
406 404
407 6
407 9
407 50
407 59
407 73
407 83
407 102
407 111
407 114
407 123
407 136
407 163
407 169
407 180
407 184
407 191
407 206
407 218
407 230
407 253
407 258
407 267
407 271
407 315
407 320
407 336
407 343
407 344
407 351
407 352
407 356
407 364
407 376
407 385
407 387
407 390
407 397
408 14
408 35
408 56
408 58
408 80
408 82
408 94
408 98
408 104
408 166
408 194
408 202
408 219
408 220
408 226
408 240
408 276
408 287
408 297
408 298
408 355
408 362
408 374
408 384
409 6
409 27
409 31
409 33
409 38
409 45
409 57
409 59
409 67
409 73
409 77
409 82
409 85
409 86
409 102
409 116
409 119
409 131
409 135
409 156
409 158
409 172
409 178
409 181
409 191
409 207
409 209
409 213
409 215
409 219
409 222
409 225
409 232
409 243
409 252
409 263
409 265
409 266
409 276
409 314
409 315
409 317
409 318
409 322
409 325
409 348
409 351
409 355
409 357
409 365
409 370
409 383
409 386
409 399
409 405
410 9
410 13
410 166
410 197
410 234
410 332
410 339
410 354
411 17
411 45
411 57
411 85
411 93
411 97
411 190
411 197
411 209
411 232
411 247
411 263
411 266
411 310
411 314
411 333
411 348
411 377
411 404
411 409
412 13
412 29
412 38
412 39
412 41
412 70
412 126
412 138
412 156
412 161
412 170
412 175
412 178
412 194
412 212
412 216
412 220
412 227
412 228
412 229
412 255
412 264
412 266
412 281
412 299
412 303
412 318
412 361
412 408
413 5
413 16
413 18
413 35
413 46
413 69
413 73
413 77
413 79
413 99
413 112
413 114
413 117
413 134
413 148
413 186
413 215
413 219
413 225
413 226
413 227
413 240
413 259
413 283
413 285
413 287
413 296
413 310
413 311
413 315
413 321
413 329
413 342
413 343
413 349
413 356
413 357
413 361
413 370
413 382
413 392
413 401
414 5
414 17
414 20
414 60
414 70
414 88
414 94
414 98
414 110
414 208
414 228
414 275
414 286
414 290
414 297
414 306
414 307
414 376
414 404
415 7
415 8
415 30
415 59
415 71
415 76
415 80
415 113
415 125
415 153
415 164
415 199
415 200
415 202
415 204
415 211
415 212
415 227
415 231
415 243
415 264
415 283
415 284
415 289
415 306
415 313
415 315
415 321
415 324
415 346
415 358
415 377
415 386
415 389
415 402
416 12
416 15
416 31
416 51
416 63
416 82
416 98
416 104
416 106
416 114
416 120
416 125
416 135
416 156
416 172
416 173
416 179
416 190
416 193
416 199
416 215
416 217
416 218
416 219
416 227
416 233
416 237
416 240
416 257
416 261
416 262
416 274
416 283
416 297
416 314
416 333
416 334
416 340
416 345
416 347
416 352
416 357
416 360
416 361
416 364
416 365
416 379
416 387
416 399
416 403
416 413
417 29
417 40
417 64
417 91
417 95
417 111
417 113
417 161
417 188
417 196
417 203
417 210
417 227
417 270
417 274
417 283
417 293
417 294
417 296
417 300
417 337
417 364
417 371
418 1
418 33
418 47
418 54
418 74
418 153
418 164
418 167
418 186
418 200
418 215
418 234
418 250
418 271
418 272
418 287
418 309
418 324
418 325
418 336
418 392
418 397
419 15
419 18
419 52
419 68
419 70
419 73
419 82
419 85
419 98
419 103
419 107
419 111
419 112
419 114
419 123
419 125
419 126
419 137
419 138
419 140
419 141
419 146
419 154
419 157
419 158
419 160
419 165
419 175
419 182
419 186
419 208
419 211
419 219
419 229
419 232
419 236
419 242
419 243
419 247
419 249
419 256
419 265
419 266
419 271
419 274
419 291
419 300
419 301
419 305
419 306
419 324
419 348
419 353
419 355
419 363
419 371
419 372
419 379
419 387
419 388
419 402
420 11
420 42
420 78
420 83
420 94
420 99
420 151
420 191
420 199
420 203
420 206
420 207
420 232
420 235
420 267
420 281
420 282
420 284
420 308
420 319
420 347
420 373
420 386
420 395
421 39
421 42
421 65
421 70
421 96
421 130
421 139
421 153
421 158
421 170
421 178
421 180
421 188
421 191
421 212
421 216
421 249
421 254
421 275
421 281
421 290
421 299
421 302
421 318
421 322
421 327
421 328
421 343
421 349
421 354
421 392
421 395
421 402
421 412
421 417
422 73
422 88
422 110
422 268
422 343
422 376
422 414
423 14
423 51
423 69
423 81
423 98
423 104
423 112
423 120
423 121
423 165
423 171
423 190
423 194
423 197
423 217
423 235
423 274
423 284
423 297
423 334
423 342
423 343
423 356
423 365
423 389
423 398
423 416
424 3
424 5
424 12
424 16
424 22
424 45
424 53
424 60
424 66
424 68
424 69
424 71
424 77
424 100
424 102
424 118
424 150
424 156
424 173
424 225
424 236
424 240
424 264
424 267
424 271
424 278
424 288
424 311
424 315
424 343
424 356
424 357
424 362
424 382
424 398
424 404
424 413
424 420
425 1
425 10
425 15
425 17
425 18
425 22
425 23
425 24
425 41
425 45
425 55
425 58
425 59
425 76
425 77
425 91
425 103
425 107
425 144
425 146
425 157
425 163
425 166
425 167
425 186
425 188
425 208
425 249
425 251
425 256
425 261
425 262
425 271
425 297
425 304
425 312
425 329
425 330
425 347
425 353
425 355
425 362
425 363
425 379
425 381
425 387
425 419
426 1
426 19
426 56
426 58
426 73
426 80
426 94
426 95
426 98
426 100
426 153
426 166
426 197
426 202
426 205
426 220
426 233
426 240
426 270
426 287
426 297
426 302
426 322
426 340
426 342
426 344
426 374
426 377
426 384
426 392
426 399
426 408
427 28
427 46
427 48
427 56
427 63
427 83
427 89
427 134
427 171
427 189
427 205
427 221
427 235
427 242
427 243
427 246
427 265
427 282
427 291
427 321
427 333
427 349
427 380
427 389
427 408
427 419
427 423
428 27
428 66
428 71
428 77
428 78
428 79
428 88
428 115
428 147
428 150
428 165
428 232
428 234
428 235
428 239
428 252
428 259
428 261
428 267
428 271
428 281
428 284
428 311
428 314
428 320
428 330
428 348
428 349
428 352
428 356
428 361
428 363
428 420
429 19
429 20
429 27
429 46
429 62
429 86
429 103
429 110
429 118
429 166
429 167
429 172
429 209
429 213
429 265
429 270
429 305
429 328
429 338
429 380
429 381
430 3
430 22
430 39
430 59
430 66
430 67
430 73
430 74
430 80
430 97
430 102
430 114
430 123
430 141
430 156
430 163
430 166
430 179
430 180
430 191
430 218
430 230
430 231
430 236
430 240
430 299
430 302
430 321
430 333
430 336
430 364
430 376
430 393
430 397
430 398
430 404
430 407
430 411
430 424
431 12
431 13
431 24
431 30
431 31
431 38
431 42
431 49
431 97
431 118
431 122
431 126
431 135
431 150
431 156
431 158
431 173
431 175
431 194
431 205
431 227
431 229
431 245
431 255
431 258
431 264
431 270
431 274
431 276
431 277
431 278
431 283
431 297
431 303
431 323
431 334
431 344
431 347
431 352
431 354
431 357
431 361
431 370
431 375
431 378
431 382
431 391
431 409
431 412
432 24
432 25
432 30
432 33
432 38
432 52
432 71
432 80
432 84
432 86
432 106
432 110
432 113
432 125
432 153
432 154
432 155
432 156
432 164
432 169
432 172
432 186
432 193
432 197
432 203
432 205
432 206
432 210
432 212
432 218
432 219
432 226
432 264
432 268
432 289
432 293
432 321
432 341
432 344
432 346
432 347
432 358
432 360
432 364
432 375
432 378
432 383
432 390
432 415
432 416
433 27
433 40
433 69
433 71
433 77
433 93
433 96
433 115
433 144
433 150
433 166
433 182
433 197
433 234
433 239
433 245
433 250
433 254
433 258
433 261
433 271
433 291
433 299
433 301
433 302
433 320
433 352
433 363
433 365
433 367
433 407
433 410
433 414
433 422
433 428
434 10
434 33
434 38
434 42
434 48
434 61
434 67
434 82
434 88
434 112
434 153
434 173
434 175
434 178
434 181
434 190
434 191
434 215
434 219
434 222
434 255
434 258
434 265
434 276
434 317
434 324
434 334
434 336
434 351
434 352
434 355
434 370
434 378
434 395
434 405
434 409
434 431
435 4
435 9
435 26
435 43
435 66
435 76
435 80
435 89
435 98
435 112
435 116
435 140
435 156
435 168
435 206
435 207
435 229
435 257
435 269
435 272
435 278
435 293
435 296
435 325
435 334
435 384
435 387
435 391
435 393
435 397
435 402
436 13
436 80
436 182
436 185
436 264
436 305
436 332
436 343
436 354
436 410
436 417
437 3
437 4
437 9
437 20
437 33
437 42
437 50
437 60
437 84
437 88
437 98
437 106
437 110
437 154
437 155
437 156
437 160
437 165
437 172
437 193
437 198
437 205
437 224
437 234
437 251
437 255
437 262
437 263
437 267
437 268
437 276
437 280
437 293
437 299
437 301
437 319
437 320
437 331
437 341
437 344
437 349
437 356
437 358
437 361
437 367
437 369
437 375
437 381
437 402
437 406
437 428
437 432
438 6
438 7
438 8
438 12
438 29
438 35
438 40
438 49
438 53
438 76
438 99
438 111
438 112
438 119
438 133
438 134
438 137
438 139
438 148
438 151
438 155
438 161
438 191
438 195
438 199
438 200
438 203
438 204
438 207
438 209
438 210
438 226
438 227
438 231
438 232
438 250
438 259
438 270
438 274
438 276
438 283
438 285
438 290
438 296
438 299
438 310
438 315
438 321
438 337
438 340
438 342
438 351
438 352
438 356
438 362
438 369
438 370
438 383
438 386
438 388
438 389
438 392
438 402
438 404
438 406
438 413
438 415
438 417
439 11
439 24
439 27
439 41
439 47
439 60
439 66
439 69
439 71
439 77
439 78
439 83
439 99
439 114
439 115
439 136
439 150
439 151
439 163
439 176
439 177
439 188
439 203
439 204
439 207
439 215
439 223
439 227
439 232
439 234
439 235
439 239
439 240
439 241
439 261
439 267
439 268
439 271
439 275
439 281
439 282
439 283
439 284
439 297
439 308
439 311
439 314
439 317
439 320
439 330
439 347
439 348
439 352
439 357
439 361
439 363
439 373
439 395
439 413
439 416
439 420
439 425
439 428
439 433
440 1
440 12
440 13
440 38
440 53
440 54
440 60
440 66
440 91
440 92
440 100
440 108
440 115
440 118
440 126
440 134
440 157
440 159
440 175
440 194
440 208
440 227
440 229
440 255
440 264
440 271
440 288
440 303
440 356
440 361
440 362
440 382
440 384
440 412
440 424
440 431
441 32
441 38
441 50
441 78
441 88
441 90
441 115
441 136
441 139
441 198
441 212
441 232
441 234
441 235
441 267
441 281
441 284
441 340
441 382
441 386
441 389
441 420
441 428
441 439
442 30
442 47
442 51
442 63
442 71
442 80
442 86
442 98
442 104
442 113
442 120
442 153
442 164
442 173
442 179
442 190
442 191
442 206
442 212
442 215
442 243
442 261
442 264
442 265
442 271
442 274
442 276
442 289
442 297
442 321
442 324
442 325
442 333
442 334
442 336
442 340
442 345
442 346
442 358
442 387
442 415
442 416
442 418
442 423
442 431
442 432
442 434
443 4
443 9
443 26
443 35
443 41
443 42
443 43
443 57
443 66
443 94
443 100
443 105
443 116
443 137
443 140
443 184
443 206
443 219
443 224
443 228
443 253
443 269
443 271
443 272
443 274
443 298
443 307
443 315
443 320
443 325
443 336
443 364
443 387
443 391
443 393
443 397
443 406
443 407
443 420
443 435
444 1
444 13
444 33
444 35
444 76
444 133
444 152
444 164
444 215
444 246
444 305
444 325
444 332
444 397
445 4
445 12
445 15
445 26
445 27
445 28
445 31
445 43
445 46
445 48
445 63
445 66
445 76
445 80
445 82
445 83
445 89
445 98
445 112
445 156
445 168
445 189
445 217
445 221
445 233
445 242
445 246
445 257
445 282
445 311
445 314
445 330
445 333
445 336
445 348
445 349
445 352
445 365
445 379
445 380
445 384
445 399
445 402
445 403
445 416
445 426
445 427
445 428
445 434
445 435
445 439
446 1
446 5
446 8
446 12
446 17
446 19
446 25
446 42
446 53
446 60
446 70
446 73
446 94
446 95
446 96
446 97
446 98
446 134
446 153
446 154
446 155
446 160
446 187
446 198
446 205
446 207
446 208
446 228
446 233
446 262
446 263
446 268
446 270
446 285
446 286
446 289
446 293
446 297
446 299
446 302
446 306
446 307
446 319
446 322
446 333
446 342
446 344
446 369
446 381
446 390
446 399
446 402
446 404
446 406
446 414
446 426
446 437
447 13
447 38
447 47
447 50
447 60
447 69
447 88
447 90
447 121
447 126
447 128
447 136
447 139
447 175
447 176
447 194
447 198
447 204
447 212
447 218
447 223
447 227
447 229
447 234
447 235
447 241
447 255
447 264
447 268
447 275
447 303
447 308
447 311
447 317
447 330
447 361
447 382
447 386
447 389
447 395
447 398
447 412
447 431
447 439
447 440
447 441
448 69
448 91
448 92
448 159
448 212
448 339
448 429
448 440
449 7
449 10
449 12
449 53
449 60
449 63
449 66
449 96
449 100
449 118
449 168
449 190
449 218
449 264
449 270
449 271
449 280
449 288
449 327
449 341
449 356
449 362
449 364
449 370
449 382
449 393
449 424
449 440
450 6
450 7
450 18
450 19
450 28
450 35
450 41
450 42
450 46
450 63
450 66
450 68
450 72
450 73
450 78
450 83
450 89
450 104
450 117
450 131
450 139
450 158
450 173
450 186
450 189
450 190
450 205
450 218
450 219
450 221
450 222
450 224
450 231
450 232
450 235
450 242
450 244
450 246
450 252
450 258
450 261
450 278
450 282
450 284
450 287
450 292
450 303
450 311
450 329
450 344
450 348
450 349
450 352
450 364
450 370
450 372
450 380
450 382
450 401
450 413
450 427
450 445
15