7 1
8 1
8 6
9 2
10 3
10 4
11 4
13 1
13 7
13 12
14 2
15 3
16 10
16 15
17 10
17 15
18 1
18 6
18 9
19 2
19 13
19 18
20 3
21 4
22 16
22 21
23 5
23 6
24 3
24 7
25 3
25 17
25 24
26 9
26 24
27 5
27 10
28 24
28 25
28 26
28 27
29 18
30 3
30 23
31 14
31 30
32 3
32 25
33 6
33 11
33 16
33 20
34 7
34 11
34 17
34 31
34 33
35 6
35 8
35 13
35 31
37 3
37 10
37 36
38 2
38 4
38 6
38 9
38 11
38 16
38 31
38 34
39 2
40 2
40 6
40 8
40 13
40 18
40 39
41 3
41 5
41 9
41 10
41 12
41 37
42 19
43 9
43 21
43 30
43 35
43 42
44 1
44 7
44 8
44 13
44 17
44 40
45 2
46 8
46 12
46 14
46 19
46 24
47 4
47 9
47 11
47 14
47 16
47 20
47 25
47 39
47 43
48 10
48 16
48 20
48 21
48 29
49 1
49 11
49 15
49 16
49 17
49 32
50 2
50 7
50 14
50 17
50 19
50 23
50 46
51 3
51 13
51 24
52 4
52 9
52 14
52 15
52 18
52 20
52 30
53 17
53 20
53 22
53 25
53 26
53 49
54 13
54 16
54 27
55 7
55 17
55 21
55 23
55 27
56 8
56 13
56 24
56 25
56 28
56 52
57 9
57 14
57 20
57 24
57 25
57 34
58 15
58 19
58 24
58 31
58 49
59 3
59 11
59 16
59 21
59 22
59 26
59 27
59 28
59 31
59 32
59 47
59 55
60 17
60 23
60 27
60 28
60 32
60 48
60 57
61 27
61 28
61 33
61 34
61 52
62 19
62 20
62 25
62 30
62 31
62 34
62 36
62 58
63 14
63 20
63 21
63 24
63 26
63 30
63 31
63 35
63 39
63 40
64 2
64 30
64 31
64 36
64 42
64 55
65 23
65 27
65 28
65 33
65 34
65 39
65 42
65 61
66 2
66 23
66 24
66 27
66 28
66 29
66 33
66 34
66 38
66 63
67 24
67 29
67 30
67 33
67 58
68 25
68 35
68 36
68 37
68 42
68 45
69 3
69 7
69 26
69 27
69 30
69 36
69 41
69 43
70 32
70 33
70 37
70 53
70 61
70 68
71 2
71 33
71 38
71 39
71 40
71 43
71 45
72 6
72 11
72 24
72 30
72 33
72 34
72 35
72 39
72 59
73 31
73 35
73 36
73 60
73 64
73 70
74 5
74 32
74 42
74 43
74 46
74 48
74 56
75 9
75 14
75 33
75 36
75 52
75 67
76 29
76 39
76 44
76 67
77 8
77 35
77 39
77 45
77 49
77 51
77 54
77 59
77 60
78 12
78 17
78 31
78 39
78 76
79 46
79 56
79 57
79 67
79 70
79 76
80 8
80 11
80 12
80 18
80 38
80 42
80 43
80 52
80 54
80 67
81 15
81 18
81 20
81 42
81 43
81 44
81 53
81 58
82 54
82 73
83 14
83 24
83 25
83 26
83 50
83 57
83 60
83 62
83 79
84 2
84 18
84 23
84 42
84 45
84 47
84 58
84 66
84 67
84 68
84 71
85 43
85 48
85 57
85 62
85 72
85 76
86 17
86 39
86 42
86 44
86 49
86 53
86 60
86 65
87 26
87 35
87 39
87 40
87 48
87 49
87 55
87 59
87 73
88 5
88 9
88 14
88 41
88 51
88 65
88 70
88 79
88 80
89 45
89 61
89 63
89 68
89 76
90 29
90 43
90 51
90 62
90 76
90 77
90 83
91 13
91 17
91 23
91 39
91 49
91 63
91 68
91 82
91 83
91 89
92 23
92 40
92 48
92 55
92 71
92 74
92 79
92 84
93 20
93 32
93 37
93 41
93 49
93 65
93 70
93 79
93 80
93 86
94 2
94 20
94 22
94 28
94 52
94 53
94 57
94 61
94 66
94 71
94 76
94 86
94 87
95 38
95 48
95 51
95 53
95 67
95 72
95 74
95 77
95 82
95 87
95 92
96 35
96 40
96 44
96 49
96 54
96 68
96 73
96 78
96 82
96 88
96 93
97 1
97 19
97 23
97 50
97 55
97 74
97 84
98 1
98 6
98 29
98 35
98 45
98 46
98 51
98 54
98 69
98 77
98 80
98 85
98 90
98 95
98 96
99 2
99 8
99 16
99 32
99 38
99 43
99 47
99 76
99 77
99 85
99 86
99 91
99 93
99 96
100 4
100 7
100 26
100 43
100 72
100 87
100 92
101 4
101 54
101 57
101 58
101 59
101 80
101 83
101 93
101 98
102 4
102 5
102 9
102 41
102 46
102 50
102 54
102 55
102 80
102 88
102 94
103 1
103 7
103 10
103 12
103 29
103 44
103 60
103 80
103 100
104 6
104 11
104 27
104 48
104 52
104 57
104 60
104 83
104 86
104 88
104 93
104 101
105 1
105 49
105 82
105 87
105 91
105 97
105 102
106 3
106 10
106 13
106 32
106 54
106 59
106 83
106 93
106 103
106 104
107 4
107 60
107 63
107 84
107 86
107 89
107 91
107 94
107 104
107 105
108 4
108 6
108 10
108 45
108 51
108 52
108 61
108 90
108 94
108 105
109 1
109 2
109 6
109 7
109 11
109 13
109 16
109 18
109 32
109 35
109 37
109 47
109 67
109 91
109 96
109 106
110 2
110 28
110 53
110 66
110 83
110 89
110 91
110 92
110 94
110 102
110 107
110 108
111 3
111 4
111 7
111 8
111 13
111 55
111 59
111 60
111 97
111 103
111 109
112 5
112 14
112 21
112 38
112 63
112 65
112 109
112 110
113 4
113 6
113 11
113 15
113 49
113 55
113 56
113 61
113 85
113 86
113 92
113 97
113 111
114 10
114 26
114 28
114 35
114 52
114 57
114 58
114 63
114 76
114 77
114 98
114 100
114 101
114 106
114 111
114 112
115 8
115 24
115 27
115 28
115 32
115 37
115 41
115 63
115 66
115 68
115 112
116 4
116 7
116 8
116 9
116 18
116 23
116 28
116 59
116 72
116 97
116 100
116 108
117 13
117 15
117 19
117 24
117 29
117 30
117 34
117 38
117 39
117 61
117 66
117 75
117 89
117 90
117 94
117 114
118 6
118 11
118 20
118 27
118 35
118 59
118 69
118 85
118 115
118 116
119 3
119 7
119 10
119 16
119 26
119 37
119 41
119 100
119 101
119 103
119 111
120 27
120 41
120 64
120 68
120 69
120 98
120 103
121 4
121 14
121 23
121 30
121 59
121 72
121 113
122 10
122 13
122 44
122 54
122 55
122 60
122 99
122 103
122 106
122 111
122 114
122 119
122 120
123 10
123 16
123 25
123 34
123 44
123 45
123 49
123 67
123 71
123 72
123 76
123 84
123 105
123 110
123 115
124 12
124 17
124 31
124 33
124 38
124 67
124 72
124 75
124 77
124 116
124 117
124 121
125 16
125 22
125 27
125 32
125 37
125 47
125 63
125 68
125 92
125 106
125 109
125 114
126 4
126 28
126 47
126 69
126 75
126 118
126 119
127 10
127 15
127 34
127 35
127 36
127 41
127 44
127 49
127 65
127 78
127 119
128 2
128 16
128 19
128 40
128 109
128 112
128 117
128 126
129 7
129 17
129 50
129 51
129 56
129 78
129 126
129 127
130 13
130 18
130 37
130 39
130 44
130 47
130 52
130 57
130 63
130 72
130 73
130 81
130 108
131 5
131 22
131 48
131 53
131 69
131 112
131 115
131 120
131 124
131 129
132 4
132 10
132 15
132 20
132 29
132 44
132 53
132 81
132 129
132 130
133 10
133 16
133 47
133 69
133 76
133 84
133 124
133 130
134 8
134 17
134 25
134 46
134 56
134 62
134 71
134 81
134 92
134 115
134 123
134 127
134 132
135 18
135 23
135 56
135 68
135 73
135 81
135 84
135 89
135 128
136 22
136 43
136 50
136 63
136 68
136 69
136 87
136 112
136 129
136 133
136 134
137 11
137 16
137 20
137 24
137 25
137 28
137 50
137 53
137 59
137 70
137 118
137 126
138 20
138 21
138 26
138 46
138 50
138 55
138 59
138 60
138 74
138 79
138 81
138 84
138 86
138 87
138 92
138 100
138 115
138 135
138 136
139 2
139 6
139 12
139 17
139 25
139 53
139 56
139 66
139 71
139 72
139 97
139 106
139 115
139 123
139 127
139 132
139 138
140 2
140 14
140 19
140 23
140 31
140 56
140 57
140 62
140 121
140 128
140 129
141 14
141 19
141 58
141 62
141 63
141 87
141 90
141 95
141 129
141 139
142 3
142 15
142 20
142 28
142 56
142 59
142 69
142 93
142 114
142 118
142 130
143 17
143 22
143 34
143 59
143 60
143 65
143 76
143 86
143 94
143 95
143 124
143 132
143 137
144 17
144 33
144 66
144 71
144 90
144 92
144 98
145 18
145 23
145 31
145 59
145 62
145 64
145 67
145 72
145 77
145 82
145 121
145 128
145 133
146 19
146 24
146 25
146 62
146 63
146 68
146 79
146 134
146 135
146 139
146 140
146 144
147 3
147 20
147 30
147 40
147 54
147 80
147 93
147 101
147 104
147 130
147 135
147 140
148 5
148 26
148 31
148 34
148 62
148 65
148 67
148 80
148 85
148 95
148 124
148 131
148 136
148 141
149 7
149 12
149 22
149 27
149 28
149 32
149 33
149 42
149 43
149 65
149 66
149 71
149 76
149 81
149 86
149 103
149 112
149 132
149 138
149 142
149 143
150 6
150 28
150 33
150 48
150 52
150 67
150 72
150 78
150 82
150 96
150 104
150 108
151 3
151 19
151 34
151 37
151 65
151 68
151 70
151 73
151 84
151 89
151 127
151 139
152 20
152 25
152 31
152 36
152 59
152 68
152 69
152 80
152 84
152 135
152 141
152 145
152 146
153 9
153 20
153 26
153 35
153 76
153 81
153 85
153 99
153 107
153 146
153 149
154 1
154 6
154 13
154 27
154 31
154 40
154 52
154 73
154 76
154 108
154 130
154 137
154 147
155 7
155 27
155 28
155 33
155 34
155 39
155 43
155 71
155 77
155 78
155 83
155 87
155 88
155 97
155 103
155 123
155 138
155 148
155 149
156 3
156 12
156 29
156 73
156 83
156 89
156 94
156 98
156 102
156 110
156 149
157 25
157 30
157 35
157 43
157 69
157 76
157 89
157 90
157 94
157 133
157 135
157 139
157 140
157 145
157 150
158 26
158 31
158 37
158 42
158 56
158 74
158 80
158 85
158 86
158 96
158 99
158 100
158 114
158 146
158 152
159 3
159 11
159 15
159 27
159 32
159 37
159 67
159 86
159 91
159 105
159 113
159 118
159 137
159 147
160 12
160 28
160 33
160 46
160 52
160 68
160 71
160 79
160 82
160 88
160 92
160 98
160 136
160 137
161 4
161 12
161 34
161 40
161 45
161 64
161 77
161 83
161 88
161 98
161 102
161 103
161 139
161 144
161 155
162 6
162 9
162 11
162 14
162 18
162 39
162 43
162 99
162 108
162 109
162 116
162 120
162 121
162 124
162 133
162 149
162 150
163 49
163 55
163 66
163 74
163 82
163 87
163 90
163 95
163 105
163 115
163 139
164 1
164 15
164 16
164 31
164 37
164 42
164 48
164 62
164 77
164 80
164 86
164 105
164 111
164 148
164 152
164 158
164 163
165 2
165 9
165 14
165 17
165 21
165 33
165 38
165 46
165 87
165 88
165 102
165 111
165 124
165 132
165 133
165 136
165 153
166 29
166 39
166 52
166 77
166 85
166 90
166 108
166 113
166 124
166 142
166 149
167 9
167 18
167 24
167 35
167 40
167 51
167 83
167 95
167 100
167 108
167 161
167 166
168 10
168 12
168 15
168 17
168 25
168 30
168 31
168 36
168 46
168 49
168 55
168 65
168 66
168 96
168 100
168 101
168 105
168 110
168 114
168 127
168 134
168 139
168 140
168 146
168 165
169 8
169 16
169 18
169 26
169 32
169 52
169 53
169 80
169 88
169 93
169 96
169 97
169 102
169 106
169 111
169 116
169 137
169 152
169 157
170 12
170 21
170 27
170 33
170 54
170 88
170 103
170 111
170 118
170 148
170 153
170 163
170 164
170 169
171 15
171 20
171 23
171 28
171 39
171 52
171 54
171 94
171 99
171 103
171 108
171 113
171 119
171 123
171 130
171 142
171 149
171 154
171 159
172 10
172 29
172 45
172 83
172 90
172 91
172 95
172 96
172 100
172 104
172 109
172 114
172 119
172 155
173 10
173 24
173 36
173 41
173 46
173 57
173 74
173 91
173 101
173 110
173 114
173 151
173 161
173 167
173 172
174 23
174 26
174 31
174 37
174 42
174 55
174 72
174 92
174 97
174 111
174 116
174 121
174 126
174 133
174 138
174 145
174 153
174 157
174 158
175 32
175 37
175 86
175 93
175 94
175 98
175 99
175 107
175 112
175 122
175 148
175 153
176 27
176 28
176 39
176 49
176 60
176 65
176 94
176 104
176 113
176 117
176 118
176 154
176 159
176 173
176 175
177 19
177 26
177 40
177 49
177 58
177 95
177 104
177 105
177 109
177 114
177 119
177 124
177 129
177 136
177 141
177 148
177 150
177 154
177 164
178 30
178 40
178 45
178 59
178 76
178 89
178 90
178 94
178 96
178 102
178 110
178 115
178 120
178 130
178 156
178 161
178 171
179 6
179 21
179 23
179 26
179 27
179 30
179 31
179 36
179 47
179 57
179 63
179 68
179 97
179 102
179 111
179 116
179 120
179 121
179 136
179 147
179 157
179 162
179 178
180 29
180 38
180 43
180 48
180 61
180 98
180 117
180 127
180 137
180 139
180 144
180 151
181 2
181 28
181 33
181 43
181 48
181 49
181 54
181 92
181 99
181 105
181 110
181 118
181 123
181 128
181 133
181 139
181 159
182 33
182 39
182 49
182 55
182 71
182 105
182 123
182 124
182 134
182 165
182 170
182 174
182 181
183 1
183 30
183 32
183 35
183 37
183 40
183 51
183 54
183 64
183 80
183 101
183 114
183 130
183 142
183 147
183 154
183 159
183 161
183 166
184 5
184 7
184 13
184 31
184 36
184 42
184 62
184 76
184 95
184 108
184 112
184 113
184 121
184 126
184 136
184 157
185 36
185 47
185 61
185 74
185 103
185 118
185 122
185 126
185 132
185 137
185 142
185 143
185 158
185 163
185 184
186 2
186 33
186 35
186 40
186 48
186 49
186 53
186 63
186 67
186 92
186 104
186 113
186 124
186 128
186 138
186 143
186 148
186 150
186 157
186 159
186 182
187 1
187 8
187 33
187 34
187 44
187 45
187 49
187 84
187 98
187 109
187 111
187 116
187 123
187 144
187 155
187 170
188 21
188 39
188 55
188 60
188 77
188 80
188 111
188 115
188 125
188 129
188 135
188 150
188 154
188 170
188 171
188 187
189 5
189 17
189 27
189 28
189 38
189 43
189 46
189 47
189 51
189 52
189 56
189 61
189 62
189 63
189 67
189 70
189 72
189 95
189 131
189 141
189 142
189 146
189 153
189 157
189 160
189 168
189 177
190 4
190 11
190 28
190 36
190 38
190 47
190 52
190 58
190 101
190 103
190 113
190 114
190 119
190 126
190 142
190 147
190 153
191 4
191 42
191 43
191 49
191 53
191 67
191 80
191 85
191 109
191 129
191 132
191 148
191 153
191 157
191 159
191 169
191 178
191 190
192 8
192 29
192 41
192 45
192 46
192 55
192 64
192 73
192 98
192 110
192 125
192 156
192 161
192 163
192 165
192 170
192 188
193 7
193 12
193 30
193 34
193 39
193 46
193 51
193 55
193 69
193 99
193 104
193 106
193 116
193 121
193 122
193 126
193 129
193 145
193 150
193 175
194 23
194 47
194 51
194 52
194 53
194 56
194 61
194 62
194 66
194 70
194 71
194 83
194 88
194 92
194 102
194 107
194 112
194 135
194 137
194 146
194 156
194 160
194 162
194 167
194 172
195 11
195 27
195 49
195 53
195 58
195 62
195 67
195 101
195 103
195 108
195 118
195 137
195 142
195 147
195 152
195 159
195 164
195 168
195 173
195 187
195 191
196 4
196 10
196 15
196 42
196 49
196 54
196 58
196 64
196 114
196 119
196 125
196 132
196 143
196 153
196 169
196 174
196 194
197 19
197 49
197 50
197 54
197 55
197 64
197 69
197 73
197 74
197 86
197 91
197 110
197 115
197 144
197 163
197 165
197 170
198 14
198 31
198 51
198 52
198 60
198 61
198 95
198 104
198 121
198 145
198 150
198 162
198 167
198 176
198 194
199 1
199 18
199 45
199 57
199 61
199 62
199 71
199 76
199 107
199 108
199 128
199 135
199 148
199 151
199 156
199 161
199 172
199 177
200 3
200 37
200 52
200 53
200 62
200 63
200 72
200 76
200 77
200 82
200 89
200 94
200 108
200 113
200 117
200 142
200 143
200 157
200 162
200 163
200 166
200 168
200 178
201 17
201 33
201 38
201 54
201 55
201 58
201 63
201 64
201 68
201 89
201 104
201 107
201 114
201 124
201 144
201 148
201 158
201 163
201 165
201 168
201 170
201 178
201 179
201 197
202 15
202 20
202 21
202 29
202 48
202 60
202 104
202 110
202 115
202 131
202 136
202 138
202 139
202 144
202 159
202 164
202 165
202 170
202 180
202 200
203 1
203 6
203 20
203 35
203 61
203 64
203 66
203 74
203 79
203 92
203 95
203 97
203 105
203 145
203 160
203 165
203 169
203 170
203 171
204 12
204 20
204 22
204 42
204 46
204 57
204 58
204 61
204 63
204 76
204 86
204 110
204 117
204 143
204 168
204 173
204 176
204 200
205 3
205 24
205 51
205 67
205 72
205 77
205 82
205 98
205 108
205 113
205 134
205 139
205 141
205 143
205 167
205 178
206 4
206 54
206 59
206 64
206 82
206 88
206 100
206 114
206 124
206 134
206 139
206 153
206 158
206 163
206 168
206 172
206 173
206 178
207 10
207 23
207 61
207 66
207 70
207 79
207 80
207 84
207 89
207 113
207 115
207 135
207 140
207 160
207 164
207 169
207 170
207 174
207 176
207 194
207 203
208 11
208 27
208 50
208 54
208 85
208 116
208 121
208 124
208 126
208 137
208 142
208 144
208 160
208 165
208 171
208 180
208 181
209 2
209 7
209 12
209 17
209 57
209 62
209 85
209 86
209 91
209 103
209 118
209 166
209 171
209 175
209 176
210 8
210 26
210 62
210 64
210 69
210 72
210 73
210 82
210 116
210 118
210 123
210 167
210 168
210 172
210 178
210 179
210 182
210 183
210 197
210 206
211 14
211 18
211 30
211 35
211 49
211 57
211 59
211 78
211 82
211 124
211 128
211 129
211 140
211 145
211 147
211 163
211 168
211 173
212 5
212 10
212 23
212 60
212 79
212 88
212 89
212 106
212 125
212 130
212 175
212 178
212 179
212 184
212 203
213 5
213 16
213 29
213 54
213 55
213 66
213 67
213 72
213 75
213 90
213 104
213 116
213 119
213 121
213 125
213 126
213 129
213 144
213 149
213 165
213 170
213 171
213 176
213 182
213 186
213 187
213 200
213 210
214 12
214 17
214 27
214 28
214 33
214 38
214 60
214 67
214 72
214 73
214 85
214 86
214 96
214 103
214 117
214 122
214 132
214 143
214 148
214 150
214 175
214 176
214 186
214 191
214 212
215 1
215 2
215 7
215 12
215 13
215 17
215 18
215 26
215 48
215 68
215 82
215 91
215 92
215 102
215 109
215 114
215 116
215 128
215 153
215 168
215 172
215 178
215 181
215 183
215 187
215 206
216 13
216 32
216 57
216 74
216 75
216 88
216 93
216 103
216 122
216 147
216 173
216 174
216 179
216 184
216 185
216 190
216 193
216 212
217 14
217 15
217 20
217 36
217 39
217 41
217 60
217 63
217 64
217 69
217 70
217 88
217 89
217 94
217 120
217 130
217 149
217 151
217 153
217 155
217 175
217 178
217 179
217 185
217 189
217 194
217 199
217 210
218 2
218 5
218 10
218 11
218 16
218 29
218 90
218 95
218 100
218 112
218 117
218 119
218 180
218 184
218 185
218 190
218 201
218 209
219 1
219 6
219 8
219 16
219 42
219 60
219 77
219 78
219 86
219 96
219 106
219 111
219 122
219 125
219 132
219 137
219 150
219 181
219 187
219 188
219 191
219 193
219 196
220 1
220 7
220 13
220 39
220 44
220 47
220 53
220 68
220 73
220 83
220 87
220 91
220 92
220 154
220 181
220 182
220 183
220 187
220 192
221 5
221 8
221 18
221 23
221 32
221 69
221 88
221 98
221 103
221 115
221 120
221 122
221 179
221 183
221 188
221 208
221 212
222 4
222 14
222 20
222 29
222 39
222 54
222 63
222 65
222 80
222 81
222 86
222 109
222 114
222 130
222 135
222 153
222 170
222 174
222 184
222 190
222 191
222 194
222 196
222 215
223 4
223 10
223 16
223 21
223 39
223 42
223 47
223 59
223 64
223 76
223 94
223 99
223 100
223 105
223 110
223 115
223 125
223 130
223 131
223 151
223 157
223 162
223 181
223 184
223 189
223 200
223 206
223 210
224 6
224 8
224 12
224 13
224 17
224 21
224 35
224 67
224 76
224 118
224 123
224 125
224 127
224 142
224 153
224 181
224 182
224 192
224 206
224 215
224 223
225 7
225 13
225 17
225 22
225 58
225 66
225 68
225 84
225 89
225 97
225 102
225 107
225 117
225 123
225 156
225 183
225 187
225 199
225 203
225 207
226 7
226 13
226 18
226 19
226 23
226 50
226 69
226 79
226 97
226 113
226 160
226 165
226 174
226 184
226 187
226 188
226 194
227 4
227 5
227 9
227 11
227 15
227 16
227 19
227 24
227 30
227 38
227 99
227 114
227 125
227 126
227 128
227 135
227 165
227 180
227 190
227 199
227 218
228 10
228 15
228 16
228 20
228 25
228 30
228 49
228 69
228 71
228 76
228 87
228 92
228 105
228 110
228 126
228 131
228 134
228 136
228 139
228 159
228 186
228 200
228 202
228 205
228 210
228 220
229 7
229 10
229 11
229 12
229 17
229 27
229 31
229 47
229 53
229 72
229 82
229 86
229 100
229 111
229 121
229 126
229 127
229 152
229 163
229 167
229 168
229 187
229 190
229 192
229 196
229 197
229 218
229 227
229 228
230 12
230 14
230 17
230 19
230 23
230 27
230 37
230 41
230 42
230 58
230 73
230 87
230 117
230 128
230 129
230 131
230 138
230 197
230 207
230 221
230 223
231 23
231 24
231 33
231 38
231 72
231 73
231 74
231 79
231 84
231 95
231 114
231 123
231 162
231 189
231 194
231 203
231 205
231 208
231 210
232 4
232 9
232 13
232 20
232 24
232 29
232 30
232 39
232 40
232 56
232 61
232 69
232 75
232 80
232 85
232 94
232 103
232 119
232 140
232 164
232 166
232 171
232 179
232 190
232 193
232 195
232 204
232 209
232 214
233 16
233 17
233 20
233 21
233 22
233 25
233 29
233 31
233 44
233 71
233 81
233 120
233 125
233 132
233 134
233 137
233 180
233 205
233 224
234 21
234 26
234 27
234 41
234 75
234 82
234 98
234 112
234 116
234 126
234 131
234 132
234 137
234 142
234 148
234 165
234 177
234 197
234 206
234 208
234 211
234 213
234 222
235 3
235 16
235 22
235 23
235 27
235 28
235 32
235 47
235 59
235 64
235 78
235 106
235 118
235 153
235 174
235 196
235 198
235 212
235 217
235 221
235 222
236 3
236 19
236 23
236 24
236 25
236 28
236 33
236 43
236 47
236 72
236 74
236 79
236 84
236 113
236 123
236 128
236 135
236 137
236 138
236 139
236 140
236 162
236 189
236 194
236 218
236 223
236 227
236 229
237 13
237 20
237 30
237 39
237 49
237 78
237 85
237 89
237 99
237 101
237 103
237 119
237 124
237 130
237 140
237 145
237 154
237 168
237 193
237 195
237 200
237 211
237 216
237 224
237 234
238 19
238 30
238 34
238 35
238 45
238 50
238 62
238 67
238 76
238 94
238 109
238 110
238 130
238 134
238 159
238 171
238 177
238 191
238 195
238 199
238 200
238 201
238 210
238 215
238 224
239 7
239 28
239 32
239 46
239 50
239 75
239 87
239 116
239 126
239 131
239 136
239 138
239 140
239 141
239 143
239 157
239 165
239 182
239 183
239 197
239 213
239 221
239 223
239 226
239 230
239 231
240 16
240 18
240 23
240 32
240 37
240 38
240 42
240 52
240 77
240 81
240 83
240 93
240 103
240 104
240 106
240 122
240 132
240 137
240 138
240 143
240 171
240 196
240 203
240 212
240 213
240 214
240 219
240 227
241 19
241 22
241 34
241 38
241 47
241 48
241 53
241 65
241 70
241 93
241 109
241 112
241 114
241 118
241 128
241 133
241 137
241 138
241 139
241 143
241 144
241 180
241 194
241 202
241 227
241 228
241 233
242 30
242 31
242 36
242 39
242 44
242 54
242 78
242 85
242 104
242 129
242 141
242 145
242 146
242 149
242 168
242 174
242 200
242 219
242 233
242 235
243 11
243 19
243 20
243 24
243 25
243 35
243 40
243 45
243 46
243 50
243 71
243 81
243 84
243 86
243 107
243 109
243 111
243 112
243 125
243 130
243 136
243 191
243 199
243 215
243 217
243 222
243 225
244 36
244 37
244 46
244 50
244 51
244 68
244 73
244 92
244 102
244 115
244 126
244 137
244 140
244 141
244 142
244 146
244 157
244 168
244 183
244 186
244 188
244 192
244 197
244 202
244 208
244 216
244 226
244 230
244 231
244 237
245 34
245 39
245 42
245 43
245 47
245 81
245 83
245 88
245 92
245 93
245 127
245 132
245 137
245 149
245 153
245 171
245 193
245 198
245 203
245 213
245 217
245 232
245 237
245 242
246 22
246 29
246 48
246 89
246 94
246 110
246 112
246 115
246 118
246 138
246 139
246 143
246 148
246 178
246 194
246 202
246 214
246 225
246 228
246 238
246 243
247 4
247 25
247 35
247 44
247 49
247 53
247 54
247 64
247 76
247 85
247 94
247 95
247 99
247 134
247 140
247 143
247 144
247 145
247 149
247 180
247 186
247 191
247 195
247 200
247 205
247 219
247 233
247 244
248 25
248 31
248 37
248 42
248 59
248 60
248 76
248 81
248 84
248 86
248 96
248 140
248 141
248 145
248 146
248 152
248 155
248 160
248 174
248 191
248 204
248 206
248 225
248 230
248 240
249 3
249 25
249 27
249 28
249 32
249 57
249 66
249 68
249 82
249 97
249 113
249 115
249 118
249 131
249 132
249 136
249 141
249 143
249 146
249 147
249 151
249 152
249 202
249 205
249 228
249 231
249 233
249 236
249 241
249 246
249 247
250 28
250 33
250 52
250 56
250 57
250 62
250 63
250 67
250 79
250 83
250 98
250 137
250 138
250 142
250 143
250 146
250 147
250 148
250 153
250 189
250 194
250 198
250 227
250 236
251 38
251 39
251 40
251 45
251 48
251 63
251 78
251 84
251 87
251 94
251 138
251 139
251 143
251 144
251 149
251 155
251 177
251 208
251 209
251 228
251 238
251 248
252 6
252 11
252 14
252 28
252 30
252 35
252 59
252 74
252 85
252 99
252 104
252 116
252 118
252 121
252 124
252 140
252 144
252 145
252 149
252 150
252 154
252 155
252 159
252 179
252 208
252 209
252 210
252 231
252 234
252 236
252 239
253 9
253 11
253 41
253 50
253 59
253 60
253 70
253 82
253 86
253 91
253 96
253 110
253 125
253 126
253 149
253 150
253 156
253 180
253 192
253 197
253 239
254 32
254 38
254 42
254 48
254 56
254 71
254 87
254 90
254 92
254 97
254 106
254 132
254 138
254 146
254 147
254 151
254 152
254 158
254 161
254 163
254 167
254 180
254 202
254 227
254 241
254 242
254 251
255 9
255 14
255 27
255 31
255 38
255 43
255 72
255 77
255 78
255 88
255 93
255 97
255 121
255 124
255 143
255 148
255 162
255 177
255 197
255 203
255 208
255 211
255 213
255 217
255 222
255 234
255 237
255 239
255 242
255 247
256 39
256 44
256 62
256 63
256 68
256 85
256 90
256 94
256 149
256 152
256 154
256 158
256 169
256 199
256 200
256 209
256 238
256 242
256 248
256 254
257 3
257 24
257 51
257 64
257 69
257 93
257 100
257 114
257 144
257 150
257 155
257 159
257 161
257 164
257 166
257 183
257 195
257 205
257 214
257 234
257 244
257 255
258 12
258 17
258 34
258 36
258 40
258 44
258 60
258 86
258 91
258 96
258 101
258 124
258 127
258 131
258 139
258 150
258 151
258 176
258 206
258 214
258 237
258 242
258 245
258 250
258 255
259 37
259 41
259 42
259 65
259 77
259 81
259 88
259 92
259 93
259 97
259 101
259 118
259 131
259 136
259 147
259 155
259 166
259 202
259 203
259 212
259 216
259 241
259 245
259 251
259 256
259 257
260 6
260 33
260 38
260 54
260 67
260 72
260 77
260 82
260 96
260 98
260 108
260 133
260 148
260 152
260 157
260 162
260 164
260 169
260 172
260 186
260 211
260 242
260 247
260 257
261 20
261 37
261 39
261 62
261 63
261 83
261 84
261 104
261 119
261 127
261 130
261 149
261 152
261 153
261 163
261 194
261 217
261 240
261 242
261 243
261 245
261 248
261 258
262 3
262 45
262 68
262 74
262 79
262 84
262 85
262 89
262 90
262 91
262 93
262 94
262 96
262 99
262 100
262 114
262 150
262 155
262 158
262 159
262 160
262 169
262 179
262 183
262 199
262 206
262 211
262 219
262 225
262 248
262 259
263 5
263 9
263 25
263 36
263 41
263 46
263 57
263 62
263 70
263 75
263 80
263 99
263 101
263 124
263 131
263 134
263 156
263 160
263 167
263 172
263 175
263 184
263 185
263 189
263 211
263 214
263 225
263 249
264 18
264 23
264 37
264 40
264 42
264 65
264 66
264 76
264 81
264 97
264 112
264 127
264 128
264 130
264 133
264 138
264 155
264 157
264 166
264 168
264 207
264 220
264 237
264 243
264 245
264 246
264 248
264 251
264 252
264 261
265 2
265 6
265 7
265 8
265 17
265 23
265 43
265 48
265 57
265 71
265 77
265 78
265 82
265 92
265 94
265 96
265 98
265 99
265 103
265 138
265 158
265 161
265 162
265 167
265 168
265 182
265 186
265 209
265 214
265 228
265 251
265 257
265 262
266 12
266 23
266 37
266 44
266 60
266 65
266 73
266 94
266 127
266 148
266 168
266 175
266 192
266 214
266 217
266 233
266 264
267 9
267 26
267 40
267 43
267 45
267 50
267 68
267 74
267 84
267 100
267 105
267 133
267 136
267 141
267 150
267 158
267 159
267 160
267 164
267 174
267 210
267 214
267 220
267 223
267 248
267 251
267 254
267 259
268 9
268 15
268 36
268 51
268 56
268 74
268 90
268 96
268 99
268 102
268 149
268 170
268 175
268 180
268 185
268 189
268 205
268 211
268 212
268 217
268 235
268 245
268 266
269 6
269 40
269 47
269 53
269 63
269 68
269 87
269 91
269 130
269 162
269 171
269 176
269 178
269 181
269 186
269 207
269 220
269 223
269 231
269 266
270 2
270 18
270 29
270 38
270 48
270 63
270 71
270 87
270 92
270 97
270 98
270 102
270 138
270 139
270 144
270 161
270 167
270 173
270 178
270 202
270 208
270 228
270 251
270 254
270 257
270 262
270 268
271 12
271 29
271 54
271 83
271 99
271 102
271 105
271 109
271 110
271 133
271 153
271 154
271 164
271 188
271 192
271 215
271 220
271 244
271 253
272 40
272 43
272 54
272 59
272 66
272 71
272 94
272 95
272 100
272 104
272 105
272 124
272 133
272 145
272 155
272 165
272 174
272 181
272 184
272 186
272 194
272 210
272 223
272 269
273 32
273 37
273 70
273 74
273 90
273 96
273 100
273 106
273 111
273 142
273 147
273 154
273 161
273 164
273 190
273 195
273 216
273 220
273 234
273 254
273 255
273 257
273 262
273 271
274 6
274 11
274 15
274 38
274 42
274 56
274 81
274 91
274 96
274 97
274 102
274 105
274 107
274 108
274 113
274 152
274 167
274 192
274 195
274 218
274 222
274 223
274 226
274 266
274 267
275 7
275 13
275 17
275 43
275 46
275 74
275 87
275 92
275 98
275 102
275 108
275 112
275 136
275 168
275 173
275 184
275 189
275 197
275 213
275 218
275 222
275 226
275 268
275 272
276 8
276 13
276 18
276 35
276 40
276 77
276 78
276 98
276 99
276 108
276 114
276 150
276 164
276 167
276 188
276 214
276 219
276 257
276 260
276 265
276 268
276 274
277 1
277 4
277 18
277 29
277 45
277 55
277 100
277 104
277 105
277 108
277 110
277 111
277 116
277 155
277 165
277 194
277 198
277 199
277 215
277 226
277 259
277 270
277 274
278 1
278 25
278 49
278 51
278 56
278 59
278 77
278 95
278 101
278 106
278 111
278 134
278 139
278 166
278 187
278 192
278 195
278 221
278 229
278 259
279 16
279 21
279 26
279 27
279 38
279 43
279 61
279 80
279 87
279 118
279 152
279 153
279 163
279 170
279 172
279 181
279 191
279 192
279 222
279 227
279 242
279 260
279 263
279 268
279 272
280 4
280 7
280 12
280 21
280 22
280 48
280 58
280 82
280 111
280 114
280 119
280 133
280 163
280 177
280 187
280 197
280 201
280 202
280 223
280 228
280 229
280 278
281 4
281 8
281 18
281 28
281 39
281 49
281 52
281 53
281 54
281 80
281 93
281 103
281 113
281 114
281 118
281 142
281 148
281 164
281 169
281 183
281 188
281 190
281 193
281 194
281 195
281 198
281 203
281 224
281 229
281 232
281 244
282 5
282 14
282 19
282 29
282 41
282 46
282 50
282 74
282 83
282 104
282 110
282 134
282 156
282 161
282 173
282 204
282 209
282 220
282 225
282 230
282 239
282 240
282 263
282 266
282 271
282 275
283 1
283 4
283 7
283 9
283 10
283 20
283 24
283 30
283 61
283 66
283 69
283 75
283 110
283 111
283 114
283 115
283 117
283 122
283 171
283 190
283 204
283 215
283 221
283 226
283 231
283 232
283 237
283 280
283 281
284 16
284 17
284 26
284 31
284 55
284 67
284 83
284 87
284 88
284 101
284 106
284 116
284 121
284 142
284 145
284 147
284 168
284 193
284 198
284 201
284 206
284 222
284 227
284 235
284 281
284 282
285 17
285 21
285 22
285 27
285 32
285 49
285 53
285 63
285 86
285 93
285 107
285 111
285 113
285 159
285 164
285 168
285 173
285 176
285 183
285 192
285 201
285 202
285 213
285 218
285 228
285 243
285 266
285 274
285 278
285 283
286 10
286 13
286 15
286 18
286 23
286 27
286 49
286 52
286 63
286 84
286 89
286 104
286 109
286 113
286 117
286 118
286 123
286 125
286 134
286 142
286 174
286 198
286 203
286 207
286 213
286 219
286 224
286 228
286 233
286 235
286 240
286 248
286 263
286 284
287 19
287 34
287 50
287 58
287 83
287 85
287 86
287 91
287 105
287 110
287 129
287 148
287 165
287 170
287 173
287 201
287 214
287 219
287 220
287 225
287 230
287 238
287 263
287 269
287 274
287 275
287 284
287 285
288 10
288 20
288 24
288 52
288 61
288 65
288 89
288 106
288 114
288 116
288 120
288 121
288 125
288 130
288 151
288 154
288 162
288 167
288 171
288 176
288 179
288 200
288 204
288 215
288 231
288 269
288 276
288 277
288 281
288 286
289 7
289 13
289 18
289 30
289 36
289 52
289 55
289 62
289 107
289 120
289 121
289 128
289 145
289 162
289 163
289 182
289 197
289 201
289 206
289 210
289 211
289 213
289 222
289 238
289 243
289 262
289 263
289 287
290 22
290 42
290 53
290 61
290 73
290 86
290 89
290 94
290 108
290 117
290 118
290 123
290 143
290 148
290 151
290 158
290 176
290 202
290 204
290 207
290 217
290 228
290 248
290 266
290 278
290 288
291 2
291 4
291 9
291 27
291 43
291 55
291 64
291 69
291 92
291 94
291 109
291 113
291 114
291 117
291 118
291 133
291 165
291 170
291 174
291 182
291 207
291 213
291 223
291 224
291 229
291 234
291 272
291 279
291 280
291 285
291 289
292 5
292 10
292 16
292 21
292 33
292 34
292 35
292 39
292 58
292 65
292 94
292 110
292 119
292 123
292 131
292 136
292 148
292 149
292 155
292 165
292 213
292 214
292 219
292 224
292 225
292 238
292 241
292 246
292 290
293 1
293 4
293 6
293 21
293 30
293 61
293 89
293 97
293 111
293 120
293 121
293 130
293 135
293 150
293 154
293 171
293 175
293 179
293 190
293 207
293 212
293 214
293 266
293 269
293 281
293 286
293 290
294 26
294 30
294 41
294 57
294 58
294 63
294 116
294 117
294 120
294 126
294 131
294 136
294 168
294 173
294 210
294 211
294 216
294 226
294 227
294 231
294 237
294 282
294 283
294 288
295 3
295 8
295 13
295 19
295 24
295 27
295 28
295 47
295 52
295 61
295 88
295 113
295 118
295 122
295 127
295 132
295 134
295 139
295 151
295 173
295 212
295 222
295 223
295 227
295 232
295 233
295 241
295 249
295 258
295 283
295 288
295 293
296 2
296 33
296 38
296 43
296 59
296 92
296 100
296 103
296 119
296 123
296 124
296 133
296 138
296 144
296 169
296 174
296 182
296 210
296 213
296 215
296 223
296 224
296 228
296 229
296 272
296 279
296 284
297 10
297 24
297 33
297 49
297 54
297 60
297 61
297 66
297 115
297 123
297 125
297 134
297 144
297 154
297 170
297 174
297 175
297 176
297 199
297 213
297 214
297 224
297 225
297 229
297 235
297 285
297 286
297 291
298 1
298 6
298 20
298 27
298 50
298 55
298 64
298 69
298 104
298 116
298 120
298 125
298 137
298 142
298 150
298 154
298 155
298 171
298 181
298 196
298 210
298 216
298 226
298 235
298 244
298 252
298 264
298 270
298 284
298 291
299 5
299 38
299 41
299 46
299 51
299 92
299 95
299 103
299 122
299 132
299 143
299 172
299 177
299 185
299 213
299 218
299 227
299 231
299 232
299 236
299 247
299 272
299 275
299 287
300 3
300 36
300 52
300 57
300 64
300 68
300 69
300 102
300 126
300 127
300 132
300 138
300 142
300 147
300 157
300 173
300 178
300 179
300 216
300 217
300 227
300 228
300 232
300 237
300 283
300 289
300 293
300 294
301 4
301 30
301 35
301 43
301 64
301 67
301 69
301 94
301 128
301 133
301 138
301 140
301 143
301 145
301 153
301 157
301 184
301 223
301 228
301 229
301 233
301 239
301 247
301 255
301 260
301 284
301 289
301 294
302 8
302 10
302 44
302 49
302 54
302 65
302 69
302 84
302 98
302 99
302 106
302 111
302 115
302 120
302 130
302 139
302 144
302 149
302 154
302 175
302 184
302 185
302 188
302 199
302 216
302 219
302 221
302 278
302 285
303 11
303 15
303 16
303 21
303 39
303 45
303 50
303 55
303 56
303 60
303 61
303 72
303 75
303 76
303 85
303 126
303 129
303 130
303 140
303 145
303 164
303 170
303 174
303 176
303 182
303 184
303 185
303 219
303 231
303 234
303 239
303 241
303 286
303 291
303 292
303 296
303 297
304 6
304 12
304 17
304 22
304 33
304 38
304 56
304 67
304 70
304 72
304 88
304 91
304 131
304 146
304 148
304 153
304 160
304 187
304 231
304 236
304 246
304 248
304 250
304 258
304 262
304 263
304 292
305 11
305 33
305 57
305 67
305 68
305 78
305 83
305 93
305 101
305 109
305 113
305 114
305 118
305 142
305 147
305 173
305 178
305 188
305 191
305 224
305 228
305 233
305 242
305 243
305 281
305 288
305 298
306 9
306 19
306 23
306 42
306 48
306 53
306 64
306 68
306 69
306 74
306 75
306 132
306 138
306 139
306 143
306 153
306 154
306 158
306 174
306 184
306 185
306 190
306 222
306 223
306 229
306 234
306 289
306 299
306 300
307 9
307 15
307 34
307 36
307 41
307 60
307 64
307 65
307 69
307 70
307 73
307 120
307 125
307 130
307 151
307 159
307 163
307 179
307 180
307 190
307 214
307 215
307 224
307 253
307 254
307 261
307 266
307 300
308 2
308 6
308 14
308 16
308 30
308 35
308 39
308 50
308 55
308 61
308 66
308 71
308 76
308 81
308 84
308 89
308 104
308 112
308 117
308 139
308 140
308 176
308 186
308 194
308 227
308 230
308 231
308 236
308 245
308 264
308 265
308 270
308 284
308 289
308 290
308 291
308 301
309 7
309 12
309 13
309 21
309 22
309 33
309 45
309 46
309 51
309 56
309 62
309 66
309 72
309 78
309 106
309 122
309 135
309 138
309 146
309 161
309 177
309 182
309 188
309 193
309 203
309 207
309 211
309 225
309 228
309 231
309 236
309 237
309 241
309 256
309 262
309 292
309 303
310 8
310 13
310 39
310 44
310 57
310 73
310 76
310 77
310 78
310 101
310 123
310 133
310 154
310 162
310 166
310 188
310 223
310 237
310 242
310 248
310 256
310 257
310 258
310 264
310 269
310 281
310 303
310 308
311 5
311 14
311 17
311 19
311 42
311 58
311 64
311 78
311 88
311 115
311 120
311 124
311 129
311 132
311 148
311 158
311 163
311 168
311 197
311 222
311 230
311 233
311 234
311 238
311 253
311 254
311 258
311 287
312 10
312 20
312 48
312 59
312 65
312 69
312 73
312 81
312 86
312 105
312 138
312 149
312 154
312 163
312 164
312 180
312 190
312 196
312 228
312 229
312 239
312 240
312 245
312 253
312 290
312 300
312 306
313 14
313 16
313 42
313 47
313 59
313 75
313 76
313 79
313 90
313 104
313 105
313 126
313 136
313 140
313 157
313 159
313 160
313 162
313 169
313 186
313 190
313 191
313 194
313 229
313 235
313 236
313 239
313 241
313 245
313 250
313 259
313 267
313 272
313 275
313 284
313 296
313 299
313 301
313 306
314 8
314 12
314 13
314 16
314 17
314 20
314 27
314 45
314 47
314 56
314 61
314 67
314 71
314 76
314 77
314 110
314 118
314 122
314 123
314 132
314 133
314 135
314 151
314 171
314 177
314 200
314 201
314 203
314 225
314 233
314 238
314 241
314 242
314 251
314 290
315 13
315 23
315 33
315 37
315 51
315 57
315 58
315 62
315 67
315 72
315 73
315 76
315 84
315 89
315 122
315 141
315 166
315 183
315 193
315 194
315 199
315 228
315 231
315 242
315 243
315 256
315 262
315 303
315 308
315 309
315 312
315 314
316 8
316 14
316 17
316 24
316 49
316 50
316 63
316 78
316 82
316 107
316 124
316 134
316 139
316 160
316 163
316 165
316 168
316 189
316 194
316 197
316 213
316 219
316 229
316 239
316 248
316 253
316 262
316 275
316 287
316 288
316 294
316 304
316 308
317 11
317 15
317 16
317 20
317 23
317 48
317 49
317 55
317 69
317 113
317 125
317 126
317 130
317 135
317 138
317 174
317 203
317 205
317 228
317 236
317 241
317 249
317 254
317 300
317 305
317 309
318 41
318 49
318 54
318 76
318 79
318 80
318 87
318 92
318 105
318 126
318 131
318 136
318 160
318 169
318 174
318 175
318 186
318 191
318 195
318 196
318 202
318 246
318 259
318 260
318 266
318 285
318 301
318 306
318 312
318 317
319 20
319 26
319 36
319 42
319 48
319 53
319 66
319 71
319 72
319 77
319 81
319 82
319 86
319 88
319 91
319 110
319 116
319 123
319 138
319 156
319 162
319 163
319 168
319 176
319 182
319 187
319 197
319 200
319 211
319 213
319 217
319 223
319 237
319 242
319 243
319 253
319 261
319 278
319 290
319 292
319 297
319 302
319 307
319 312
319 316
319 317
320 2
320 14
320 19
320 51
320 58
320 63
320 73
320 88
320 129
320 133
320 141
320 172
320 177
320 183
320 193
320 197
320 231
320 238
320 239
320 244
320 248
320 253
320 257
320 308
321 14
321 68
321 82
321 83
321 84
321 88
321 90
321 93
321 95
321 129
321 139
321 163
321 172
321 173
321 184
321 189
321 193
321 205
321 258
321 262
321 263
321 273
321 303
321 304
321 309
321 315
321 320
322 4
322 15
322 20
322 23
322 49
322 54
322 55
322 56
322 79
322 80
322 84
322 113
322 130
322 135
322 164
322 166
322 171
322 174
322 184
322 190
322 194
322 195
322 203
322 245
322 250
322 254
322 269
322 274
322 281
322 286
322 293
322 310
322 314
323 10
323 15
323 22
323 49
323 54
323 71
323 80
323 81
323 85
323 105
323 130
323 132
323 136
323 137
323 141
323 144
323 165
323 180
323 196
323 234
323 241
323 242
323 246
323 247
323 260
323 270
323 296
323 300
323 306
323 315
324 1
324 6
324 11
324 17
324 82
324 85
324 86
324 87
324 98
324 112
324 122
324 126
324 136
324 137
324 171
324 175
324 176
324 177
324 208
324 217
324 252
324 265
324 266
324 271
324 297
324 302
324 318
324 323
325 18
325 23
325 26
325 28
325 59
325 64
325 73
325 77
325 83
325 87
325 92
325 97
325 116
325 118
325 133
325 143
325 158
325 162
325 174
325 178
325 182
325 187
325 193
325 197
325 206
325 223
325 227
325 232
325 262
325 267
325 272
325 284
325 289
325 296
325 298
325 303
325 308
325 322
326 19
326 24
326 25
326 57
326 74
326 79
326 83
326 84
326 88
326 94
326 128
326 129
326 135
326 140
326 144
326 147
326 168
326 178
326 188
326 237
326 244
326 249
326 250
326 258
326 263
326 268
326 278
326 299
326 304
326 309
327 4
327 25
327 55
327 84
327 85
327 88
327 94
327 99
327 101
327 145
327 149
327 174
327 178
327 179
327 180
327 189
327 211
327 214
327 216
327 234
327 245
327 255
327 264
327 268
327 295
327 326
328 25
328 29
328 62
328 67
328 70
328 85
328 86
328 104
328 109
328 119
328 126
328 131
328 134
328 145
328 146
328 177
328 190
328 191
328 209
328 246
328 260
328 265
328 284
328 285
328 287
328 292
328 299
328 301
328 304
328 305
329 6
329 17
329 27
329 28
329 38
329 48
329 60
329 77
329 81
329 86
329 87
329 91
329 101
329 107
329 132
329 138
329 142
329 143
329 147
329 150
329 157
329 171
329 181
329 186
329 196
329 202
329 216
329 227
329 240
329 253
329 267
329 271
329 272
329 276
329 281
329 312
330 1
330 7
330 8
330 23
330 33
330 48
330 78
330 82
330 87
330 91
330 97
330 104
330 132
330 133
330 143
330 177
330 181
330 182
330 187
330 214
330 219
330 253
330 267
330 271
330 272
330 278
330 282
330 283
330 292
330 293
330 308
330 313
330 328
330 329
331 3
331 8
331 13
331 18
331 19
331 32
331 65
331 70
331 84
331 88
331 99
331 114
331 122
331 134
331 144
331 178
331 180
331 188
331 199
331 212
331 249
331 273
331 278
331 283
331 288
331 290
331 295
331 302
331 319
332 4
332 14
332 20
332 30
332 31
332 35
332 63
332 79
332 89
332 90
332 94
332 109
332 141
332 146
332 153
332 155
332 179
332 184
332 189
332 194
332 200
332 205
332 243
332 250
332 256
332 260
332 261
332 274
332 304
332 310
333 4
333 29
333 30
333 31
333 79
333 81
333 86
333 94
333 107
333 112
333 136
333 146
333 175
333 179
333 184
333 185
333 191
333 194
333 200
333 217
333 222
333 250
333 256
333 274
333 275
333 280
333 290
333 306
333 332
334 1
334 7
334 21
334 22
334 35
334 68
334 73
334 87
334 92
334 106
334 125
334 181
334 183
334 188
334 192
334 196
334 197
334 215
334 281
334 283
334 288
334 293
334 298
334 305
334 306
334 307
334 312
335 2
335 7
335 12
335 17
335 22
335 28
335 34
335 39
335 66
335 91
335 98
335 112
335 118
335 148
335 149
335 156
335 192
335 193
335 202
335 203
335 238
335 243
335 246
335 259
335 264
335 271
335 282
335 287
335 308
335 313
335 318
336 7
336 8
336 13
336 24
336 32
336 34
336 89
336 93
336 97
336 98
336 110
336 115
336 118
336 144
336 183
336 187
336 188
336 193
336 225
336 254
336 259
336 277
336 309
336 319
336 335
337 24
337 25
337 29
337 30
337 38
337 63
337 76
337 80
337 90
337 99
337 114
337 128
337 140
337 153
337 186
337 189
337 191
337 200
337 204
337 205
337 214
337 218
337 239
337 243
337 250
337 260
337 264
337 279
337 289
337 294
337 301
337 305
337 308
337 310
337 333
338 4
338 15
338 20
338 25
338 26
338 31
338 37
338 42
338 69
338 86
338 94
338 100
338 145
338 146
338 151
338 152
338 159
338 176
338 184
338 186
338 200
338 201
338 240
338 249
338 251
338 262
338 265
338 267
338 274
338 290
338 326
338 330
339 3
339 6
339 7
339 10
339 11
339 13
339 26
339 32
339 35
339 82
339 100
339 101
339 111
339 113
339 116
339 118
339 125
339 147
339 152
339 153
339 157
339 163
339 167
339 172
339 190
339 191
339 202
339 206
339 211
339 215
339 222
339 227
339 228
339 276
339 277
339 280
339 286
339 288
339 296
339 301
339 305
339 307
339 338
340 22
340 23
340 32
340 66
340 79
340 83
340 98
340 102
340 107
340 131
340 156
340 172
340 189
340 192
340 194
340 197
340 203
340 207
340 208
340 212
340 221
340 223
340 246
340 248
340 253
340 263
340 292
340 304
340 311
340 322
340 328
340 333
340 336
341 7
341 13
341 18
341 29
341 33
341 34
341 45
341 63
341 84
341 89
341 94
341 97
341 103
341 108
341 113
341 123
341 139
341 144
341 149
341 155
341 162
341 187
341 193
341 199
341 208
341 209
341 234
341 249
341 252
341 259
341 264
341 265
341 270
341 277
341 293
341 298
341 323
342 6
342 11
342 14
342 19
342 24
342 29
342 34
342 35
342 38
342 84
342 90
342 95
342 103
342 104
342 109
342 114
342 116
342 121
342 128
342 193
342 205
342 210
342 214
342 218
342 231
342 236
342 255
342 260
342 264
342 274
342 283
342 284
342 299
342 308
342 315
342 320
342 330
342 341
343 10
343 14
343 20
343 31
343 36
343 41
343 54
343 69
343 80
343 82
343 87
343 115
343 120
343 140
343 151
343 156
343 159
343 170
343 190
343 192
343 196
343 197
343 201
343 205
343 206
343 210
343 215
343 224
343 229
343 249
343 266
343 290
343 307
343 312
343 314
343 316
343 339
344 10
344 16
344 21
344 22
344 26
344 32
344 42
344 43
344 48
344 67
344 86
344 92
344 100
344 106
344 111
344 116
344 126
344 132
344 138
344 158
344 163
344 187
344 190
344 196
344 206
344 207
344 211
344 231
344 255
344 262
344 267
344 272
344 273
344 277
344 280
344 288
344 291
344 296
344 301
344 323
344 338
345 9
345 14
345 17
345 22
345 27
345 32
345 41
345 53
345 57
345 88
345 98
345 112
345 124
345 131
345 132
345 183
345 198
345 202
345 207
345 212
345 221
345 222
345 234
345 239
345 253
345 258
345 263
345 287
345 292
345 293
345 297
345 307
345 311
345 318
346 33
346 34
346 39
346 43
346 72
346 85
346 90
346 99
346 118
346 128
346 149
346 154
346 162
346 163
346 199
346 200
346 204
346 208
346 209
346 213
346 223
346 252
346 264
346 269
346 288
346 298
346 303
346 310
346 315
346 319
346 324
346 342
347 13
347 29
347 30
347 44
347 51
347 95
347 103
347 119
347 124
347 130
347 155
347 161
347 166
347 193
347 200
347 205
347 209
347 276
347 283
347 299
348 12
348 17
348 30
348 31
348 34
348 35
348 36
348 41
348 44
348 55
348 56
348 81
348 86
348 95
348 101
348 111
348 127
348 130
348 134
348 135
348 136
348 146
348 156
348 184
348 195
348 201
348 206
348 215
348 224
348 230
348 237
348 242
348 266
348 291
348 295
348 305
348 314
348 316
348 321
348 335
349 36
349 41
349 46
349 52
349 72
349 75
349 87
349 88
349 93
349 97
349 121
349 123
349 131
349 157
349 165
349 182
349 197
349 202
349 203
349 207
349 213
349 221
349 232
349 255
349 257
349 262
349 273
349 287
349 296
349 306
349 311
349 313
349 316
349 318
349 322
349 345
350 13
350 16
350 27
350 32
350 33
350 54
350 67
350 98
350 106
350 117
350 122
350 127
350 128
350 132
350 137
350 148
350 158
350 164
350 169
350 196
350 198
350 207
350 208
350 213
350 222
350 227
350 263
350 279
350 286
350 292
350 297
350 302
350 303
350 323
350 328
351 9
351 20
351 33
351 34
351 38
351 39
351 43
351 47
351 48
351 99
351 114
351 128
351 130
351 133
351 135
351 137
351 149
351 154
351 204
351 213
351 214
351 223
351 227
351 228
351 240
351 245
351 259
351 284
351 298
351 308
351 314
351 317
351 319
351 329
352 35
352 40
352 44
352 78
352 85
352 89
352 91
352 95
352 96
352 114
352 124
352 134
352 139
352 155
352 160
352 168
352 184
352 205
352 206
352 210
352 211
352 215
352 219
352 258
352 265
352 315
352 316
352 319
352 321
352 324
352 348
353 19
353 20
353 34
353 36
353 40
353 45
353 46
353 50
353 57
353 62
353 101
353 109
353 120
353 130
353 135
353 155
353 167
353 172
353 199
353 204
353 215
353 220
353 225
353 244
353 245
353 261
353 271
353 282
353 287
353 289
353 291
353 295
353 310
353 315
353 321
353 331
354 2
354 17
354 23
354 31
354 41
354 42
354 50
354 52
354 58
354 62
354 96
354 97
354 102
354 131
354 133
354 138
354 140
354 141
354 147
354 152
354 207
354 211
354 212
354 226
354 230
354 248
354 262
354 267
354 287
354 306
354 311
354 316
354 320
354 322
354 327
355 38
355 42
355 43
355 47
355 81
355 99
355 133
355 153
355 163
355 171
355 209
355 212
355 214
355 223
355 227
355 232
355 261
355 312
355 324
355 342
355 351
356 22
356 33
356 38
356 39
356 43
356 44
356 48
356 53
356 58
356 60
356 65
356 94
356 98
356 99
356 104
356 108
356 112
356 123
356 133
356 143
356 149
356 153
356 159
356 175
356 202
356 204
356 218
356 228
356 264
356 274
356 285
356 290
356 292
356 308
356 318
356 319
356 323
356 324
357 26
357 45
357 49
357 50
357 53
357 105
357 129
357 135
357 136
357 139
357 141
357 143
357 169
357 215
357 219
357 220
357 224
357 233
357 234
357 251
357 269
357 275
357 309
357 319
357 323
357 324
357 330
358 40
358 41
358 46
358 50
358 55
358 60
358 69
358 84
358 96
358 102
358 106
358 120
358 145
358 156
358 161
358 174
358 206
358 211
358 212
358 216
358 217
358 225
358 235
358 240
358 244
358 264
358 266
358 276
358 284
358 315
358 325
358 327
358 354
358 355
359 8
359 25
359 41
359 42
359 46
359 51
359 52
359 53
359 56
359 61
359 63
359 68
359 97
359 115
359 116
359 121
359 136
359 162
359 163
359 178
359 197
359 205
359 221
359 222
359 226
359 232
359 247
359 262
359 272
359 277
359 283
359 288
359 293
359 295
359 302
359 306
359 311
359 316
359 326
359 327
359 332
359 347
360 29
360 56
360 123
360 132
360 139
360 144
360 146
360 208
360 213
360 222
360 232
360 233
360 236
360 237
360 242
360 252
360 254
360 258
360 261
360 268
360 326
360 327
360 333
360 351
361 38
361 43
361 48
361 49
361 53
361 58
361 74
361 87
361 94
361 104
361 105
361 109
361 110
361 114
361 148
361 159
361 164
361 177
361 202
361 214
361 215
361 220
361 228
361 233
361 238
361 267
361 269
361 313
361 318
361 323
361 324
361 328
361 329
361 330
361 333
361 334
361 338
361 357
362 24
362 28
362 40
362 49
362 50
362 66
362 69
362 71
362 94
362 100
362 110
362 118
362 139
362 143
362 144
362 149
362 154
362 155
362 165
362 181
362 186
362 208
362 229
362 233
362 234
362 244
362 249
362 265
362 275
362 279
362 284
362 291
362 296
362 298
362 305
362 320
362 323
362 325
362 334
362 335
362 359
363 32
363 37
363 41
363 51
363 55
363 59
363 66
363 84
363 100
363 106
363 110
363 114
363 135
363 144
363 145
363 147
363 149
363 150
363 155
363 156
363 161
363 166
363 174
363 175
363 179
363 211
363 216
363 230
363 235
363 239
363 257
363 262
363 264
363 266
363 270
363 271
363 276
363 300
363 310
363 319
363 320
363 326
363 329
363 335
363 336
363 341
363 354
364 52
364 61
364 88
364 90
364 102
364 108
364 113
364 115
364 141
364 151
364 161
364 166
364 180
364 205
364 212
364 223
364 248
364 251
364 262
364 267
364 270
364 273
364 295
364 321
364 322
364 327
364 332
364 333
364 360
364 362
365 31
365 43
365 56
365 62
365 63
365 67
365 72
365 74
365 97
365 113
365 121
365 138
365 146
365 147
365 157
365 158
365 168
365 184
365 189
365 211
365 223
365 236
365 237
365 242
365 252
365 268
365 272
365 294
365 299
365 301
365 308
365 323
365 326
365 332
365 337
365 342
365 363
366 35
366 40
366 49
366 58
366 74
366 87
366 109
366 148
366 150
366 152
366 153
366 154
366 158
366 159
366 163
366 164
366 177
366 194
366 219
366 224
366 238
366 242
366 243
366 248
366 254
366 260
366 265
366 267
366 269
366 279
366 324
366 329
366 332
366 338
366 357
367 1
367 3
367 28
367 49
367 59
367 93
367 100
367 105
367 111
367 116
367 118
367 144
367 183
367 208
367 219
367 226
367 239
367 259
367 270
367 273
367 280
367 284
367 298
367 325
367 330
367 335
367 336
367 341
367 360
367 363
368 1
368 6
368 44
368 46
368 59
368 60
368 65
368 66
368 75
368 77
368 101
368 106
368 109
368 124
368 130
368 149
368 150
368 166
368 171
368 187
368 192
368 200
368 211
368 214
368 215
368 225
368 235
368 239
368 240
368 245
368 276
368 299
368 302
368 325
368 326
368 329
368 336
368 340
368 365
369 38
369 43
369 46
369 57
369 76
369 87
369 90
369 101
369 102
369 107
369 153
369 156
369 157
369 161
369 167
369 173
369 180
369 202
369 228
369 246
369 248
369 251
369 261
369 263
369 268
369 270
369 282
369 313
369 326
369 327
369 358
369 360
370 4
370 31
370 67
370 77
370 82
370 114
370 119
370 121
370 133
370 152
370 157
370 162
370 163
370 167
370 168
370 183
370 188
370 211
370 228
370 229
370 233
370 237
370 242
370 247
370 252
370 257
370 278
370 283
370 301
370 339
370 342
370 344
370 347
371 4
371 62
371 63
371 78
371 80
371 85
371 89
371 93
371 104
371 113
371 114
371 152
371 153
371 158
371 164
371 169
371 184
371 190
371 195
371 209
371 214
371 238
371 242
371 253
371 258
371 263
371 274
371 305
371 328
371 332
371 333
371 338
371 343
372 3
372 41
372 46
372 60
372 93
372 105
372 110
372 115
372 154
372 156
372 160
372 161
372 174
372 183
372 215
372 220
372 244
372 266
372 270
372 271
372 273
372 319
372 329
372 334
372 335
372 339
372 359
372 363
373 7
373 12
373 15
373 20
373 34
373 39
373 61
373 75
373 80
373 85
373 94
373 96
373 111
373 116
373 117
373 122
373 124
373 139
373 155
373 161
373 164
373 166
373 171
373 175
373 195
373 209
373 214
373 232
373 237
373 245
373 260
373 265
373 276
373 281
373 286
373 295
373 304
373 324
373 335
373 342
373 347
373 351
373 355
374 2
374 42
374 65
374 66
374 81
374 83
374 87
374 88
374 127
374 155
374 156
374 168
374 193
374 198
374 217
374 222
374 237
374 245
374 251
374 261
374 266
374 282
374 302
374 308
374 313
374 332
374 335
374 341
374 353
374 368
375 6
375 18
375 37
375 38
375 48
375 49
375 58
375 63
375 67
375 77
375 82
375 87
375 88
375 96
375 113
375 148
375 157
375 159
375 162
375 164
375 168
375 172
375 177
375 186
375 202
375 213
375 257
375 268
375 269
375 273
375 274
375 276
375 278
375 338
375 342
375 366
376 10
376 15
376 37
376 54
376 59
376 68
376 78
376 109
376 125
376 127
376 158
376 164
376 168
376 173
376 189
376 217
376 235
376 240
376 248
376 253
376 264
376 268
376 274
376 299
376 307
376 338
376 348
376 350
376 353
377 49
377 55
377 60
377 68
377 79
377 84
377 86
377 89
377 91
377 105
377 115
377 158
377 165
377 169
377 174
377 201
377 220
377 225
377 248
377 249
377 259
377 311
377 316
377 330
377 338
377 339
377 340
377 344
377 369
378 5
378 9
378 15
378 35
378 52
378 61
378 70
378 80
378 99
378 100
378 116
378 160
378 162
378 165
378 166
378 167
378 171
378 176
378 184
378 189
378 191
378 240
378 276
378 277
378 279
378 286
378 290
378 295
378 319
378 331
378 339
378 344
378 350
378 354
378 359
378 369
379 1
379 6
379 7
379 13
379 18
379 27
379 37
379 40
379 52
379 57
379 71
379 81
379 91
379 112
379 118
379 128
379 130
379 142
379 161
379 171
379 172
379 176
379 178
379 192
379 218
379 220
379 222
379 232
379 238
379 243
379 261
379 271
379 282
379 307
379 310
379 317
379 351
379 353
379 356
380 2
380 38
380 53
380 63
380 71
380 77
380 83
380 87
380 88
380 89
380 94
380 103
380 161
380 167
380 168
380 172
380 173
380 177
380 178
380 182
380 204
380 217
380 223
380 228
380 233
380 238
380 242
380 251
380 257
380 262
380 312
380 314
380 319
380 333
380 341
380 342
380 352
380 358
381 9
381 12
381 14
381 19
381 55
381 60
381 64
381 78
381 83
381 88
381 102
381 163
381 165
381 168
381 170
381 173
381 188
381 192
381 229
381 244
381 253
381 273
381 279
381 280
381 282
381 309
381 353
381 358
381 372
381 379
382 9
382 10
382 16
382 21
382 43
382 55
382 59
382 69
382 74
382 84
382 99
382 105
382 131
382 133
382 136
382 175
382 179
382 189
382 194
382 220
382 223
382 224
382 230
382 235
382 239
382 241
382 246
382 255
382 265
382 274
382 275
382 279
382 280
382 294
382 313
382 314
382 324
382 340
382 345
382 349
382 356
382 359
382 361
382 369
383 10
383 19
383 50
383 54
383 56
383 60
383 61
383 70
383 74
383 80
383 90
383 92
383 95
383 97
383 116
383 121
383 164
383 166
383 175
383 207
383 212
383 221
383 226
383 231
383 244
383 254
383 260
383 270
383 281
383 286
383 299
383 317
383 320
383 322
383 336
383 344
383 365
383 366
384 6
384 7
384 15
384 52
384 58
384 63
384 66
384 81
384 82
384 91
384 96
384 101
384 105
384 117
384 122
384 132
384 152
384 168
384 171
384 173
384 176
384 195
384 227
384 232
384 237
384 268
384 271
384 276
384 283
384 285
384 292
384 323
384 371
384 372
384 375
384 378
385 2
385 7
385 8
385 12
385 13
385 17
385 24
385 28
385 46
385 82
385 88
385 92
385 102
385 134
385 136
385 139
385 148
385 161
385 168
385 177
385 178
385 182
385 226
385 228
385 232
385 238
385 248
385 249
385 251
385 262
385 263
385 267
385 272
385 282
385 283
385 288
385 316
385 341
385 343
385 348
385 352
385 357
385 359
385 362
385 364
385 373
386 3
386 4
386 12
386 59
386 69
386 77
386 100
386 102
386 103
386 108
386 114
386 119
386 167
386 173
386 174
386 178
386 183
386 209
386 210
386 215
386 218
386 234
386 257
386 273
386 289
386 325
386 347
386 349
386 358
386 363
386 368
386 372
387 5
387 18
387 43
387 60
387 61
387 66
387 84
387 94
387 104
387 108
387 110
387 115
387 120
387 133
387 154
387 176
387 179
387 180
387 184
387 194
387 198
387 223
387 225
387 234
387 235
387 264
387 279
387 280
387 284
387 286
387 288
387 290
387 291
387 313
387 319
387 330
387 345
387 350
387 369
387 378
388 1
388 5
388 11
388 14
388 27
388 49
388 56
388 61
388 74
388 85
388 86
388 95
388 99
388 105
388 111
388 121
388 130
388 137
388 139
388 140
388 141
388 142
388 171
388 180
388 181
388 185
388 186
388 190
388 226
388 229
388 231
388 252
388 254
388 275
388 279
388 284
388 285
388 291
388 296
388 306
388 314
388 319
388 325
388 344
388 346
388 351
388 355
388 359
388 360
388 362
388 365
388 367
388 375
388 379
388 385
389 1
389 7
389 12
389 15
389 67
389 80
389 82
389 91
389 103
389 105
389 148
389 170
389 182
389 186
389 188
389 195
389 196
389 201
389 213
389 218
389 227
389 233
389 236
389 247
389 260
389 281
389 285
389 287
389 292
389 307
389 328
389 343
389 350
389 352
389 357
389 361
389 371
389 375
389 376
390 2
390 3
390 7
390 21
390 43
390 46
390 63
390 64
390 69
390 102
390 111
390 112
390 118
390 133
390 136
390 173
390 178
390 179
390 197
390 201
390 226
390 238
390 283
390 287
390 289
390 291
390 293
390 294
390 316
390 348
390 362
390 367
390 381
390 382
391 4
391 30
391 35
391 52
391 64
391 69
391 77
391 114
391 119
391 124
391 140
391 142
391 145
391 167
391 168
391 183
391 188
391 193
391 203
391 229
391 232
391 234
391 239
391 248
391 255
391 257
391 273
391 278
391 283
391 344
391 347
391 354
391 365
391 368
391 370
392 4
392 9
392 10
392 18
392 65
392 70
392 99
392 106
392 108
392 111
392 114
392 125
392 164
392 173
392 175
392 184
392 198
392 216
392 221
392 263
392 285
392 288
392 295
392 331
392 334
392 336
392 340
392 344
392 353
392 365
392 378
393 5
393 6
393 10
393 16
393 25
393 49
393 61
393 66
393 67
393 71
393 72
393 79
393 95
393 96
393 100
393 116
393 121
393 124
393 139
393 154
393 176
393 181
393 182
393 185
393 187
393 189
393 199
393 211
393 225
393 229
393 231
393 236
393 255
393 260
393 265
393 275
393 292
393 297
393 299
393 319
393 330
393 345
393 346
393 356
393 365
393 375
393 385
394 6
394 12
394 16
394 33
394 38
394 67
394 80
394 96
394 108
394 122
394 128
394 132
394 143
394 148
394 162
394 170
394 186
394 191
394 196
394 201
394 227
394 232
394 237
394 242
394 258
394 260
394 263
394 281
394 286
394 318
394 342
394 350
394 371
394 373
394 381
395 7
395 13
395 21
395 27
395 52
395 63
395 73
395 102
395 107
395 109
395 111
395 114
395 117
395 138
395 178
395 192
395 201
395 202
395 219
395 223
395 224
395 233
395 243
395 277
395 288
395 291
395 292
395 298
395 308
395 334
395 338
395 339
395 348
395 353
395 358
395 367
395 372
395 377
395 381
395 382
395 387
395 392
396 3
396 9
396 19
396 23
396 28
396 44
396 52
396 69
396 74
396 75
396 118
396 119
396 123
396 129
396 142
396 149
396 179
396 185
396 190
396 208
396 232
396 234
396 239
396 244
396 278
396 283
396 299
396 300
396 303
396 322
396 349
396 354
396 378
396 388
396 393
397 5
397 9
397 10
397 36
397 41
397 69
397 70
397 83
397 99
397 119
397 120
397 151
397 173
397 175
397 180
397 184
397 185
397 230
397 234
397 244
397 245
397 261
397 263
397 266
397 280
397 285
397 290
397 295
397 299
397 345
397 350
397 353
397 354
397 355
397 374
397 376
397 389
398 2
398 5
398 11
398 15
398 16
398 20
398 24
398 25
398 30
398 50
398 66
398 76
398 112
398 114
398 115
398 116
398 117
398 120
398 121
398 126
398 131
398 181
398 186
398 190
398 200
398 204
398 205
398 210
398 215
398 227
398 236
398 241
398 250
398 291
398 294
398 295
398 300
398 337
398 339
398 342
398 351
398 354
398 370
398 384
399 7
399 12
399 21
399 27
399 55
399 77
399 78
399 81
399 103
399 111
399 118
399 121
399 122
399 126
399 132
399 145
399 187
399 188
399 193
399 201
399 206
399 211
399 216
399 217
399 232
399 235
399 237
399 242
399 268
399 276
399 278
399 286
399 291
399 298
399 302
399 303
399 306
399 325
399 376
399 377
399 381
399 391
399 396
400 13
400 27
400 32
400 39
400 43
400 44
400 86
400 103
400 112
400 117
400 118
400 122
400 123
400 127
400 133
400 154
400 162
400 176
400 188
400 197
400 198
400 218
400 233
400 243
400 253
400 264
400 266
400 269
400 287
400 288
400 293
400 297
400 302
400 303
400 308
400 328
400 348
400 356
400 363
400 379
400 382
400 387
400 392
400 393
401 5
401 9
401 14
401 18
401 23
401 27
401 28
401 64
401 69
401 74
401 113
401 115
401 117
401 120
401 179
401 184
401 189
401 207
401 230
401 234
401 235
401 264
401 288
401 293
401 294
401 297
401 298
401 304
401 308
401 340
401 345
401 349
401 378
401 383
401 387
401 388
401 393
401 398
402 4
402 19
402 24
402 34
402 58
402 65
402 70
402 75
402 81
402 86
402 114
402 130
402 148
402 180
402 190
402 191
402 196
402 199
402 204
402 209
402 235
402 238
402 249
402 265
402 280
402 290
402 294
402 295
402 299
402 306
402 309
402 328
402 349
402 350
402 399
403 16
403 20
403 21
403 25
403 26
403 35
403 40
403 47
403 66
403 71
403 84
403 89
403 109
403 110
403 125
403 135
403 136
403 157
403 179
403 181
403 191
403 210
403 220
403 225
403 236
403 269
403 272
403 276
403 290
403 294
403 300
403 314
403 351
403 359
403 382
403 385
403 387
403 390
403 400
404 8
404 12
404 13
404 21
404 30
404 31
404 43
404 46
404 67
404 111
404 112
404 116
404 120
404 123
404 138
404 167
404 168
404 172
404 182
404 187
404 206
404 210
404 216
404 223
404 233
404 237
404 238
404 242
404 272
404 296
404 300
404 301
404 302
404 306
404 311
404 312
404 332
404 347
404 348
404 382
404 386
404 390
405 18
405 22
405 27
405 32
405 42
405 47
405 57
405 61
405 68
405 84
405 89
405 113
405 122
405 127
405 133
405 137
405 138
405 143
405 148
405 151
405 194
405 199
405 207
405 217
405 241
405 293
405 297
405 302
405 303
405 309
405 312
405 314
405 317
405 323
405 331
405 353
405 358
405 382
405 388
405 392
405 393
405 402
405 403
406 2
406 14
406 24
406 28
406 39
406 43
406 50
406 69
406 74
406 92
406 124
406 133
406 134
406 160
406 165
406 182
406 189
406 208
406 213
406 228
406 239
406 272
406 275
406 299
406 303
406 313
406 354
406 359
406 362
406 364
406 385
406 388
406 390
406 393
406 398
406 403
406 404
407 11
407 15
407 16
407 20
407 33
407 39
407 49
407 54
407 75
407 123
407 124
407 126
407 129
407 135
407 139
407 149
407 164
407 184
407 185
407 190
407 195
407 213
407 229
407 234
407 236
407 240
407 241
407 245
407 250
407 295
407 303
407 305
407 314
407 344
407 350
407 351
407 360
407 393
408 11
408 26
408 30
408 64
408 87
408 92
408 94
408 125
408 136
408 144
408 154
408 180
408 196
408 202
408 206
408 210
408 215
408 241
408 244
408 246
408 251
408 256
408 275
408 299
408 300
408 306
408 310
408 312
408 315
408 317
408 334
408 361
408 365
408 369
408 380
408 390
408 406
409 5
409 12
409 26
409 41
409 53
409 72
409 77
409 82
409 95
409 118
409 126
409 136
409 137
409 141
409 142
409 146
409 147
409 163
409 168
409 185
409 211
409 221
409 231
409 236
409 237
409 242
409 275
409 278
409 301
409 321
409 337
409 357
409 363
409 365
409 381
409 388
409 391
409 393
409 396
409 401
410 2
410 14
410 19
410 23
410 32
410 36
410 37
410 42
410 48
410 52
410 53
410 62
410 68
410 73
410 83
410 93
410 122
410 126
410 129
410 132
410 137
410 142
410 151
410 208
410 213
410 216
410 222
410 238
410 239
410 241
410 244
410 253
410 298
410 303
410 306
410 308
410 312
410 317
410 327
410 331
410 353
410 354
410 363
410 378
410 396
410 397
410 407
410 408
411 2
411 14
411 24
411 43
411 48
411 58
411 64
411 67
411 79
411 84
411 92
411 95
411 123
411 143
411 153
411 157
411 184
411 189
411 194
411 205
411 228
411 247
411 249
411 272
411 299
411 308
411 309
411 314
411 315
411 320
411 337
411 362
411 393
411 408
412 8
412 15
412 25
412 39
412 44
412 54
412 56
412 80
412 98
412 104
412 119
412 123
412 124
412 134
412 140
412 144
412 166
412 169
412 171
412 185
412 188
412 190
412 213
412 224
412 239
412 240
412 270
412 278
412 281
412 286
412 299
412 303
412 354
412 360
412 368
412 389
412 391
412 393
412 396
412 399
412 400
412 410
413 4
413 10
413 16
413 21
413 22
413 39
413 50
413 64
413 76
413 81
413 125
413 129
413 130
413 132
413 135
413 136
413 137
413 139
413 141
413 149
413 150
413 154
413 169
413 171
413 186
413 191
413 196
413 219
413 242
413 244
413 245
413 247
413 251
413 254
413 280
413 300
413 301
413 306
413 309
413 310
413 334
413 344
413 350
413 356
413 357
413 360
413 362
413 366
413 370
413 385
413 399
413 400
413 410
413 411
414 5
414 41
414 46
414 51
414 61
414 70
414 93
414 95
414 98
414 121
414 137
414 146
414 160
414 185
414 197
414 201
414 208
414 212
414 213
414 221
414 227
414 236
414 242
414 250
414 252
414 263
414 275
414 282
414 308
414 316
414 323
414 326
414 340
414 342
414 365
414 367
414 398
414 412
415 11
415 23
415 28
415 36
415 42
415 59
415 62
415 64
415 101
415 103
415 126
415 133
415 137
415 142
415 147
415 157
415 169
415 174
415 191
415 193
415 216
415 217
415 223
415 237
415 248
415 253
415 263
415 278
415 281
415 284
415 289
415 298
415 306
415 317
415 318
415 327
415 358
415 371
415 396
415 399
415 408
415 412
416 24
416 25
416 29
416 42
416 44
416 53
416 67
416 73
416 74
416 79
416 132
416 134
416 135
416 138
416 139
416 140
416 153
416 157
416 199
416 222
416 228
416 233
416 243
416 244
416 247
416 249
416 250
416 254
416 299
416 312
416 323
416 333
416 337
416 338
416 359
416 360
416 365
416 388
416 408
416 413
416 414
417 8
417 25
417 34
417 40
417 44
417 54
417 59
417 73
417 75
417 98
417 101
417 130
417 135
417 154
417 163
417 188
417 211
417 216
417 224
417 239
417 245
417 249
417 250
417 278
417 299
417 310
417 319
417 326
417 365
417 368
417 414
417 415
418 14
418 21
418 25
418 31
418 39
418 62
418 81
418 86
418 129
418 131
418 135
418 145
418 146
418 155
418 166
418 177
418 184
418 189
418 190
418 191
418 194
418 219
418 230
418 235
418 245
418 246
418 256
418 281
418 284
418 287
418 292
418 309
418 311
418 325
418 345
418 349
418 356
418 365
418 374
418 376
418 399
418 402
418 405
418 415
419 28
419 32
419 61
419 66
419 70
419 71
419 77
419 82
419 106
419 137
419 138
419 141
419 143
419 147
419 151
419 153
419 160
419 163
419 236
419 246
419 248
419 250
419 253
419 273
419 302
419 321
419 326
419 331
419 337
419 340
419 363
419 368
419 377
419 378
419 391
419 392
419 397
419 416
420 11
420 28
420 42
420 62
420 93
420 98
420 101
420 104
420 132
420 133
420 137
420 143
420 147
420 152
420 191
420 198
420 214
420 219
420 242
420 247
420 248
420 252
420 272
420 277
420 281
420 313
420 329
420 332
420 337
420 342
420 363
420 371
420 388
420 412
420 413
420 417
421 24
421 42
421 65
421 68
421 70
421 73
421 84
421 89
421 132
421 143
421 148
421 149
421 158
421 173
421 180
421 185
421 189
421 199
421 204
421 219
421 222
421 233
421 244
421 248
421 249
421 253
421 259
421 263
421 288
421 290
421 295
421 309
421 312
421 328
421 344
421 359
421 364
421 398
421 402
421 403
421 405
421 408
421 410
421 413
421 418
422 14
422 31
422 36
422 64
422 73
422 74
422 80
422 85
422 90
422 139
422 140
422 141
422 144
422 146
422 149
422 154
422 159
422 163
422 190
422 205
422 209
422 239
422 244
422 253
422 254
422 255
422 256
422 261
422 324
422 343
422 355
422 365
422 366
422 371
422 389
422 415
423 14
423 30
423 31
423 36
423 50
423 60
423 64
423 65
423 86
423 101
423 104
423 107
423 129
423 136
423 141
423 155
423 179
423 191
423 194
423 196
423 201
423 214
423 217
423 222
423 231
423 240
423 255
423 284
423 305
423 306
423 316
423 330
423 332
423 337
423 361
423 366
423 374
423 410
423 415
423 416
423 420
424 37
424 45
424 51
424 61
424 72
424 73
424 76
424 87
424 135
424 146
424 147
424 183
424 188
424 192
424 207
424 225
424 236
424 247
424 256
424 257
424 262
424 293
424 298
424 302
424 312
424 315
424 331
424 336
424 346
424 362
424 405
424 408
424 413
424 416
425 34
425 39
425 42
425 43
425 57
425 76
425 77
425 83
425 88
425 128
425 143
425 149
425 152
425 162
425 166
425 167
425 168
425 178
425 237
425 242
425 247
425 248
425 256
425 259
425 264
425 278
425 327
425 342
425 346
425 347
425 353
425 363
425 368
425 374
425 378
425 397
425 417
425 418
425 422
426 4
426 17
426 34
426 58
426 63
426 78
426 84
426 94
426 107
426 110
426 115
426 129
426 139
426 148
426 149
426 163
426 194
426 197
426 199
426 223
426 225
426 238
426 243
426 248
426 249
426 284
426 287
426 314
426 333
426 335
426 340
426 343
426 348
426 364
426 369
426 377
426 418
426 419
427 25
427 30
427 35
427 48
427 64
427 74
427 76
427 79
427 85
427 104
427 138
427 139
427 140
427 150
427 186
427 191
427 194
427 195
427 199
427 228
427 229
427 250
427 260
427 294
427 299
427 301
427 309
427 315
427 318
427 365
427 370
427 394
427 408
427 411
427 416
427 420
428 9
428 19
428 26
428 37
428 42
428 49
428 60
428 79
428 85
428 91
428 105
428 111
428 141
428 146
428 152
428 169
428 170
428 231
428 240
428 256
428 259
428 260
428 262
428 267
428 279
428 296
428 306
428 311
428 335
428 349
428 366
428 377
428 410
428 425
429 3
429 20
429 32
429 37
429 51
429 66
429 81
429 110
429 113
429 118
429 142
429 152
429 156
429 166
429 176
429 181
429 192
429 197
429 200
429 202
429 217
429 222
429 228
429 237
429 257
429 261
429 262
429 266
429 277
429 290
429 312
429 317
429 331
429 336
429 338
429 341
429 343
429 346
429 347
429 351
429 362
429 371
429 380
430 38
430 51
430 62
430 67
430 72
430 77
430 79
430 82
430 88
430 141
430 153
430 163
430 177
430 189
430 194
430 203
430 231
430 247
430 252
430 303
430 304
430 321
430 337
430 352
430 363
430 393
430 411
430 414
430 419
430 423
430 427
430 428
431 40
431 45
431 82
431 84
431 88
431 89
431 94
431 99
431 119
431 134
431 138
431 139
431 149
431 155
431 158
431 163
431 172
431 173
431 178
431 223
431 229
431 248
431 259
431 262
431 263
431 264
431 265
431 270
431 309
431 319
431 338
431 339
431 343
431 348
431 352
431 353
431 380
431 385
431 389
432 6
432 23
432 30
432 35
432 60
432 65
432 74
432 85
432 95
432 113
432 116
432 121
432 140
432 150
432 159
432 175
432 179
432 200
432 203
432 204
432 210
432 231
432 236
432 239
432 244
432 259
432 264
432 265
432 293
432 299
432 315
432 320
432 341
432 344
432 346
432 375
432 383
432 425
433 15
433 31
433 36
433 54
433 64
433 82
433 87
433 91
433 95
433 141
433 144
433 146
433 165
433 180
433 190
433 192
433 197
433 201
433 206
433 234
433 255
433 260
433 261
433 266
433 307
433 321
433 324
433 331
433 340
433 355
433 376
433 389
433 390
433 414
433 417
433 422
434 27
434 33
434 37
434 43
434 47
434 48
434 56
434 71
434 81
434 85
434 87
434 92
434 97
434 133
434 142
434 147
434 158
434 163
434 175
434 181
434 182
434 217
434 228
434 252
434 261
434 262
434 265
434 266
434 268
434 271
434 272
434 273
434 322
434 327
434 336
434 351
434 355
434 356
434 361
434 383
434 388
434 403
434 431
434 432
435 3
435 9
435 14
435 18
435 26
435 28
435 51
435 52
435 82
435 87
435 98
435 116
435 123
435 124
435 143
435 148
435 162
435 167
435 177
435 182
435 206
435 208
435 213
435 231
435 234
435 239
435 248
435 252
435 257
435 262
435 267
435 273
435 296
435 318
435 349
435 362
435 367
435 368
435 373
435 378
435 386
435 428
435 432
436 8
436 34
436 43
436 57
436 82
436 85
436 89
436 90
436 93
436 98
436 99
436 144
436 147
436 154
436 168
436 178
436 199
436 200
436 214
436 237
436 262
436 264
436 273
436 310
436 315
436 319
436 323
436 324
436 327
436 343
436 352
436 353
436 354
436 363
436 369
436 417
436 424
436 425
436 433
436 434
437 23
437 35
437 40
437 51
437 64
437 74
437 79
437 85
437 88
437 90
437 113
437 129
437 145
437 155
437 161
437 164
437 166
437 174
437 178
437 203
437 205
437 235
437 245
437 259
437 260
437 265
437 268
437 275
437 276
437 293
437 315
437 320
437 325
437 349
437 358
437 375
437 379
437 380
437 383
437 384
437 386
437 391
438 10
438 12
438 15
438 17
438 29
438 30
438 31
438 36
438 41
438 50
438 51
438 54
438 75
438 85
438 89
438 91
438 95
438 96
438 101
438 119
438 124
438 127
438 144
438 145
438 146
438 149
438 151
438 174
438 200
438 209
438 211
438 234
438 237
438 242
438 245
438 255
438 256
438 261
438 265
438 299
438 316
438 321
438 324
438 341
438 350
438 352
438 376
438 389
438 414
438 425
438 430
438 431
438 436
439 1
439 6
439 11
439 23
439 42
439 60
439 72
439 85
439 86
439 88
439 93
439 96
439 103
439 122
439 150
439 157
439 161
439 162
439 168
439 175
439 176
439 186
439 198
439 203
439 212
439 240
439 252
439 256
439 257
439 261
439 265
439 266
439 267
439 272
439 276
439 303
439 313
439 318
439 322
439 330
439 346
439 352
439 355
439 357
439 361
439 363
439 372
439 387
439 388
439 420
439 428
439 432
439 437
440 1
440 26
440 53
440 54
440 82
440 87
440 91
440 102
440 116
440 164
440 167
440 169
440 172
440 173
440 181
440 182
440 206
440 213
440 233
440 271
440 272
440 279
440 296
440 313
440 352
440 357
440 361
440 362
440 372
440 386
440 388
440 389
440 394
440 433
440 438
441 3
441 13
441 15
441 20
441 32
441 34
441 39
441 44
441 57
441 83
441 88
441 93
441 99
441 103
441 122
441 130
441 147
441 149
441 154
441 159
441 178
441 179
441 188
441 193
441 203
441 204
441 209
441 212
441 214
441 237
441 240
441 245
441 258
441 259
441 268
441 283
441 302
441 327
441 353
441 355
441 358
441 363
441 368
441 374
441 413
441 417
441 429
441 434
441 439
442 35
442 45
442 59
442 63
442 84
442 88
442 89
442 90
442 91
442 95
442 96
442 99
442 150
442 153
442 160
442 170
442 178
442 179
442 194
442 206
442 211
442 215
442 224
442 240
442 268
442 269
442 274
442 279
442 284
442 304
442 315
442 316
442 319
442 321
442 325
442 358
442 359
442 375
442 380
442 423
442 430
442 431
442 436
443 4
443 29
443 41
443 57
443 62
443 85
443 90
443 94
443 100
443 119
443 156
443 161
443 167
443 172
443 180
443 184
443 185
443 206
443 209
443 211
443 216
443 234
443 254
443 261
443 265
443 270
443 271
443 275
443 280
443 282
443 287
443 299
443 335
443 339
443 345
443 360
443 365
443 371
443 374
443 375
443 376
443 389
443 392
443 397
443 431
443 436
444 1
444 7
444 18
444 23
444 47
444 52
444 60
444 62
444 76
444 82
444 86
444 91
444 96
444 97
444 98
444 101
444 106
444 107
444 133
444 138
444 150
444 152
444 157
444 177
444 191
444 240
444 243
444 248
444 253
444 267
444 271
444 283
444 286
444 305
444 322
444 330
444 332
444 358
444 366
444 371
444 387
444 396
444 417
444 420
444 432
444 442
445 1
445 2
445 17
445 33
445 38
445 48
445 91
445 97
445 98
445 99
445 107
445 142
445 153
445 158
445 177
445 181
445 182
445 203
445 208
445 209
445 214
445 252
445 263
445 267
445 271
445 272
445 273
445 277
445 302
445 323
445 324
445 337
445 361
445 362
445 373
445 378
445 388
445 392
445 403
445 434
445 439
446 3
446 32
446 39
446 44
446 49
446 60
446 65
446 79
446 88
446 89
446 93
446 99
446 103
446 108
446 122
446 154
446 159
446 175
446 178
446 183
446 184
446 188
446 193
446 198
446 203
446 212
446 214
446 219
446 259
446 264
446 268
446 269
446 285
446 290
446 293
446 302
446 319
446 324
446 363
446 368
446 373
446 374
446 383
446 384
446 392
446 400
446 403
446 439
447 4
447 9
447 14
447 24
447 26
447 35
447 50
447 63
447 94
447 95
447 100
447 104
447 109
447 129
447 136
447 141
447 144
447 150
447 153
447 165
447 184
447 199
447 210
447 240
447 243
447 251
447 270
447 280
447 294
447 320
447 333
447 339
447 360
447 361
447 364
447 366
447 375
447 384
447 395
447 423
447 430
447 435
447 440
448 4
448 5
448 10
448 11
448 15
448 46
448 51
448 85
448 90
448 94
448 95
448 96
448 102
448 106
448 129
448 155
448 161
448 175
448 184
448 195
448 205
448 212
448 217
448 235
448 265
448 266
448 274
448 275
448 276
448 280
448 291
448 295
448 320
448 321
448 326
448 327
448 331
448 364
448 376
448 385
448 434
448 436
448 437
448 441
448 442
449 6
449 11
449 16
449 26
449 31
449 35
449 47
449 63
449 68
449 72
449 97
449 102
449 106
449 111
449 116
449 117
449 121
449 125
449 157
449 162
449 178
449 191
449 212
449 215
449 223
449 236
449 267
449 276
449 277
449 286
449 288
449 291
449 293
449 305
449 308
449 332
449 342
449 357
449 376
449 386
449 387
449 395
449 403
449 432
450 3
450 17
450 22
450 29
450 33
450 48
450 66
450 93
450 98
450 102
450 117
450 139
450 144
450 153
450 156
450 163
450 192
450 202
450 213
450 246
450 248
450 254
450 282
450 287
450 292
450 297
450 328
450 333
450 336
450 358
450 364
450 367
450 369
450 372
450 377
450 382
450 408
450 426
450 438
5