8 3
12 4
12 10
16 11
18 9
19 3
19 8
21 12
21 16
22 1
22 6
22 7
25 9
26 10
26 12
28 7
28 10
28 12
28 22
28 26
29 16
29 21
30 16
30 21
30 29
31 15
32 17
34 2
34 17
34 20
34 29
36 2
36 4
36 27
36 33
37 8
37 26
37 34
37 35
38 24
39 10
39 12
39 26
39 28
39 30
39 34
39 37
42 8
43 7
43 22
43 27
43 28
44 4
44 12
45 36
46 30
46 31
48 5
48 43
49 15
50 9
50 23
50 43
50 48
51 3
51 8
51 17
51 19
51 42
52 9
52 36
52 50
53 12
53 20
53 21
53 23
53 30
54 9
54 10
54 12
54 26
54 28
54 31
54 39
54 45
54 46
54 52
55 4
55 12
55 23
55 44
56 4
56 15
56 28
57 3
57 28
57 29
57 34
57 56
58 10
58 34
58 37
58 39
58 53
60 2
60 5
60 34
60 40
61 2
61 10
61 12
61 26
61 27
61 28
61 39
61 43
61 54
62 21
62 33
62 36
63 9
63 50
64 5
64 16
64 21
64 29
64 30
64 40
64 48
64 60
65 24
65 63
66 5
66 64
67 3
67 8
67 19
67 21
67 51
67 53
69 5
69 9
69 17
69 26
69 33
69 34
69 36
69 37
69 48
69 52
69 54
69 62
69 64
70 33
70 36
70 54
70 62
70 69
71 11
71 16
71 23
71 30
71 53
72 6
72 29
73 3
73 14
73 20
73 29
73 34
73 39
73 57
74 5
74 26
74 33
74 36
74 48
74 59
74 62
74 64
74 69
74 70
75 10
75 14
75 23
75 55
75 58
75 73
76 17
76 28
76 42
76 67
76 74
77 26
77 33
77 36
77 50
77 62
77 69
77 70
77 74
78 10
78 20
78 30
78 34
78 58
78 73
78 75
79 20
79 34
79 45
79 73
79 78
80 26
80 28
80 37
80 56
80 57
80 60
80 69
81 59
81 74
82 9
82 23
82 26
82 37
82 50
82 52
82 63
82 69
82 73
82 80
83 2
83 34
83 60
84 5
84 54
84 64
84 65
84 66
84 67
84 70
84 76
85 26
85 28
85 37
85 51
85 56
85 57
85 69
85 80
85 82
86 9
86 45
86 50
86 63
86 68
86 82
88 4
88 16
88 20
88 21
88 29
88 30
88 34
88 36
88 54
88 64
88 70
88 72
88 73
88 78
88 79
88 84
89 1
89 10
89 22
89 58
89 75
89 78
90 4
90 5
90 10
90 12
90 26
90 28
90 39
90 44
90 54
90 55
90 60
90 61
90 64
90 66
90 84
91 7
91 22
91 28
91 29
91 34
91 43
91 57
91 68
91 73
91 75
91 86
92 5
92 40
92 48
92 60
92 64
92 69
92 74
93 11
93 16
93 27
93 36
93 71
93 78
94 1
94 10
94 11
94 16
94 22
94 35
94 37
94 58
94 71
94 75
94 78
94 89
94 93
95 78
95 93
96 5
96 30
96 54
96 70
96 78
96 84
96 88
97 13
97 20
97 33
97 36
97 53
97 62
97 69
97 70
97 74
97 77
97 81
97 88
98 28
98 56
98 57
98 77
98 80
98 85
99 20
99 26
99 33
99 37
99 53
99 69
99 80
99 82
99 85
99 97
100 7
100 16
100 22
100 28
100 43
100 84
100 91
100 98
101 2
101 5
101 20
101 23
101 34
101 53
101 60
101 71
101 73
101 78
101 79
101 80
101 83
101 88
101 90
102 36
102 45
102 54
102 67
102 70
102 76
102 84
102 88
102 96
103 1
103 11
103 16
103 17
103 22
103 26
103 29
103 34
103 44
103 57
103 69
103 71
103 73
103 74
103 77
103 89
103 91
103 93
103 94
104 9
104 50
104 63
104 82
104 86
105 10
105 12
105 20
105 26
105 28
105 34
105 37
105 39
105 54
105 58
105 61
105 73
105 76
105 78
105 79
105 88
105 90
105 101
106 1
106 22
106 34
106 37
106 39
106 58
106 72
106 89
106 94
106 103
106 105
107 66
108 17
108 42
109 17
109 32
109 50
109 52
109 82
109 98
109 100
110 33
110 36
110 62
110 69
110 70
110 74
110 77
110 97
111 5
111 64
111 66
111 84
111 90
112 3
112 7
112 17
112 20
112 22
112 28
112 29
112 34
112 43
112 53
112 57
112 69
112 73
112 76
112 78
112 79
112 88
112 91
112 100
112 101
112 103
112 105
113 20
113 28
113 33
113 36
113 53
113 62
113 69
113 70
113 72
113 74
113 76
113 77
113 92
113 97
113 99
113 105
113 110
113 112
114 31
114 46
114 48
114 54
115 24
115 31
115 38
115 46
115 54
115 81
115 106
115 114
116 26
116 27
116 43
116 61
116 74
116 75
116 77
116 78
116 93
116 95
116 98
116 100
116 103
116 109
117 26
117 51
118 2
118 5
118 29
118 34
118 57
118 64
118 65
118 66
118 73
118 84
118 90
118 91
118 103
118 111
118 112
119 30
119 78
119 96
119 103
120 29
120 34
120 57
120 73
120 74
120 76
120 91
120 103
120 112
120 113
120 118
121 29
121 34
121 57
121 62
121 73
121 91
121 103
121 112
121 118
121 120
122 5
122 24
122 26
122 34
122 37
122 39
122 48
122 58
122 64
122 65
122 69
122 74
122 77
122 92
122 95
122 103
122 105
122 106
122 116
123 5
123 17
123 34
123 60
123 69
123 90
123 101
123 103
123 112
124 15
124 33
124 65
124 90
125 84
126 7
126 22
126 28
126 34
126 37
126 39
126 43
126 54
126 58
126 60
126 70
126 84
126 88
126 91
126 96
126 100
126 102
126 105
126 106
126 112
126 122
127 11
127 16
127 29
127 34
127 37
127 39
127 43
127 57
127 58
127 71
127 73
127 91
127 93
127 94
127 103
127 105
127 106
127 112
127 118
127 120
127 121
127 122
127 126
128 31
128 40
128 46
128 54
128 60
128 64
128 87
128 92
128 112
128 114
128 115
129 3
129 5
129 8
129 19
129 26
129 51
129 60
129 67
129 74
129 76
129 77
129 84
129 90
129 101
129 102
129 103
129 116
129 122
129 123
130 12
130 14
130 46
130 73
130 75
130 121
131 5
131 24
131 38
131 58
131 60
131 64
131 66
131 84
131 90
131 101
131 111
131 115
131 118
131 123
131 129
132 5
132 10
132 58
132 64
132 66
132 75
132 78
132 84
132 89
132 90
132 94
132 111
132 118
132 131
133 20
133 42
133 49
133 53
133 59
133 74
133 81
133 97
133 99
133 113
133 124
134 78
134 93
134 95
134 116
135 15
135 21
135 53
135 67
135 69
136 9
136 26
136 45
136 52
136 54
136 59
136 69
136 74
136 77
136 81
136 98
136 103
136 116
136 122
136 127
136 129
136 133
137 3
137 77
137 98
137 136
138 20
138 40
138 59
138 60
138 64
138 65
138 74
138 81
138 84
138 92
138 118
138 128
138 133
138 136
139 7
139 23
139 43
139 48
139 50
139 55
139 75
139 130
140 2
140 6
140 30
140 34
140 60
140 78
140 83
140 95
140 96
140 99
140 101
140 119
140 122
140 124
141 23
141 54
141 55
141 59
141 65
141 70
141 74
141 75
141 77
141 81
141 84
141 88
141 96
141 98
141 102
141 118
141 126
141 133
141 136
141 137
141 138
141 139
142 26
142 31
142 46
142 54
142 74
142 77
142 103
142 108
142 114
142 115
142 116
142 122
142 128
142 129
142 136
143 2
143 9
143 34
143 37
143 39
143 50
143 58
143 60
143 63
143 82
143 83
143 86
143 101
143 102
143 104
143 105
143 106
143 122
143 126
143 127
143 140
144 12
144 78
144 93
144 95
144 116
144 130
144 134
145 9
145 52
145 54
145 69
145 136
146 12
146 35
146 37
146 62
146 94
146 130
146 144
147 2
147 10
147 12
147 26
147 28
147 30
147 34
147 39
147 54
147 60
147 61
147 78
147 81
147 83
147 90
147 96
147 98
147 100
147 101
147 105
147 109
147 116
147 119
147 129
147 140
147 143
148 89
148 114
148 139
149 8
149 17
149 34
149 40
149 69
149 103
149 112
149 123
150 36
150 40
150 52
150 60
150 64
150 67
150 76
150 84
150 92
150 102
150 128
150 129
150 138
151 60
152 11
152 18
152 28
152 68
152 76
152 105
152 112
152 113
153 5
153 17
153 32
153 60
153 74
153 76
153 90
153 101
153 109
153 113
153 120
153 123
153 129
153 131
154 63
154 65
155 7
155 14
155 21
155 46
155 71
155 139
156 28
156 67
156 74
156 76
156 84
156 90
156 102
156 105
156 112
156 113
156 120
156 129
156 150
156 152
156 153
157 66
157 67
157 76
157 84
157 102
157 123
157 129
157 150
157 156
158 5
158 17
158 24
158 26
158 31
158 46
158 54
158 60
158 70
158 74
158 77
158 84
158 88
158 90
158 96
158 101
158 102
158 103
158 114
158 115
158 116
158 122
158 123
158 126
158 128
158 129
158 131
158 136
158 141
158 142
158 153
159 11
159 14
159 16
159 21
159 23
159 28
159 29
159 30
159 53
159 64
159 71
159 76
159 88
159 93
159 94
159 101
159 103
159 105
159 112
159 113
159 127
159 152
159 155
159 156
160 9
160 17
160 32
160 34
160 52
160 54
160 58
160 69
160 101
160 103
160 109
160 112
160 123
160 126
160 131
160 136
160 145
160 149
160 153
161 16
161 20
161 21
161 29
161 30
161 64
161 88
161 159
162 23
162 50
162 82
162 155
163 3
163 5
163 8
163 19
163 51
163 60
163 67
163 75
163 90
163 91
163 101
163 123
163 129
163 131
163 153
163 158
164 23
164 30
164 55
164 78
164 96
164 119
164 140
164 147
165 20
165 26
165 37
165 53
165 69
165 80
165 82
165 85
165 97
165 99
165 113
165 133
166 14
166 73
166 75
166 130
166 157
167 8
167 126
169 1
169 54
169 70
169 77
169 84
169 88
169 96
169 98
169 102
169 126
169 135
169 136
169 137
169 141
169 158
170 10
170 12
170 26
170 27
170 28
170 29
170 36
170 39
170 52
170 54
170 61
170 68
170 72
170 86
170 90
170 91
170 93
170 105
170 147
170 150
171 5
171 9
171 10
171 26
171 48
171 50
171 58
171 60
171 63
171 64
171 69
171 74
171 75
171 77
171 78
171 82
171 86
171 89
171 90
171 92
171 94
171 101
171 103
171 104
171 116
171 122
171 123
171 129
171 131
171 132
171 136
171 142
171 143
171 153
171 158
171 163
172 3
172 4
172 8
172 12
172 19
172 44
172 51
172 55
172 59
172 67
172 74
172 81
172 90
172 129
172 133
172 136
172 138
172 141
172 163
173 1
173 10
173 12
173 14
173 16
173 21
173 22
173 26
173 28
173 29
173 30
173 39
173 54
173 61
173 64
173 74
173 77
173 88
173 89
173 90
173 94
173 103
173 105
173 106
173 116
173 122
173 129
173 136
173 142
173 147
173 157
173 158
173 159
173 161
173 170
173 171
174 1
174 3
174 8
174 19
174 22
174 51
174 67
174 89
174 94
174 103
174 106
174 129
174 163
174 172
174 173
175 5
175 48
175 53
175 64
175 65
175 69
175 74
175 84
175 92
175 118
175 122
175 138
175 141
175 171
176 9
176 17
176 42
176 52
176 54
176 67
176 69
176 136
176 145
176 160
177 20
177 34
177 73
177 78
177 79
177 88
177 101
177 105
177 112
177 136
178 54
178 70
178 84
178 87
178 88
178 96
178 102
178 119
178 126
178 141
178 158
178 169
179 45
179 63
179 70
180 14
180 28
181 16
181 21
181 29
181 30
181 64
181 88
181 129
181 147
181 159
181 161
181 172
181 173
182 14
182 23
182 41
182 43
182 48
182 50
182 53
182 66
182 71
182 73
182 75
182 98
182 101
182 130
182 139
182 159
182 166
183 7
183 17
183 22
183 28
183 43
183 56
183 57
183 80
183 85
183 91
183 98
183 100
183 112
183 126
184 36
184 45
184 102
185 1
185 5
185 23
185 34
185 37
185 39
185 48
185 53
185 58
185 64
185 69
185 71
185 74
185 76
185 77
185 92
185 98
185 101
185 105
185 106
185 122
185 126
185 127
185 136
185 137
185 141
185 143
185 159
185 169
185 171
185 175
185 182
186 20
186 30
186 53
186 78
186 96
186 97
186 99
186 113
186 119
186 120
186 133
186 140
186 147
186 164
186 165
187 17
187 32
187 67
187 76
187 84
187 102
187 109
187 129
187 150
187 153
187 156
187 157
187 160
188 4
188 29
188 34
188 47
188 54
188 57
188 73
188 79
188 91
188 103
188 104
188 112
188 118
188 120
188 121
188 127
188 129
188 172
189 17
189 23
189 34
189 53
189 69
189 71
189 101
189 103
189 112
189 123
189 149
189 159
189 160
189 182
189 185
190 23
190 50
190 75
190 82
190 91
190 98
190 99
190 100
190 109
190 116
190 129
190 147
190 162
190 163
190 181
191 9
191 10
191 50
191 52
191 58
191 63
191 75
191 78
191 82
191 86
191 89
191 94
191 104
191 109
191 132
191 143
191 171
192 8
192 10
192 12
192 26
192 28
192 37
192 39
192 40
192 54
192 61
192 90
192 105
192 147
192 151
192 170
192 173
193 36
193 75
193 91
193 102
193 150
193 163
193 190
194 78
194 85
195 2
195 29
195 34
195 60
195 83
195 98
195 100
195 101
195 109
195 116
195 129
195 140
195 143
195 147
195 154
195 190
196 5
196 20
196 40
196 53
196 60
196 64
196 78
196 92
196 93
196 95
196 97
196 99
196 113
196 116
196 128
196 133
196 134
196 138
196 144
196 150
196 162
196 165
196 186
196 187
197 9
197 16
197 20
197 21
197 29
197 30
197 34
197 50
197 63
197 64
197 73
197 78
197 79
197 82
197 86
197 88
197 101
197 104
197 105
197 112
197 113
197 143
197 159
197 161
197 171
197 173
197 177
197 181
197 191
198 14
198 32
198 67
198 76
198 84
198 102
198 129
198 150
198 155
198 156
198 157
198 162
198 187
199 20
199 23
199 34
199 50
199 73
199 78
199 79
199 82
199 88
199 101
199 105
199 108
199 112
199 162
199 177
199 190
199 197
200 5
200 27
200 41
200 43
200 54
200 59
200 61
200 64
200 66
200 68
200 70
200 84
200 86
200 88
200 90
200 91
200 96
200 102
200 111
200 116
200 118
200 126
200 131
200 132
200 141
200 158
200 166
200 169
200 170
200 178
200 184
201 17
201 32
201 34
201 35
201 37
201 69
201 94
201 103
201 109
201 112
201 123
201 146
201 149
201 153
201 160
201 187
201 189
202 11
202 20
202 53
202 59
202 74
202 75
202 81
202 91
202 133
202 136
202 138
202 141
202 163
202 172
202 175
202 190
202 193
203 5
203 48
203 64
203 69
203 74
203 92
203 94
203 122
203 169
203 171
203 175
203 185
203 187
204 5
204 11
204 16
204 48
204 64
204 66
204 69
204 71
204 74
204 75
204 84
204 90
204 91
204 92
204 93
204 94
204 103
204 111
204 118
204 122
204 127
204 131
204 132
204 159
204 163
204 171
204 175
204 185
204 190
204 193
204 200
204 202
204 203
205 14
205 23
205 50
205 78
205 82
205 93
205 95
205 116
205 134
205 144
205 162
205 190
205 196
205 199
206 4
206 5
206 10
206 12
206 26
206 28
206 39
206 44
206 48
206 54
206 55
206 61
206 64
206 69
206 72
206 74
206 90
206 92
206 97
206 98
206 100
206 105
206 109
206 116
206 122
206 147
206 170
206 171
206 172
206 173
206 175
206 185
206 190
206 192
206 195
206 203
206 204
207 40
207 60
207 64
207 92
207 112
207 128
207 138
207 150
207 196
208 4
208 12
208 17
208 32
208 44
208 55
208 90
208 109
208 117
208 153
208 160
208 172
208 187
208 201
208 206
209 27
209 36
209 68
209 75
209 91
209 93
209 102
209 150
209 163
209 170
209 175
209 190
209 193
209 202
209 204
210 4
210 7
210 8
210 12
210 20
210 22
210 28
210 37
210 43
210 44
210 53
210 54
210 55
210 70
210 84
210 88
210 90
210 91
210 96
210 97
210 99
210 100
210 102
210 112
210 113
210 126
210 133
210 141
210 144
210 158
210 165
210 169
210 172
210 178
210 183
210 186
210 192
210 196
210 200
210 206
210 208
211 145
212 20
212 30
212 40
212 53
212 54
212 60
212 64
212 70
212 78
212 84
212 88
212 92
212 93
212 95
212 96
212 97
212 99
212 102
212 113
212 116
212 119
212 126
212 128
212 133
212 134
212 138
212 140
212 141
212 144
212 147
212 150
212 153
212 158
212 164
212 165
212 169
212 178
212 186
212 196
212 200
212 205
212 207
212 210
213 4
213 12
213 29
213 44
213 55
213 72
213 90
213 170
213 172
213 206
213 208
213 210
214 23
215 106
215 181
216 5
216 17
216 32
216 34
216 48
216 60
216 64
216 69
216 74
216 90
216 92
216 101
216 103
216 112
216 122
216 123
216 129
216 131
216 149
216 153
216 158
216 160
216 163
216 171
216 175
216 185
216 189
216 201
216 203
216 204
216 206
217 1
217 26
217 37
217 69
217 80
217 82
217 85
217 99
217 126
217 165
217 169
217 185
218 16
218 21
218 29
218 30
218 36
218 45
218 54
218 59
218 64
218 67
218 70
218 74
218 76
218 81
218 84
218 88
218 96
218 102
218 113
218 120
218 126
218 129
218 133
218 134
218 136
218 138
218 141
218 150
218 153
218 156
218 157
218 158
218 159
218 161
218 169
218 172
218 173
218 178
218 181
218 184
218 187
218 197
218 198
218 200
218 202
218 210
218 212
219 20
219 34
219 53
219 73
219 78
219 79
219 88
219 101
219 105
219 112
219 175
219 177
219 197
219 199
219 202
220 5
220 17
220 28
220 29
220 34
220 37
220 39
220 40
220 58
220 60
220 64
220 67
220 69
220 76
220 84
220 90
220 92
220 101
220 102
220 103
220 105
220 106
220 112
220 113
220 122
220 123
220 126
220 127
220 128
220 129
220 131
220 138
220 143
220 149
220 150
220 152
220 153
220 156
220 157
220 158
220 159
220 160
220 163
220 171
220 185
220 187
220 189
220 196
220 198
220 201
220 207
220 212
220 216
220 218
221 20
221 23
221 28
221 34
221 50
221 73
221 76
221 78
221 79
221 82
221 88
221 101
221 105
221 112
221 113
221 152
221 156
221 159
221 162
221 177
221 190
221 197
221 199
221 205
221 207
221 219
221 220
222 4
222 56
222 63
222 65
222 154
223 17
223 32
223 65
223 84
223 109
223 118
223 138
223 141
223 153
223 157
223 160
223 175
223 187
223 201
223 208
224 17
224 32
224 75
224 90
224 91
224 109
224 129
224 140
224 147
224 153
224 160
224 163
224 181
224 187
224 190
224 193
224 201
224 202
224 204
224 208
224 209
224 223
225 16
225 84
226 15
226 53
226 58
226 131
226 135
226 160
226 175
226 202
226 219
227 65
227 74
227 76
227 78
227 84
227 93
227 95
227 113
227 116
227 118
227 120
227 134
227 138
227 141
227 143
227 144
227 153
227 156
227 175
227 196
227 205
227 212
227 218
227 223
228 19
228 44
228 67
228 69
228 76
228 84
228 87
228 102
228 129
228 150
228 156
228 157
228 187
228 198
228 218
228 220
229 7
229 22
229 28
229 43
229 59
229 74
229 81
229 91
229 100
229 112
229 126
229 133
229 136
229 138
229 141
229 163
229 172
229 183
229 202
229 210
229 218
230 9
230 26
230 50
230 54
230 63
230 70
230 74
230 77
230 82
230 84
230 86
230 88
230 96
230 102
230 103
230 104
230 116
230 121
230 122
230 126
230 129
230 136
230 141
230 142
230 143
230 158
230 169
230 171
230 173
230 178
230 191
230 196
230 197
230 200
230 210
230 212
230 214
230 218
231 29
231 47
231 65
231 72
231 84
231 118
231 138
231 141
231 170
231 175
231 213
231 223
231 227
232 41
232 166
233 1
233 17
233 22
233 23
233 34
233 50
233 69
233 75
233 82
233 89
233 91
233 94
233 103
233 106
233 112
233 117
233 123
233 149
233 160
233 162
233 163
233 173
233 174
233 189
233 190
233 193
233 199
233 201
233 202
233 204
233 205
233 209
233 216
233 220
233 221
233 224
234 26
234 50
234 68
234 74
234 77
234 103
234 116
234 122
234 129
234 136
234 142
234 158
234 171
234 173
234 193
234 230
235 44
235 53
235 58
235 144
236 20
236 29
236 34
236 37
236 39
236 53
236 57
236 58
236 65
236 73
236 74
236 76
236 78
236 79
236 84
236 88
236 91
236 101
236 103
236 105
236 106
236 112
236 113
236 118
236 120
236 121
236 122
236 126
236 127
236 138
236 141
236 143
236 153
236 156
236 175
236 177
236 185
236 188
236 197
236 199
236 202
236 218
236 219
236 220
236 221
236 223
236 226
236 227
236 231
237 3
237 23
237 28
237 53
237 56
237 57
237 71
237 73
237 80
237 85
237 96
237 98
237 101
237 159
237 175
237 180
237 182
237 183
237 185
237 189
237 202
237 219
237 226
237 236
238 17
238 34
238 47
238 69
238 103
238 112
238 123
238 147
238 149
238 160
238 189
238 201
238 216
238 220
238 233
239 23
239 28
239 50
239 76
239 82
239 105
239 112
239 113
239 123
239 152
239 156
239 159
239 162
239 190
239 199
239 205
239 220
239 221
239 233
240 6
240 31
240 74
240 81
241 28
241 30
241 34
241 37
241 39
241 53
241 58
241 76
241 78
241 96
241 105
241 106
241 112
241 113
241 119
241 122
241 126
241 127
241 140
241 143
241 147
241 152
241 155
241 156
241 159
241 162
241 164
241 175
241 185
241 186
241 198
241 202
241 212
241 219
241 220
241 221
241 226
241 236
241 237
241 239
242 4
242 7
242 12
242 22
242 23
242 28
242 43
242 44
242 50
242 54
242 55
242 59
242 70
242 74
242 75
242 81
242 82
242 84
242 88
242 90
242 91
242 96
242 100
242 102
242 112
242 126
242 133
242 136
242 138
242 141
242 158
242 162
242 163
242 169
242 172
242 178
242 183
242 190
242 193
242 199
242 200
242 202
242 204
242 205
242 206
242 208
242 209
242 210
242 212
242 213
242 218
242 221
242 224
242 226
242 229
242 230
242 233
242 239
243 77
243 84
243 102
244 53
245 16
245 21
245 26
245 29
245 30
245 64
245 74
245 77
245 88
245 103
245 116
245 122
245 129
245 136
245 142
245 158
245 159
245 161
245 171
245 173
245 181
245 197
245 211
245 218
245 230
245 234
246 10
246 12
246 26
246 28
246 34
246 37
246 39
246 54
246 58
246 61
246 62
246 90
246 105
246 106
246 122
246 126
246 127
246 143
246 147
246 170
246 173
246 185
246 192
246 205
246 206
246 220
246 236
246 241
247 9
247 40
247 52
247 54
247 56
247 69
247 136
247 145
247 160
247 176
247 192
248 30
248 32
248 78
248 96
248 119
248 140
248 147
248 164
248 186
248 212
248 214
248 232
248 239
248 241
249 4
249 10
249 12
249 15
249 26
249 28
249 39
249 40
249 44
249 54
249 55
249 60
249 61
249 63
249 64
249 65
249 83
249 90
249 92
249 105
249 115
249 128
249 135
249 138
249 147
249 150
249 154
249 170
249 172
249 173
249 192
249 196
249 206
249 207
249 208
249 210
249 212
249 213
249 220
249 222
249 226
249 242
249 246
249 247
250 59
251 23
251 35
251 40
251 50
251 75
251 82
251 91
251 135
251 162
251 163
251 167
251 190
251 192
251 193
251 199
251 202
251 204
251 205
251 209
251 217
251 221
251 224
251 233
251 235
251 239
251 242
251 247
251 249
252 5
252 64
252 66
252 84
252 86
252 90
252 111
252 118
252 131
252 132
252 200
252 204
253 60
253 62
253 80
253 101
253 162
253 187
254 2
254 34
254 36
254 37
254 38
254 39
254 40
254 52
254 58
254 60
254 64
254 83
254 92
254 98
254 100
254 101
254 105
254 106
254 109
254 116
254 122
254 126
254 127
254 128
254 138
254 140
254 143
254 147
254 150
254 170
254 185
254 190
254 195
254 196
254 206
254 207
254 212
254 220
254 236
254 241
254 245
254 246
254 249
255 11
255 16
255 21
255 31
255 46
255 54
255 71
255 93
255 94
255 96
255 103
255 114
255 115
255 127
255 128
255 142
255 158
255 159
255 204
256 17
256 34
256 65
256 69
256 75
256 91
256 103
256 112
256 123
256 149
256 160
256 163
256 189
256 190
256 193
256 201
256 202
256 204
256 209
256 216
256 220
256 224
256 233
256 238
256 242
256 251
257 16
257 21
257 29
257 30
257 41
257 50
257 59
257 64
257 65
257 74
257 77
257 78
257 81
257 84
257 88
257 96
257 118
257 119
257 133
257 136
257 138
257 140
257 141
257 147
257 155
257 159
257 161
257 162
257 164
257 172
257 173
257 175
257 181
257 186
257 197
257 198
257 202
257 212
257 218
257 223
257 227
257 229
257 231
257 236
257 241
257 242
257 245
257 248
258 24
258 26
258 37
258 49
258 69
258 80
258 82
258 85
258 92
258 99
258 124
258 165
258 217
259 30
259 68
259 77
259 78
259 96
259 98
259 119
259 136
259 137
259 140
259 141
259 147
259 164
259 169
259 185
259 186
259 193
259 212
259 241
259 248
259 257
260 23
260 30
260 44
260 50
260 53
260 71
260 78
260 82
260 93
260 95
260 116
260 134
260 144
260 151
260 162
260 176
260 190
260 196
260 199
260 201
260 205
260 212
260 221
260 227
260 233
260 239
260 242
260 251
261 2
261 20
261 52
261 67
261 76
261 84
261 102
261 127
261 129
261 150
261 156
261 157
261 187
261 198
261 218
261 220
261 228
262 7
262 71
262 139
262 155
263 2
263 5
263 34
263 60
263 64
263 66
263 83
263 84
263 90
263 98
263 100
263 101
263 109
263 111
263 116
263 118
263 131
263 132
263 140
263 143
263 147
263 179
263 190
263 195
263 200
263 204
263 206
263 252
263 254
264 26
264 30
264 37
264 53
264 69
264 71
264 80
264 82
264 85
264 98
264 99
264 100
264 109
264 116
264 147
264 165
264 190
264 195
264 206
264 217
264 254
264 258
264 260
264 263
265 26
265 33
265 36
265 62
265 69
265 70
265 74
265 77
265 97
265 103
265 110
265 113
265 116
265 122
265 129
265 136
265 142
265 158
265 171
265 173
265 230
265 234
265 245
266 40
266 43
266 48
266 50
266 60
266 64
266 77
266 92
266 112
266 128
266 138
266 139
266 150
266 182
266 196
266 207
266 212
266 220
266 221
266 232
266 249
266 254
266 257
267 1
267 33
267 58
267 83
267 131
267 160
267 226
268 5
268 9
268 10
268 20
268 25
268 48
268 50
268 58
268 64
268 69
268 74
268 75
268 77
268 78
268 89
268 92
268 94
268 122
268 132
268 138
268 171
268 175
268 185
268 191
268 202
268 203
268 204
268 206
268 216
268 236
268 257
268 266
269 7
269 8
269 20
269 22
269 28
269 30
269 34
269 37
269 39
269 43
269 53
269 58
269 71
269 91
269 97
269 99
269 100
269 105
269 106
269 112
269 113
269 122
269 126
269 127
269 133
269 143
269 153
269 160
269 165
269 183
269 185
269 186
269 192
269 196
269 210
269 212
269 220
269 229
269 235
269 236
269 241
269 242
269 246
269 254
269 260
269 264
270 4
270 36
270 59
270 61
270 74
270 77
270 81
270 86
270 88
270 98
270 111
270 129
270 133
270 136
270 137
270 138
270 141
270 169
270 172
270 185
270 202
270 218
270 229
270 242
270 257
270 259
271 1
271 22
271 89
271 94
271 103
271 106
271 173
271 174
271 233
272 156
272 188
272 263
273 7
273 10
273 32
273 50
273 58
273 75
273 77
273 78
273 89
273 94
273 132
273 139
273 155
273 164
273 171
273 191
273 257
273 262
273 266
273 268
274 9
274 52
274 54
274 67
274 69
274 76
274 83
274 84
274 92
274 102
274 108
274 113
274 129
274 136
274 145
274 150
274 156
274 157
274 160
274 176
274 187
274 198
274 218
274 220
274 228
274 247
274 261
275 5
275 28
275 36
275 45
275 59
275 60
275 76
275 90
275 101
275 102
275 105
275 112
275 113
275 123
275 129
275 131
275 152
275 153
275 156
275 158
275 159
275 163
275 171
275 184
275 191
275 216
275 218
275 220
275 221
275 239
275 241
275 266
276 92
276 117
276 142
276 235
277 5
277 17
277 34
277 60
277 69
277 90
277 101
277 103
277 111
277 112
277 123
277 129
277 131
277 149
277 153
277 158
277 160
277 163
277 171
277 189
277 201
277 211
277 216
277 220
277 233
277 238
277 256
277 275
278 194
278 219
278 244
278 269
279 45
279 70
279 95
279 120
279 238
279 263
280 17
280 32
280 109
280 153
280 160
280 187
280 201
280 208
280 214
280 223
280 224
281 9
281 20
281 26
281 34
281 37
281 52
281 54
281 65
281 69
281 73
281 78
281 79
281 80
281 82
281 85
281 88
281 92
281 99
281 101
281 105
281 112
281 113
281 136
281 145
281 160
281 165
281 176
281 177
281 197
281 199
281 217
281 219
281 221
281 236
281 247
281 258
281 264
281 272
281 274
282 10
282 12
282 16
282 20
282 26
282 28
282 34
282 39
282 54
282 61
282 73
282 77
282 78
282 79
282 88
282 90
282 98
282 101
282 105
282 112
282 136
282 137
282 141
282 147
282 169
282 170
282 173
282 177
282 185
282 192
282 197
282 199
282 206
282 219
282 221
282 236
282 246
282 249
282 259
282 270
282 281
283 24
283 38
283 65
283 69
283 84
283 115
283 118
283 131
283 138
283 141
283 160
283 175
283 201
283 223
283 227
283 231
283 236
283 257
284 5
284 60
284 68
284 90
284 101
284 123
284 129
284 131
284 153
284 158
284 163
284 171
284 216
284 220
284 275
284 277
285 44
285 126
285 244
286 2
286 7
286 22
286 28
286 43
286 91
286 100
286 112
286 126
286 183
286 210
286 220
286 229
286 242
286 269
287 5
287 48
287 60
287 64
287 69
287 71
287 74
287 80
287 92
287 101
287 122
287 171
287 175
287 185
287 196
287 203
287 204
287 206
287 216
287 228
287 253
287 268
287 278
288 31
288 46
288 47
288 54
288 79
288 104
288 114
288 115
288 128
288 129
288 142
288 147
288 158
288 181
288 190
288 224
288 247
288 255
289 3
289 5
289 7
289 8
289 19
289 22
289 28
289 43
289 51
289 60
289 67
289 77
289 90
289 91
289 98
289 100
289 101
289 112
289 123
289 126
289 129
289 131
289 136
289 137
289 141
289 153
289 158
289 163
289 169
289 171
289 172
289 174
289 183
289 185
289 210
289 216
289 220
289 223
289 229
289 242
289 259
289 269
289 270
289 275
289 277
289 282
289 284
289 286
290 5
290 20
290 34
290 48
290 64
290 69
290 73
290 74
290 78
290 79
290 88
290 92
290 101
290 105
290 112
290 122
290 171
290 175
290 177
290 185
290 197
290 199
290 203
290 204
290 206
290 216
290 219
290 221
290 231
290 236
290 268
290 281
290 282
290 287
291 23
291 36
291 50
291 67
291 76
291 82
291 84
291 102
291 107
291 129
291 150
291 156
291 157
291 162
291 187
291 190
291 193
291 198
291 199
291 205
291 209
291 218
291 220
291 221
291 228
291 233
291 239
291 242
291 251
291 260
291 261
291 274
292 8
292 33
292 34
292 37
292 39
292 58
292 105
292 106
292 122
292 126
292 127
292 143
292 185
292 220
292 236
292 241
292 246
292 254
292 269
293 40
293 53
293 60
293 64
293 77
293 92
293 128
293 138
293 150
293 175
293 196
293 202
293 207
293 212
293 219
293 220
293 226
293 236
293 237
293 241
293 249
293 254
293 266
293 284
294 17
294 21
294 23
294 28
294 32
294 53
294 56
294 57
294 60
294 67
294 71
294 80
294 85
294 98
294 101
294 109
294 135
294 153
294 159
294 160
294 182
294 183
294 185
294 187
294 189
294 201
294 208
294 223
294 224
294 237
294 280
295 11
295 104
295 129
295 147
295 181
295 190
295 224
295 229
295 288
296 28
296 53
296 60
296 80
296 101
296 175
296 180
296 202
296 205
296 219
296 226
296 236
296 237
296 241
296 253
296 262
296 287
296 293
297 28
297 31
297 54
297 56
297 57
297 63
297 70
297 74
297 76
297 80
297 84
297 85
297 88
297 92
297 96
297 98
297 102
297 105
297 112
297 113
297 120
297 126
297 138
297 141
297 152
297 153
297 156
297 158
297 159
297 169
297 178
297 183
297 200
297 210
297 212
297 218
297 220
297 221
297 227
297 230
297 236
297 237
297 239
297 241
297 242
297 274
297 275
297 281
297 294
298 5
298 7
298 9
298 14
298 25
298 64
298 66
298 84
298 90
298 111
298 118
298 131
298 132
298 155
298 159
298 200
298 204
298 252
298 263
298 268
299 83
299 208
299 215
299 290
300 29
300 34
300 57
300 59
300 73
300 74
300 81
300 91
300 103
300 112
300 116
300 118
300 120
300 121
300 127
300 133
300 136
300 138
300 141
300 159
300 172
300 188
300 191
300 202
300 218
300 229
300 236
300 242
300 257
300 270
300 284
301 10
301 21
301 42
301 53
301 58
301 67
301 75
301 78
301 89
301 94
301 132
301 135
301 171
301 191
301 235
301 268
301 273
301 294
302 5
302 40
302 48
302 60
302 64
302 69
302 74
302 92
302 122
302 128
302 138
302 150
302 171
302 175
302 185
302 186
302 196
302 203
302 204
302 206
302 207
302 212
302 216
302 220
302 249
302 254
302 266
302 268
302 287
302 290
302 293
303 1
303 94
303 119
303 144
303 169
303 185
303 194
303 217
304 13
304 20
304 113
304 138
304 202
304 236
304 268
305 1
305 22
305 53
305 89
305 94
305 103
305 106
305 173
305 174
305 175
305 189
305 202
305 219
305 226
305 233
305 236
305 237
305 241
305 271
305 293
305 296
306 26
306 63
306 65
306 74
306 77
306 103
306 116
306 122
306 129
306 136
306 142
306 154
306 158
306 165
306 171
306 172
306 173
306 222
306 230
306 234
306 245
306 249
306 265
306 290
307 11
307 16
307 23
307 28
307 41
307 53
307 54
307 55
307 70
307 71
307 75
307 76
307 84
307 88
307 93
307 94
307 96
307 102
307 103
307 105
307 112
307 113
307 126
307 127
307 139
307 141
307 152
307 156
307 158
307 159
307 169
307 175
307 178
307 200
307 202
307 204
307 210
307 212
307 218
307 219
307 220
307 221
307 226
307 230
307 236
307 237
307 239
307 241
307 242
307 255
307 275
307 293
307 296
307 297
307 305
308 1
308 9
308 15
308 28
308 52
308 54
308 69
308 76
308 92
308 105
308 112
308 113
308 135
308 136
308 145
308 152
308 156
308 159
308 160
308 169
308 176
308 185
308 217
308 220
308 221
308 226
308 239
308 241
308 247
308 249
308 274
308 275
308 281
308 297
308 299
308 303
308 307
309 36
309 40
309 52
309 53
309 60
309 64
309 68
309 86
309 91
309 92
309 128
309 138
309 150
309 170
309 175
309 196
309 200
309 202
309 207
309 212
309 219
309 220
309 226
309 236
309 237
309 241
309 249
309 254
309 266
309 293
309 296
309 302
309 305
309 307
310 3
310 8
310 19
310 26
310 28
310 51
310 67
310 76
310 105
310 112
310 113
310 129
310 152
310 156
310 159
310 163
310 172
310 174
310 220
310 221
310 239
310 241
310 244
310 275
310 289
310 297
310 307
310 308
311 4
311 5
311 17
311 34
311 40
311 48
311 56
311 60
311 64
311 69
311 74
311 92
311 95
311 103
311 112
311 122
311 123
311 128
311 138
311 149
311 150
311 160
311 171
311 175
311 185
311 189
311 196
311 201
311 203
311 204
311 206
311 207
311 212
311 216
311 220
311 222
311 233
311 238
311 249
311 254
311 256
311 266
311 268
311 277
311 287
311 290
311 293
311 302
311 309
312 5
312 9
312 26
312 50
312 60
312 63
312 71
312 74
312 77
312 82
312 86
312 90
312 101
312 103
312 104
312 116
312 122
312 123
312 128
312 129
312 131
312 136
312 142
312 143
312 153
312 158
312 163
312 171
312 173
312 191
312 197
312 216
312 220
312 230
312 234
312 245
312 265
312 275
312 277
312 284
312 289
312 306
313 4
313 9
313 10
313 12
313 26
313 28
313 29
313 30
313 39
313 47
313 52
313 54
313 61
313 69
313 78
313 79
313 90
313 96
313 105
313 119
313 122
313 136
313 140
313 145
313 147
313 160
313 164
313 170
313 173
313 176
313 186
313 192
313 206
313 212
313 241
313 246
313 247
313 248
313 249
313 257
313 259
313 274
313 281
313 282
313 308
314 112
314 207
314 221
314 255
314 266
314 280
314 305
315 1
315 22
315 58
315 74
315 76
315 89
315 94
315 103
315 106
315 113
315 120
315 131
315 153
315 156
315 160
315 173
315 174
315 181
315 199
315 218
315 226
315 227
315 233
315 236
315 267
315 271
315 297
315 305
316 57
316 250
317 15
317 20
317 23
317 30
317 34
317 53
317 71
317 73
317 78
317 79
317 88
317 96
317 101
317 105
317 112
317 119
317 135
317 140
317 147
317 159
317 164
317 177
317 182
317 185
317 186
317 189
317 197
317 199
317 212
317 219
317 221
317 226
317 236
317 237
317 241
317 248
317 249
317 257
317 258
317 259
317 281
317 282
317 283
317 290
317 294
317 308
317 313
318 23
318 26
318 53
318 71
318 74
318 77
318 98
318 101
318 103
318 116
318 122
318 129
318 136
318 137
318 141
318 142
318 158
318 159
318 169
318 171
318 173
318 182
318 185
318 189
318 230
318 234
318 237
318 245
318 259
318 265
318 270
318 282
318 289
318 294
318 306
318 312
318 317
319 5
319 10
319 12
319 26
319 28
319 35
319 39
319 54
319 60
319 61
319 80
319 90
319 101
319 105
319 123
319 129
319 131
319 147
319 153
319 158
319 163
319 170
319 171
319 173
319 192
319 206
319 216
319 220
319 246
319 249
319 253
319 275
319 277
319 278
319 282
319 284
319 287
319 289
319 296
319 312
319 313
320 4
320 5
320 7
320 22
320 28
320 43
320 48
320 56
320 64
320 69
320 74
320 91
320 92
320 100
320 104
320 112
320 122
320 126
320 171
320 175
320 183
320 185
320 203
320 204
320 206
320 210
320 216
320 222
320 229
320 242
320 268
320 269
320 286
320 287
320 289
320 290
320 302
320 311
321 28
321 55
321 56
321 57
321 67
321 76
321 77
321 80
321 84
321 85
321 98
321 102
321 129
321 136
321 137
321 141
321 150
321 156
321 157
321 162
321 169
321 183
321 185
321 187
321 198
321 205
321 212
321 218
321 220
321 228
321 237
321 259
321 261
321 270
321 274
321 282
321 289
321 291
321 294
321 297
321 318
322 38
322 63
322 88
322 156
323 7
324 83
324 115
324 140
324 183
324 308
325 14
325 16
325 21
325 29
325 30
325 34
325 41
325 59
325 64
325 88
325 155
325 159
325 161
325 173
325 181
325 197
325 218
325 245
325 257
325 259
325 284
325 298
326 33
326 36
326 53
326 58
326 62
326 69
326 70
326 74
326 77
326 97
326 110
326 113
326 235
326 265
326 269
326 292
327 4
327 9
327 50
327 56
327 63
327 82
327 86
327 104
327 143
327 168
327 171
327 191
327 197
327 218
327 222
327 230
327 243
327 311
327 312
327 320
328 7
328 19
328 33
328 36
328 44
328 62
328 69
328 70
328 74
328 77
328 97
328 110
328 113
328 139
328 155
328 262
328 265
328 273
328 326
329 65
329 84
329 113
329 118
329 138
329 141
329 175
329 223
329 227
329 231
329 236
329 238
329 257
329 283
329 320
330 10
330 58
330 75
330 78
330 89
330 94
330 112
330 121
330 132
330 171
330 191
330 207
330 221
330 246
330 266
330 268
330 273
330 301
330 314
331 20
331 22
331 24
331 33
331 36
331 40
331 47
331 53
331 62
331 65
331 69
331 70
331 74
331 77
331 97
331 99
331 110
331 113
331 122
331 133
331 165
331 186
331 196
331 210
331 212
331 265
331 269
331 326
331 328
332 9
332 16
332 25
332 34
332 37
332 39
332 58
332 105
332 106
332 122
332 126
332 127
332 143
332 185
332 220
332 236
332 241
332 246
332 254
332 268
332 269
332 292
332 298
332 323
333 20
333 34
333 40
333 60
333 64
333 73
333 78
333 79
333 88
333 92
333 101
333 105
333 112
333 128
333 138
333 149
333 150
333 177
333 196
333 197
333 199
333 207
333 212
333 219
333 220
333 221
333 236
333 249
333 254
333 266
333 281
333 282
333 290
333 293
333 302
333 309
333 311
333 317
334 7
334 10
334 14
334 22
334 25
334 28
334 43
334 48
334 50
334 58
334 73
334 75
334 77
334 78
334 89
334 91
334 94
334 100
334 112
334 125
334 126
334 130
334 132
334 139
334 166
334 171
334 182
334 183
334 191
334 210
334 229
334 242
334 257
334 266
334 268
334 269
334 273
334 286
334 289
334 301
334 320
334 330
335 12
335 31
335 46
335 54
335 114
335 115
335 128
335 130
335 142
335 144
335 146
335 158
335 255
335 288
336 5
336 60
336 75
336 78
336 90
336 91
336 93
336 95
336 101
336 116
336 123
336 129
336 131
336 134
336 144
336 153
336 158
336 163
336 171
336 177
336 190
336 193
336 196
336 202
336 204
336 205
336 209
336 212
336 216
336 220
336 224
336 227
336 233
336 242
336 251
336 256
336 260
336 275
336 277
336 284
336 289
336 312
336 319
337 1
337 3
337 8
337 10
337 11
337 16
337 19
337 22
337 30
337 46
337 51
337 53
337 58
337 67
337 71
337 75
337 78
337 89
337 93
337 94
337 103
337 106
337 127
337 128
337 129
337 132
337 159
337 163
337 171
337 172
337 173
337 174
337 191
337 204
337 233
337 255
337 260
337 264
337 268
337 269
337 271
337 273
337 289
337 301
337 305
337 307
337 310
337 315
337 330
337 334
338 27
338 36
338 93
338 147
338 170
338 209
338 247
338 329
339 9
339 17
339 28
339 32
339 50
339 54
339 63
339 70
339 78
339 82
339 84
339 86
339 88
339 93
339 95
339 96
339 102
339 104
339 109
339 116
339 126
339 134
339 141
339 143
339 144
339 153
339 155
339 158
339 160
339 162
339 169
339 171
339 178
339 180
339 187
339 191
339 196
339 197
339 198
339 200
339 201
339 205
339 208
339 210
339 212
339 218
339 223
339 224
339 227
339 230
339 237
339 241
339 242
339 255
339 257
339 260
339 280
339 294
339 296
339 297
339 307
339 312
339 327
339 336
340 28
340 34
340 37
340 39
340 49
340 56
340 57
340 58
340 59
340 74
340 80
340 81
340 85
340 98
340 105
340 106
340 122
340 126
340 127
340 133
340 136
340 138
340 141
340 143
340 156
340 172
340 174
340 183
340 185
340 202
340 218
340 220
340 229
340 236
340 237
340 241
340 242
340 246
340 254
340 257
340 269
340 270
340 292
340 294
340 297
340 300
340 321
340 332
341 9
341 25
341 125
341 150
341 250
341 268
341 298
341 332
342 1
342 5
342 22
342 24
342 38
342 60
342 89
342 90
342 94
342 101
342 103
342 106
342 115
342 123
342 129
342 131
342 153
342 158
342 163
342 171
342 173
342 174
342 183
342 216
342 220
342 233
342 271
342 275
342 277
342 283
342 284
342 289
342 305
342 312
342 315
342 319
342 336
342 337
343 17
343 34
343 50
343 52
343 69
343 82
343 84
343 98
343 100
343 103
343 109
343 112
343 116
343 123
343 134
343 147
343 149
343 160
343 177
343 189
343 190
343 191
343 195
343 201
343 206
343 216
343 220
343 233
343 238
343 254
343 256
343 263
343 264
343 277
343 302
343 311
344 31
344 46
344 54
344 74
344 76
344 113
344 114
344 115
344 120
344 128
344 142
344 153
344 156
344 158
344 218
344 227
344 236
344 253
344 255
344 288
344 297
344 315
344 335
345 4
345 12
345 30
345 44
345 55
345 65
345 78
345 84
345 90
345 96
345 118
345 119
345 138
345 140
345 141
345 147
345 164
345 172
345 175
345 186
345 206
345 208
345 210
345 211
345 212
345 213
345 223
345 227
345 231
345 236
345 241
345 242
345 248
345 249
345 257
345 259
345 261
345 283
345 286
345 313
345 317
345 329
346 4
346 7
346 12
346 22
346 23
346 28
346 43
346 44
346 55
346 75
346 80
346 90
346 91
346 100
346 112
346 126
346 139
346 141
346 172
346 180
346 183
346 206
346 208
346 210
346 213
346 229
346 242
346 249
346 269
346 286
346 289
346 307
346 320
346 334
346 345
347 67
347 76
347 84
347 102
347 129
347 150
347 156
347 157
347 187
347 198
347 218
347 220
347 228
347 261
347 274
347 291
347 313
347 321
347 338
348 7
348 22
348 28
348 43
348 91
348 100
348 107
348 112
348 126
348 183
348 189
348 210
348 229
348 239
348 242
348 269
348 286
348 289
348 320
348 332
348 334
348 346
349 1
349 2
349 34
349 60
349 65
349 83
349 84
349 90
349 101
349 115
349 118
349 138
349 140
349 141
349 143
349 147
349 169
349 175
349 185
349 195
349 217
349 223
349 227
349 231
349 236
349 254
349 257
349 263
349 283
349 303
349 308
349 329
349 345
350 2
350 10
350 11
350 12
350 16
350 20
350 23
350 26
350 28
350 34
350 39
350 53
350 54
350 60
350 61
350 71
350 73
350 78
350 79
350 83
350 88
350 90
350 93
350 94
350 101
350 103
350 105
350 112
350 127
350 140
350 143
350 147
350 159
350 170
350 173
350 177
350 182
350 185
350 189
350 192
350 195
350 197
350 199
350 204
350 206
350 219
350 221
350 236
350 237
350 246
350 249
350 254
350 255
350 263
350 281
350 282
350 290
350 294
350 307
350 313
350 317
350 318
350 319
350 333
350 337
350 349
351 4
351 12
351 30
351 44
351 55
351 78
351 90
351 96
351 119
351 140
351 147
351 164
351 172
351 186
351 206
351 208
351 210
351 212
351 213
351 217
351 235
351 241
351 242
351 248
351 249
351 257
351 259
351 292
351 313
351 317
351 345
351 346
352 7
352 22
352 28
352 29
352 43
352 68
352 72
352 86
352 91
352 93
352 100
352 112
352 118
352 126
352 170
352 183
352 200
352 210
352 213
352 229
352 231
352 242
352 269
352 286
352 289
352 309
352 320
352 334
352 346
352 348
353 19
353 37
353 137
353 162
354 195
354 220
354 238
354 270
354 320
355 23
355 29
355 34
355 53
355 57
355 64
355 71
355 73
355 91
355 96
355 101
355 103
355 112
355 118
355 120
355 121
355 127
355 159
355 182
355 185
355 188
355 189
355 236
355 237
355 294
355 300
355 317
355 318
355 350
356 4
356 7
356 22
356 28
356 36
356 40
356 43
356 60
356 64
356 88
356 91
356 92
356 100
356 112
356 126
356 128
356 138
356 150
356 165
356 183
356 196
356 207
356 210
356 212
356 220
356 229
356 242
356 249
356 254
356 266
356 269
356 270
356 286
356 289
356 293
356 302
356 309
356 311
356 320
356 333
356 334
356 346
356 347
356 348
356 352
357 14
357 16
357 116
357 155
357 159
357 273
357 298
357 325
358 49
358 74
358 76
358 92
358 113
358 120
358 153
358 156
358 192
358 218
358 227
358 236
358 297
358 315
358 344
359 25
359 43
359 68
359 168
359 268
360 19
360 53
360 175
360 202
360 219
360 226
360 236
360 237
360 241
360 244
360 251
360 276
360 293
360 296
360 305
360 307
360 309
360 344
361 28
361 54
361 70
361 76
361 84
361 88
361 95
361 96
361 102
361 105
361 112
361 113
361 126
361 127
361 141
361 152
361 156
361 158
361 159
361 169
361 178
361 195
361 200
361 210
361 212
361 218
361 220
361 221
361 230
361 239
361 241
361 242
361 275
361 297
361 307
361 308
361 310
361 339
362 3
362 28
362 71
362 171
363 5
363 7
363 22
363 28
363 34
363 37
363 39
363 43
363 48
363 58
363 64
363 69
363 74
363 91
363 92
363 100
363 105
363 106
363 112
363 122
363 126
363 127
363 143
363 171
363 175
363 183
363 185
363 203
363 204
363 206
363 210
363 216
363 220
363 229
363 236
363 241
363 242
363 246
363 247
363 254
363 268
363 269
363 279
363 286
363 287
363 289
363 290
363 292
363 302
363 311
363 320
363 332
363 334
363 340
363 346
363 348
363 352
363 356
364 9
364 20
364 25
364 28
364 34
364 56
364 57
364 73
364 78
364 79
364 80
364 85
364 88
364 98
364 101
364 105
364 112
364 130
364 177
364 183
364 197
364 198
364 199
364 205
364 219
364 221
364 223
364 236
364 237
364 268
364 281
364 282
364 290
364 294
364 297
364 298
364 317
364 321
364 332
364 333
364 340
364 341
364 350
365 3
365 6
365 8
365 19
365 49
365 51
365 54
365 67
365 70
365 84
365 88
365 96
365 102
365 126
365 129
365 141
365 158
365 163
365 169
365 172
365 174
365 178
365 200
365 210
365 212
365 218
365 230
365 242
365 274
365 289
365 297
365 307
365 310
365 337
365 339
365 361
366 10
366 12
366 20
366 26
366 28
366 34
366 39
366 54
366 61
366 73
366 78
366 79
366 88
366 90
366 101
366 105
366 112
366 147
366 170
366 173
366 177
366 192
366 197
366 199
366 206
366 219
366 221
366 236
366 246
366 249
366 257
366 281
366 282
366 290
366 313
366 317
366 319
366 332
366 333
366 350
366 364
367 20
367 28
367 53
367 56
367 57
367 80
367 85
367 97
367 98
367 99
367 113
367 133
367 158
367 165
367 183
367 186
367 196
367 210
367 212
367 237
367 269
367 294
367 297
367 321
367 331
367 340
367 364
368 9
368 10
368 12
368 20
368 26
368 28
368 34
368 39
368 52
368 54
368 61
368 69
368 73
368 77
368 78
368 79
368 88
368 90
368 101
368 105
368 112
368 136
368 145
368 147
368 160
368 170
368 173
368 176
368 177
368 192
368 197
368 199
368 206
368 219
368 221
368 236
368 246
368 247
368 249
368 274
368 281
368 282
368 290
368 302
368 308
368 313
368 317
368 319
368 333
368 350
368 364
368 366
369 3
369 23
369 28
369 50
369 76
369 82
369 105
369 112
369 113
369 128
369 152
369 156
369 159
369 162
369 190
369 199
369 205
369 220
369 221
369 233
369 235
369 239
369 241
369 242
369 251
369 253
369 260
369 275
369 285
369 291
369 297
369 307
369 308
369 310
369 361
370 5
370 64
370 66
370 79
370 84
370 90
370 104
370 111
370 118
370 131
370 132
370 136
370 186
370 200
370 204
370 252
370 263
370 298
371 12
371 26
371 37
371 69
371 80
371 82
371 85
371 99
371 165
371 180
371 217
371 258
371 264
371 281
372 5
372 31
372 46
372 54
372 64
372 66
372 84
372 90
372 111
372 114
372 115
372 118
372 128
372 131
372 132
372 142
372 158
372 200
372 204
372 238
372 252
372 255
372 256
372 263
372 288
372 298
372 335
372 344
372 370
373 89
373 107
373 164
374 28
374 40
374 53
374 58
374 69
374 76
374 105
374 112
374 113
374 152
374 156
374 159
374 160
374 201
374 220
374 221
374 235
374 239
374 241
374 269
374 275
374 283
374 297
374 307
374 308
374 310
374 326
374 361
374 369
375 30
375 34
375 37
375 39
375 58
375 78
375 96
375 105
375 106
375 119
375 122
375 126
375 127
375 140
375 143
375 147
375 164
375 185
375 186
375 212
375 220
375 236
375 241
375 246
375 248
375 254
375 257
375 259
375 269
375 292
375 313
375 316
375 317
375 332
375 340
375 345
375 351
375 363
376 8
376 12
376 31
376 37
376 40
376 46
376 54
376 60
376 64
376 92
376 110
376 114
376 115
376 128
376 130
376 138
376 142
376 144
376 146
376 150
376 158
376 167
376 192
376 196
376 207
376 210
376 212
376 220
376 235
376 249
376 254
376 255
376 266
376 269
376 288
376 293
376 302
376 309
376 311
376 333
376 335
376 344
376 356
376 372
377 30
377 43
377 78
377 96
377 119
377 140
377 147
377 164
377 186
377 212
377 241
377 248
377 257
377 259
377 311
377 313
377 317
377 345
377 351
377 375
378 8
378 23
378 34
378 37
378 39
378 50
378 58
378 82
378 105
378 106
378 122
378 126
378 127
378 137
378 143
378 162
378 185
378 190
378 192
378 199
378 205
378 210
378 220
378 221
378 233
378 236
378 239
378 241
378 242
378 246
378 251
378 254
378 260
378 262
378 269
378 291
378 292
378 332
378 340
378 363
378 369
378 375
378 376
379 17
379 27
379 28
379 34
379 36
379 69
379 74
379 76
379 93
379 95
379 103
379 105
379 112
379 113
379 120
379 123
379 149
379 152
379 153
379 156
379 159
379 160
379 170
379 189
379 201
379 209
379 216
379 218
379 220
379 221
379 227
379 233
379 236
379 238
379 239
379 241
379 256
379 275
379 277
379 297
379 307
379 308
379 310
379 311
379 315
379 338
379 343
379 344
379 358
379 361
379 369
379 374
380 3
380 17
380 34
380 57
380 64
380 69
380 73
380 103
380 112
380 123
380 149
380 160
380 189
380 201
380 216
380 220
380 233
380 237
380 238
380 256
380 277
380 311
380 343
380 379
381 40
381 54
381 70
381 84
381 88
381 96
381 102
381 126
381 141
381 158
381 165
381 169
381 178
381 192
381 200
381 210
381 212
381 218
381 230
381 242
381 247
381 249
381 251
381 272
381 297
381 307
381 322
381 339
381 361
381 365
382 5
382 17
382 26
382 34
382 60
382 69
382 74
382 77
382 90
382 98
382 100
382 101
382 103
382 109
382 112
382 116
382 122
382 123
382 129
382 131
382 136
382 142
382 147
382 149
382 153
382 158
382 160
382 163
382 171
382 173
382 189
382 190
382 195
382 198
382 201
382 206
382 216
382 220
382 223
382 230
382 233
382 234
382 238
382 241
382 245
382 254
382 256
382 263
382 264
382 265
382 275
382 277
382 284
382 289
382 306
382 311
382 312
382 318
382 319
382 336
382 341
382 342
382 343
382 379
382 380
383 5
383 24
383 30
383 48
383 49
383 64
383 65
383 69
383 74
383 78
383 92
383 96
383 119
383 122
383 140
383 147
383 164
383 171
383 175
383 185
383 186
383 203
383 204
383 206
383 212
383 216
383 241
383 248
383 257
383 259
383 268
383 287
383 290
383 302
383 311
383 313
383 317
383 320
383 331
383 345
383 351
383 363
383 375
383 377
384 10
384 12
384 26
384 28
384 39
384 43
384 54
384 61
384 90
384 105
384 143
384 147
384 170
384 173
384 192
384 206
384 246
384 249
384 268
384 282
384 300
384 313
384 319
384 325
384 350
384 366
384 368
384 375
385 26
385 30
385 74
385 77
385 78
385 96
385 103
385 116
385 119
385 122
385 126
385 129
385 136
385 140
385 142
385 147
385 151
385 158
385 164
385 171
385 173
385 176
385 186
385 201
385 212
385 230
385 234
385 241
385 244
385 245
385 248
385 257
385 259
385 265
385 306
385 312
385 313
385 317
385 318
385 344
385 345
385 351
385 375
385 377
385 382
385 383
386 2
386 27
386 34
386 52
386 60
386 83
386 95
386 101
386 122
386 140
386 143
386 147
386 195
386 254
386 263
386 295
386 320
386 349
386 350
387 46
387 328
388 1
388 22
388 89
388 94
388 103
388 106
388 122
388 173
388 174
388 233
388 271
388 305
388 315
388 337
388 342
388 347
389 55
389 80
389 98
389 198
389 298
389 323
390 4
390 7
390 9
390 17
390 22
390 28
390 34
390 36
390 43
390 52
390 54
390 69
390 88
390 91
390 92
390 100
390 103
390 112
390 113
390 123
390 126
390 136
390 145
390 149
390 160
390 174
390 176
390 183
390 189
390 201
390 210
390 216
390 220
390 229
390 233
390 238
390 242
390 247
390 256
390 269
390 270
390 274
390 277
390 281
390 286
390 289
390 297
390 308
390 311
390 313
390 320
390 334
390 343
390 346
390 348
390 352
390 356
390 363
390 368
390 374
390 379
390 380
390 382
391 23
391 25
391 53
391 71
391 101
391 132
391 157
391 159
391 182
391 185
391 189
391 207
391 237
391 294
391 317
391 318
391 350
391 355
392 2
392 8
392 10
392 33
392 34
392 36
392 53
392 58
392 60
392 62
392 69
392 70
392 74
392 75
392 77
392 78
392 83
392 89
392 94
392 97
392 101
392 110
392 113
392 132
392 140
392 143
392 147
392 171
392 191
392 195
392 201
392 235
392 254
392 263
392 265
392 268
392 269
392 273
392 301
392 326
392 328
392 330
392 331
392 334
392 337
392 349
392 350
392 374
392 386
393 36
393 52
393 150
393 152
393 170
393 254
393 259
393 277
393 309
393 377
393 384
394 3
394 15
394 28
394 110
394 128
394 135
394 210
394 226
394 249
394 308
394 317
395 9
395 11
395 16
395 36
395 50
395 63
395 71
395 82
395 86
395 93
395 94
395 102
395 103
395 104
395 127
395 143
395 150
395 159
395 171
395 191
395 193
395 197
395 204
395 209
395 230
395 255
395 291
395 304
395 307
395 312
395 327
395 329
395 337
395 339
395 350
396 3
396 7
396 8
396 19
396 51
396 55
396 67
396 129
396 139
396 155
396 163
396 172
396 174
396 262
396 273
396 280
396 287
396 289
396 310
396 312
396 328
396 337
396 362
396 365
396 387
397 5
397 17
397 34
397 60
397 69
397 90
397 101
397 103
397 112
397 123
397 129
397 131
397 138
397 149
397 153
397 158
397 160
397 163
397 171
397 188
397 189
397 201
397 213
397 216
397 220
397 233
397 238
397 256
397 275
397 277
397 284
397 289
397 311
397 312
397 319
397 336
397 342
397 343
397 379
397 380
397 382
397 390
398 14
398 34
398 37
398 39
398 40
398 58
398 60
398 64
398 92
398 105
398 106
398 107
398 122
398 126
398 127
398 128
398 138
398 143
398 150
398 185
398 196
398 207
398 212
398 220
398 236
398 241
398 246
398 249
398 254
398 266
398 269
398 292
398 293
398 302
398 309
398 311
398 332
398 333
398 340
398 356
398 363
398 375
398 376
398 378
399 7
399 22
399 28
399 34
399 37
399 39
399 43
399 54
399 56
399 57
399 58
399 70
399 80
399 84
399 85
399 88
399 91
399 96
399 98
399 100
399 102
399 105
399 106
399 112
399 122
399 126
399 127
399 131
399 141
399 143
399 158
399 160
399 169
399 178
399 183
399 185
399 200
399 210
399 212
399 218
399 220
399 226
399 229
399 230
399 236
399 237
399 241
399 242
399 246
399 254
399 265
399 267
399 269
399 283
399 286
399 289
399 292
399 294
399 297
399 307
399 315
399 320
399 321
399 332
399 334
399 339
399 340
399 346
399 348
399 352
399 356
399 361
399 363
399 364
399 365
399 367
399 375
399 378
399 381
399 390
399 398
400 17
400 34
400 69
400 103
400 112
400 116
400 123
400 134
400 141
400 149
400 160
400 189
400 201
400 216
400 220
400 233
400 238
400 241
400 256
400 277
400 311
400 343
400 359
400 379
400 380
400 382
400 390
400 397
401 5
401 17
401 48
401 64
401 67
401 69
401 74
401 92
401 110
401 122
401 171
401 175
401 185
401 203
401 204
401 206
401 216
401 268
401 287
401 290
401 302
401 311
401 320
401 335
401 363
401 383
402 10
402 12
402 23
402 26
402 28
402 39
402 53
402 54
402 61
402 71
402 90
402 98
402 100
402 101
402 105
402 109
402 116
402 147
402 159
402 170
402 173
402 182
402 185
402 189
402 190
402 192
402 195
402 206
402 237
402 246
402 249
402 254
402 263
402 264
402 282
402 286
402 294
402 313
402 317
402 318
402 319
402 343
402 350
402 355
402 366
402 368
402 382
402 384
402 386
402 391
402 393
403 12
403 144
403 169
403 194
403 269
404 33
404 36
404 45
404 62
404 69
404 70
404 74
404 77
404 95
404 97
404 102
404 110
404 113
404 122
404 140
404 184
404 213
404 218
404 265
404 275
404 326
404 328
404 331
404 386
404 392
405 3
405 7
405 8
405 19
405 22
405 28
405 43
405 51
405 64
405 67
405 76
405 77
405 84
405 91
405 98
405 100
405 102
405 112
405 126
405 129
405 136
405 137
405 141
405 150
405 156
405 157
405 163
405 169
405 172
405 174
405 183
405 185
405 187
405 198
405 210
405 218
405 220
405 228
405 229
405 242
405 259
405 261
405 269
405 270
405 274
405 282
405 286
405 289
405 291
405 310
405 318
405 320
405 321
405 334
405 337
405 346
405 347
405 348
405 352
405 356
405 363
405 365
405 390
405 396
405 399
406 2
406 3
406 8
406 15
406 19
406 30
406 34
406 40
406 51
406 60
406 67
406 78
406 83
406 96
406 101
406 119
406 129
406 140
406 143
406 147
406 163
406 164
406 172
406 174
406 186
406 195
406 197
406 212
406 241
406 248
406 254
406 257
406 259
406 263
406 272
406 289
406 310
406 313
406 317
406 337
406 345
406 349
406 350
406 351
406 365
406 375
406 377
406 383
406 385
406 386
406 392
406 396
406 405
407 5
407 16
407 23
407 48
407 64
407 69
407 74
407 92
407 98
407 116
407 122
407 171
407 175
407 185
407 203
407 204
407 206
407 216
407 268
407 287
407 290
407 302
407 311
407 320
407 363
407 383
407 401
408 192
408 349
408 374
408 392
409 5
409 27
409 43
409 48
409 61
409 64
409 69
409 74
409 92
409 116
409 122
409 150
409 171
409 175
409 185
409 200
409 203
409 204
409 206
409 216
409 268
409 287
409 290
409 302
409 311
409 320
409 363
409 383
409 393
409 401
409 407
410 20
410 34
410 67
410 73
410 74
410 76
410 78
410 79
410 84
410 88
410 101
410 102
410 105
410 112
410 113
410 120
410 129
410 150
410 153
410 156
410 157
410 177
410 187
410 197
410 198
410 199
410 218
410 219
410 220
410 221
410 227
410 228
410 236
410 261
410 274
410 281
410 282
410 290
410 291
410 297
410 315
410 317
410 319
410 321
410 333
410 344
410 347
410 350
410 358
410 364
410 366
410 368
410 379
410 405
411 29
411 70
411 72
411 98
411 100
411 109
411 116
411 147
411 170
411 190
411 195
411 206
411 213
411 231
411 254
411 263
411 264
411 327
411 343
411 352
411 382
411 402
412 46
412 146
412 178
412 246
412 253
413 4
413 26
413 67
413 74
413 76
413 77
413 79
413 84
413 102
413 103
413 116
413 122
413 129
413 136
413 142
413 150
413 156
413 157
413 158
413 171
413 173
413 187
413 198
413 218
413 220
413 228
413 230
413 234
413 245
413 261
413 265
413 274
413 291
413 306
413 312
413 318
413 321
413 347
413 382
413 385
413 405
413 410
414 3
414 29
414 34
414 57
414 67
414 73
414 76
414 84
414 91
414 102
414 103
414 112
414 118
414 120
414 121
414 127
414 129
414 150
414 156
414 157
414 187
414 188
414 198
414 218
414 220
414 228
414 236
414 237
414 261
414 274
414 291
414 300
414 305
414 321
414 330
414 347
414 355
414 380
414 405
414 410
414 413
415 28
415 69
415 76
415 105
415 112
415 113
415 149
415 152
415 156
415 159
415 160
415 201
415 206
415 220
415 221
415 239
415 241
415 274
415 275
415 283
415 297
415 307
415 308
415 310
415 361
415 369
415 374
415 379
416 26
416 37
416 69
416 80
416 82
416 85
416 99
416 100
416 132
416 165
416 217
416 258
416 264
416 281
416 350
416 371
417 35
417 37
417 74
417 76
417 94
417 113
417 120
417 146
417 153
417 156
417 201
417 218
417 227
417 236
417 297
417 301
417 315
417 333
417 344
417 358
417 379
417 383
417 410
418 5
418 30
418 60
418 78
418 90
418 96
418 101
418 119
418 123
418 129
418 131
418 140
418 147
418 153
418 158
418 163
418 164
418 171
418 186
418 212
418 216
418 220
418 241
418 248
418 257
418 259
418 275
418 277
418 284
418 289
418 312
418 313
418 317
418 319
418 336
418 342
418 345
418 351
418 375
418 377
418 382
418 383
418 385
418 397
418 402
418 406
419 3
419 28
419 40
419 60
419 64
419 92
419 128
419 138
419 150
419 180
419 196
419 207
419 212
419 220
419 237
419 249
419 254
419 266
419 293
419 296
419 302
419 309
419 311
419 333
419 339
419 356
419 376
419 398
420 79
420 204
420 336
420 361
420 386
420 411
421 3
421 17
421 30
421 32
421 57
421 73
421 109
421 153
421 160
421 187
421 201
421 208
421 212
421 223
421 224
421 237
421 280
421 294
421 339
421 380
421 414
422 4
422 20
422 31
422 36
422 40
422 60
422 64
422 65
422 75
422 84
422 88
422 91
422 92
422 118
422 128
422 131
422 138
422 141
422 150
422 163
422 175
422 190
422 193
422 196
422 202
422 204
422 207
422 209
422 212
422 220
422 223
422 224
422 227
422 231
422 233
422 236
422 242
422 249
422 251
422 254
422 256
422 257
422 266
422 268
422 270
422 283
422 293
422 302
422 304
422 309
422 311
422 329
422 333
422 336
422 345
422 349
422 356
422 376
422 390
422 398
422 419
423 11
423 16
423 53
423 71
423 78
423 93
423 94
423 95
423 103
423 107
423 116
423 127
423 134
423 144
423 159
423 175
423 196
423 202
423 204
423 205
423 207
423 212
423 219
423 226
423 227
423 236
423 237
423 241
423 255
423 260
423 293
423 296
423 305
423 307
423 309
423 336
423 337
423 339
423 350
423 360
423 395
424 183
424 215
424 283
425 9
425 16
425 26
425 41
425 74
425 77
425 78
425 93
425 95
425 98
425 103
425 116
425 122
425 129
425 134
425 136
425 137
425 141
425 142
425 144
425 158
425 169
425 171
425 173
425 185
425 196
425 205
425 212
425 227
425 230
425 234
425 245
425 259
425 260
425 265
425 270
425 282
425 289
425 306
425 312
425 318
425 321
425 336
425 339
425 359
425 382
425 385
425 405
425 413
425 423
426 20
426 28
426 53
426 56
426 57
426 80
426 85
426 97
426 98
426 99
426 113
426 133
426 165
426 183
426 186
426 196
426 210
426 212
426 237
426 269
426 294
426 297
426 310
426 321
426 331
426 340
426 342
426 364
426 367
426 392
426 399
426 417
427 16
427 21
427 29
427 30
427 61
427 64
427 88
427 159
427 161
427 173
427 181
427 197
427 218
427 245
427 257
427 293
427 325
427 386
427 411
428 4
428 12
428 26
428 35
428 37
428 44
428 55
428 69
428 77
428 80
428 82
428 85
428 90
428 94
428 98
428 99
428 119
428 130
428 136
428 137
428 141
428 144
428 146
428 165
428 169
428 172
428 185
428 201
428 206
428 208
428 210
428 213
428 217
428 242
428 249
428 258
428 259
428 264
428 270
428 281
428 282
428 289
428 318
428 321
428 335
428 345
428 346
428 351
428 371
428 376
428 405
428 416
428 417
428 425
429 20
429 24
429 30
429 53
429 65
429 78
429 96
429 97
429 99
429 113
429 119
429 122
429 133
429 140
429 147
429 164
429 165
429 186
429 196
429 210
429 212
429 213
429 241
429 248
429 257
429 259
429 269
429 313
429 317
429 320
429 331
429 338
429 345
429 351
429 367
429 375
429 377
429 383
429 385
429 406
429 418
429 426
430 40
430 60
430 64
430 92
430 128
430 138
430 150
430 196
430 207
430 212
430 220
430 221
430 249
430 254
430 266
430 271
430 293
430 296
430 302
430 309
430 311
430 333
430 356
430 376
430 389
430 398
430 419
430 422
431 95
431 122
431 140
431 386
431 404
432 23
432 27
432 43
432 61
432 78
432 93
432 95
432 116
432 134
432 144
432 196
432 200
432 205
432 212
432 227
432 260
432 336
432 339
432 398
432 409
432 423
432 425
433 10
433 12
433 26
433 28
433 39
433 40
433 54
433 61
433 63
433 65
433 67
433 76
433 84
433 90
433 102
433 105
433 129
433 147
433 150
433 154
433 156
433 157
433 167
433 170
433 173
433 187
433 192
433 198
433 206
433 218
433 220
433 222
433 224
433 228
433 246
433 247
433 249
433 251
433 261
433 274
433 282
433 291
433 306
433 313
433 319
433 321
433 347
433 350
433 366
433 368
433 381
433 384
433 392
433 402
433 405
433 410
433 413
433 414
434 125
434 143
435 1
435 22
435 89
435 94
435 103
435 106
435 173
435 174
435 233
435 271
435 305
435 315
435 337
435 342
435 344
435 388
435 401
435 426
436 195
436 227
436 302
436 420
437 21
437 31
437 46
437 53
437 54
437 67
437 78
437 114
437 115
437 128
437 135
437 142
437 146
437 153
437 158
437 255
437 288
437 294
437 301
437 335
437 344
437 372
437 376
438 4
438 24
438 56
438 65
438 95
438 97
438 122
438 140
438 222
438 311
438 320
438 327
438 331
438 379
438 383
438 386
438 404
438 429
438 431
439 11
439 16
439 26
439 53
439 71
439 74
439 77
439 93
439 94
439 103
439 116
439 122
439 127
439 129
439 136
439 142
439 158
439 159
439 171
439 173
439 175
439 202
439 204
439 219
439 226
439 230
439 234
439 236
439 237
439 241
439 245
439 255
439 265
439 293
439 296
439 298
439 305
439 306
439 307
439 309
439 312
439 318
439 330
439 337
439 350
439 360
439 382
439 385
439 395
439 398
439 413
439 423
439 425
440 67
440 76
440 84
440 102
440 129
440 150
440 156
440 157
440 187
440 198
440 218
440 220
440 228
440 261
440 274
440 291
440 321
440 347
440 374
440 405
440 410
440 413
440 414
440 433
441 14
441 17
441 32
441 109
441 153
441 155
441 159
441 160
441 187
441 201
441 208
441 223
441 224
441 280
441 294
441 298
441 325
441 339
441 357
441 421
442 9
442 28
442 52
442 54
442 69
442 76
442 105
442 112
442 113
442 136
442 145
442 152
442 156
442 159
442 160
442 176
442 201
442 220
442 221
442 239
442 241
442 247
442 258
442 274
442 275
442 281
442 283
442 297
442 307
442 308
442 310
442 313
442 361
442 368
442 369
442 374
442 379
442 390
442 401
442 415
443 27
443 28
443 52
443 76
443 105
443 109
443 112
443 113
443 152
443 156
443 159
443 220
443 221
443 239
443 241
443 275
443 297
443 307
443 308
443 310
443 361
443 369
443 374
443 377
443 379
443 415
443 442
444 3
444 26
444 67
444 74
444 76
444 77
444 84
444 102
444 103
444 116
444 122
444 129
444 136
444 142
444 150
444 156
444 157
444 158
444 171
444 173
444 187
444 198
444 218
444 220
444 228
444 230
444 234
444 245
444 261
444 265
444 274
444 291
444 306
444 312
444 318
444 321
444 347
444 382
444 385
444 405
444 410
444 413
444 414
444 425
444 433
444 435
444 439
444 440
445 75
445 91
445 163
445 190
445 193
445 202
445 204
445 209
445 224
445 233
445 236
445 242
445 251
445 256
445 286
445 336
445 422
445 429
446 17
446 34
446 62
446 69
446 103
446 112
446 123
446 137
446 149
446 155
446 160
446 162
446 189
446 198
446 201
446 216
446 220
446 233
446 238
446 241
446 256
446 257
446 277
446 311
446 339
446 343
446 379
446 380
446 382
446 390
446 397
446 400
447 6
447 13
447 24
447 38
447 115
447 131
447 231
447 283
447 342
447 356
447 388
447 438
448 9
448 26
448 28
448 37
448 50
448 52
448 54
448 63
448 69
448 70
448 76
448 80
448 82
448 84
448 85
448 86
448 88
448 96
448 99
448 102
448 104
448 105
448 109
448 112
448 113
448 126
448 141
448 143
448 152
448 156
448 158
448 159
448 165
448 169
448 171
448 178
448 180
448 191
448 197
448 200
448 207
448 210
448 212
448 214
448 217
448 218
448 220
448 221
448 230
448 237
448 239
448 241
448 242
448 258
448 264
448 266
448 275
448 281
448 296
448 297
448 307
448 308
448 310
448 312
448 314
448 327
448 330
448 339
448 343
448 361
448 365
448 369
448 371
448 374
448 379
448 381
448 395
448 399
448 415
448 416
448 419
448 428
448 442
448 443
449 5
449 30
449 31
449 33
449 46
449 54
449 60
449 78
449 90
449 96
449 98
449 100
449 101
449 109
449 114
449 115
449 116
449 119
449 123
449 128
449 129
449 131
449 140
449 142
449 147
449 153
449 158
449 163
449 164
449 171
449 186
449 190
449 195
449 206
449 212
449 216
449 220
449 241
449 248
449 254
449 255
449 257
449 258
449 259
449 263
449 264
449 275
449 277
449 284
449 288
449 289
449 312
449 313
449 317
449 319
449 335
449 336
449 342
449 343
449 344
449 345
449 351
449 372
449 375
449 376
449 377
449 382
449 383
449 385
449 397
449 402
449 406
449 411
449 418
449 429
449 437
450 9
450 17
450 32
450 66
450 109
450 134
450 153
450 160
450 187
450 201
450 208
450 223
450 224
450 234
450 280
450 294
450 334
450 339
450 391
450 421
450 441
25