4 3
7 2
8 6
10 8
11 3
11 4
13 2
16 5
16 7
17 12
18 10
19 1
19 13
20 13
20 19
22 3
22 4
22 11
23 5
23 10
23 16
23 18
24 15
24 21
25 4
25 14
26 4
28 9
30 5
30 10
30 14
30 17
31 4
31 12
31 26
32 1
32 4
32 5
32 7
32 16
32 25
34 15
34 23
35 3
35 4
35 32
36 5
36 9
36 30
37 4
37 17
37 26
37 31
37 32
38 14
38 21
39 7
39 10
39 17
39 18
39 23
39 30
39 32
40 16
40 21
41 2
41 21
41 32
41 37
41 38
42 20
42 37
43 1
43 24
43 32
44 3
44 4
44 5
44 11
44 22
44 32
44 35
45 3
45 6
45 8
45 10
45 23
45 35
45 44
46 8
46 10
46 12
46 14
46 27
46 30
47 6
47 8
47 45
49 5
49 15
49 27
49 30
49 36
50 9
50 46
51 28
52 21
52 38
52 41
53 7
53 12
53 16
53 35
53 49
54 4
54 6
54 8
54 17
54 25
54 32
54 45
54 47
55 2
55 5
55 7
55 21
55 30
55 36
55 44
55 49
56 15
56 24
56 32
57 8
57 49
58 18
58 47
59 55
60 3
60 22
61 3
61 4
61 11
61 21
61 22
61 38
61 41
61 44
61 52
62 14
62 21
62 25
62 58
63 4
63 8
63 10
63 46
64 2
64 30
64 41
65 21
65 38
65 41
65 52
65 61
66 2
66 13
66 19
66 54
67 32
67 33
67 56
67 60
68 2
68 5
68 27
68 41
68 64
69 5
69 15
69 49
70 5
70 32
70 36
70 44
71 14
71 18
71 23
71 25
71 30
71 34
71 46
72 1
72 11
72 35
73 35
73 39
73 63
73 72
74 2
74 33
74 65
74 70
75 3
75 4
75 11
75 22
75 31
75 37
75 44
75 61
75 63
76 4
76 18
76 25
76 32
76 54
76 63
76 75
77 8
77 10
77 35
77 36
77 37
77 42
77 45
77 46
77 54
77 63
77 72
77 73
78 7
78 10
78 11
78 14
78 30
78 39
78 46
78 71
78 75
79 16
79 18
79 40
79 42
79 45
79 76
80 4
80 25
80 27
80 32
80 49
80 54
80 76
81 10
81 17
81 18
81 23
81 39
81 54
82 10
82 70
83 6
83 14
83 42
83 46
83 47
83 78
84 13
84 19
84 20
84 21
84 62
84 66
84 74
84 81
85 26
86 1
86 72
87 10
87 13
87 16
87 18
87 19
87 20
87 23
87 39
87 54
87 66
87 81
87 84
88 54
88 72
88 86
89 4
89 7
89 26
89 31
89 32
89 37
89 39
89 63
89 73
89 75
89 76
89 85
90 10
90 18
90 19
90 23
90 26
90 39
90 81
90 85
90 87
91 57
92 66
92 88
93 12
93 17
93 37
93 41
94 1
94 17
94 54
94 60
94 72
94 81
95 1
95 49
95 53
95 69
95 86
95 91
96 4
96 12
96 25
96 32
96 54
96 58
96 76
96 80
97 1
97 32
97 43
97 63
97 65
97 74
98 1
98 4
98 11
98 26
98 31
98 37
98 63
98 72
98 75
98 76
98 89
98 94
99 4
99 21
99 32
99 35
99 85
100 1
100 13
100 15
100 32
100 43
100 47
100 49
100 69
100 97
101 75
102 19
102 31
102 38
102 46
102 66
102 75
102 84
103 2
103 66
104 10
104 30
104 39
104 67
104 78
104 82
104 100
105 49
105 53
105 95
106 5
106 32
106 44
106 70
106 81
106 84
107 49
107 53
107 81
107 95
107 105
108 44
109 74
109 75
110 7
110 16
110 53
110 68
110 81
110 84
110 106
111 7
111 24
111 47
111 58
112 5
112 8
112 10
112 11
112 30
112 36
112 46
112 49
112 55
112 63
112 75
112 77
112 78
113 1
113 13
113 19
113 20
113 21
113 55
113 84
113 87
113 106
113 109
114 2
114 41
114 43
114 47
114 50
114 58
114 62
114 64
114 68
114 100
114 111
115 1
115 4
115 5
115 14
115 16
115 32
115 35
115 46
115 53
115 58
115 62
115 63
115 75
115 76
115 81
115 83
115 84
115 86
115 89
115 95
115 98
115 114
116 7
116 49
116 57
116 112
117 3
117 4
117 11
117 14
117 21
117 22
117 30
117 38
117 41
117 44
117 46
117 52
117 61
117 62
117 65
117 71
117 74
117 75
117 78
117 79
117 109
118 12
118 15
118 21
118 49
118 55
118 69
118 84
118 96
118 100
118 113
119 6
119 8
119 10
119 11
119 12
119 17
119 45
119 47
119 54
119 77
119 86
119 93
120 2
120 32
120 37
120 41
120 49
120 56
120 64
120 67
120 68
120 114
121 10
121 13
121 18
121 19
121 20
121 23
121 39
121 54
121 72
121 81
121 84
121 86
121 87
121 88
121 90
121 113
122 5
122 12
122 14
122 38
122 68
122 96
122 100
122 103
122 114
122 118
123 1
123 5
123 17
123 26
123 30
123 32
123 39
123 53
123 56
123 67
123 68
123 85
123 120
123 122
124 10
124 18
124 23
124 39
124 54
124 65
124 74
124 81
124 87
124 90
124 97
124 121
125 4
125 14
125 32
125 38
125 62
125 79
125 96
125 98
125 105
125 117
125 122
126 33
126 55
126 62
126 70
126 117
126 125
127 12
127 17
127 26
127 70
127 74
127 85
127 90
127 93
127 119
128 19
128 65
128 66
128 84
128 102
129 47
129 50
129 58
129 62
129 73
129 100
129 111
129 122
130 6
130 8
130 29
130 45
130 47
130 54
130 96
130 119
131 5
131 8
131 10
131 22
131 46
131 63
131 68
131 77
131 105
131 112
131 122
131 123
132 4
132 25
132 32
132 35
132 49
132 53
132 54
132 68
132 76
132 80
132 95
132 96
132 105
132 107
132 115
133 4
133 6
133 19
133 32
133 35
133 47
133 66
133 74
133 83
133 84
133 96
133 99
133 102
133 111
133 128
134 3
134 25
134 71
134 108
134 112
134 115
134 131
135 12
135 18
135 56
135 70
135 74
135 76
135 79
135 96
135 118
135 122
135 127
136 3
136 32
136 35
136 44
136 45
136 56
136 67
136 87
136 120
136 123
137 6
137 9
137 15
137 24
137 28
137 49
137 56
137 69
137 100
137 111
137 118
137 126
137 133
138 15
138 27
138 49
138 53
138 59
138 69
138 70
138 71
138 80
138 82
138 95
138 100
138 105
138 107
138 118
138 132
138 137
139 1
139 14
139 25
139 38
139 62
139 102
139 123
140 31
140 72
140 86
140 88
140 121
141 5
141 23
141 24
141 26
141 54
141 62
141 85
141 90
141 99
141 121
141 123
141 124
141 127
142 3
142 23
142 35
142 44
142 45
142 56
142 104
142 136
143 124
144 12
144 17
144 21
144 38
144 41
144 52
144 55
144 61
144 65
144 88
144 93
144 117
144 119
144 127
145 4
145 12
145 32
145 37
145 42
145 44
145 58
145 59
145 77
145 96
145 118
145 122
145 125
145 133
145 135
146 1
146 15
146 35
146 37
146 53
146 115
146 123
146 132
146 139
147 5
147 10
147 30
147 39
147 68
147 74
147 78
147 97
147 104
147 125
148 1
148 9
148 10
148 36
148 47
148 82
148 86
148 95
148 100
148 104
148 115
149 27
149 32
149 37
149 40
149 41
149 43
149 49
149 71
149 80
149 120
149 130
149 138
150 94
150 97
151 11
151 14
151 25
151 50
151 62
151 65
151 75
151 78
151 83
151 112
151 139
152 5
152 21
152 23
152 38
152 41
152 52
152 55
152 61
152 65
152 74
152 84
152 115
152 117
152 133
152 141
152 144
153 1
153 11
153 15
153 30
153 32
153 43
153 45
153 65
153 72
153 74
153 97
153 98
153 100
153 124
153 146
153 147
153 150
154 2
154 15
154 74
154 76
154 87
154 105
154 136
155 8
155 10
155 39
155 46
155 63
155 77
155 87
155 112
155 131
155 136
155 154
156 4
156 35
156 53
156 63
156 75
156 76
156 77
156 89
156 98
156 100
156 115
156 132
156 146
157 10
157 13
157 18
157 19
157 20
157 23
157 36
157 39
157 71
157 74
157 76
157 79
157 81
157 84
157 87
157 90
157 110
157 113
157 121
157 124
157 133
157 135
157 152
158 27
158 32
158 49
158 74
158 80
158 96
158 97
158 133
158 138
158 145
158 147
158 149
158 153
159 80
159 103
160 21
160 24
160 35
160 47
160 54
160 58
160 62
160 72
160 73
160 77
160 84
160 111
160 129
161 6
161 8
161 10
161 30
161 39
161 45
161 47
161 54
161 77
161 78
161 104
161 119
161 130
161 147
161 150
162 1
162 4
162 5
162 32
162 44
162 70
162 94
162 100
162 106
162 123
162 137
162 139
162 146
163 5
163 24
163 68
163 77
163 114
163 141
163 147
164 1
164 2
164 7
164 32
164 33
164 37
164 43
164 45
164 55
164 75
164 97
164 100
164 111
164 150
164 153
165 4
165 17
165 32
165 65
165 74
165 84
165 86
165 96
165 97
165 109
165 119
165 124
165 125
165 133
165 143
165 145
165 152
165 153
165 157
166 27
166 34
166 49
166 62
166 74
166 80
166 84
166 109
166 117
166 138
166 149
166 158
167 4
167 9
167 35
167 36
167 53
167 58
167 63
167 75
167 76
167 89
167 98
167 115
167 132
167 146
167 148
167 156
168 5
168 7
168 30
168 31
168 32
168 36
168 39
168 49
168 55
168 75
168 89
168 102
168 112
169 6
169 10
169 14
169 30
169 39
169 46
169 47
169 54
169 62
169 66
169 71
169 78
169 83
169 87
169 104
169 117
169 125
169 126
169 133
169 147
169 161
170 3
170 4
170 11
170 14
170 22
170 25
170 44
170 61
170 62
170 75
170 117
170 124
170 139
170 143
170 151
171 1
171 10
171 82
171 86
171 95
171 104
171 115
171 148
172 5
172 12
172 16
172 32
172 33
172 86
172 96
172 115
172 118
172 119
172 122
172 123
172 135
172 145
172 165
173 5
173 16
173 31
173 32
173 37
173 42
173 64
173 77
173 115
173 145
173 172
174 6
174 21
174 32
174 47
174 55
174 83
174 96
174 113
174 118
174 133
174 145
174 158
174 169
175 7
175 9
175 32
175 33
175 36
175 39
175 63
175 73
175 89
175 105
175 114
175 122
175 125
175 126
175 148
175 167
175 168
176 13
176 17
176 19
176 20
176 21
176 60
176 62
176 67
176 74
176 84
176 87
176 104
176 110
176 113
176 121
176 133
176 152
176 157
176 160
176 165
177 16
177 40
177 79
177 136
178 7
178 10
178 30
178 39
178 70
178 74
178 78
178 104
178 111
178 127
178 128
178 135
178 147
178 161
178 164
178 169
179 11
179 13
179 19
179 20
179 21
179 22
179 48
179 62
179 63
179 70
179 75
179 84
179 87
179 113
179 121
179 157
179 160
179 176
180 3
180 11
180 14
180 22
180 25
180 37
180 42
180 62
180 77
180 101
180 139
180 145
180 151
180 170
180 173
181 36
181 45
181 49
181 53
181 64
181 79
181 95
181 105
181 107
181 132
181 138
181 157
182 5
182 25
182 63
182 68
182 71
182 73
182 74
182 89
182 109
182 117
182 134
182 147
182 163
182 166
182 171
182 175
183 4
183 14
183 22
183 23
183 25
183 26
183 32
183 45
183 46
183 49
183 57
183 62
183 83
183 85
183 90
183 96
183 104
183 115
183 116
183 125
183 127
183 131
183 139
183 141
183 142
183 145
183 151
183 165
183 170
183 176
183 180
184 7
184 16
184 20
184 42
184 45
184 57
184 91
184 106
184 111
184 113
184 164
184 178
185 6
185 15
185 47
185 49
185 54
185 66
185 69
185 83
185 87
185 97
185 100
185 118
185 133
185 137
185 138
185 150
185 153
185 166
185 169
185 174
186 76
186 132
186 145
187 15
187 49
187 53
187 69
187 95
187 100
187 101
187 105
187 107
187 118
187 132
187 137
187 138
187 181
187 185
188 2
188 16
188 31
188 40
188 72
188 74
188 79
188 86
188 88
188 121
188 125
188 140
188 154
188 169
188 177
189 1
189 5
189 10
189 20
189 28
189 30
189 36
189 49
189 55
189 77
189 82
189 86
189 95
189 104
189 110
189 112
189 115
189 133
189 137
189 148
189 168
189 171
190 5
190 15
190 23
190 24
190 30
190 56
190 88
190 137
190 141
190 152
190 153
191 10
191 14
191 18
191 25
191 58
191 60
191 62
191 75
191 82
191 104
191 139
191 148
191 151
191 170
191 171
191 180
191 183
191 189
192 11
192 23
192 45
192 46
192 75
192 78
192 98
192 112
192 142
192 151
192 183
192 188
193 2
193 5
193 7
193 39
193 54
193 55
193 68
193 121
193 122
193 123
193 124
193 131
193 141
193 164
194 11
194 26
194 75
194 78
194 85
194 90
194 112
194 127
194 141
194 151
194 176
194 183
194 192
195 14
195 34
195 36
195 46
195 77
195 83
195 115
195 183
195 189
195 191
196 5
196 23
196 34
196 42
196 57
196 68
196 71
196 110
196 125
196 141
196 147
196 152
196 157
196 163
196 176
196 182
196 190
197 70
197 73
197 76
197 82
197 88
197 129
197 138
197 154
197 190
198 29
198 37
198 42
198 77
198 104
198 110
198 119
198 145
198 157
198 173
198 176
198 180
198 194
198 196
199 6
199 8
199 10
199 12
199 20
199 45
199 46
199 47
199 54
199 63
199 65
199 77
199 96
199 97
199 112
199 118
199 119
199 121
199 122
199 128
199 130
199 131
199 135
199 145
199 150
199 153
199 155
199 161
199 172
199 185
200 1
200 19
200 30
200 36
200 62
200 66
200 74
200 76
200 84
200 97
200 102
200 123
200 128
200 133
200 139
200 146
200 147
200 153
200 154
200 157
200 158
200 162
200 166
200 181
200 190
200 197
201 16
201 18
201 40
201 49
201 53
201 58
201 76
201 79
201 88
201 95
201 105
201 107
201 132
201 135
201 138
201 144
201 157
201 160
201 177
201 181
201 187
201 188
201 191
201 197
202 11
202 27
202 30
202 49
202 72
202 80
202 98
202 119
202 131
202 138
202 149
202 153
202 158
202 166
202 190
202 200
203 18
203 54
203 66
203 76
203 79
203 87
203 110
203 121
203 135
203 157
203 169
203 185
203 196
203 201
204 1
204 14
204 18
204 20
204 30
204 32
204 35
204 43
204 46
204 58
204 71
204 78
204 97
204 100
204 117
204 153
204 163
204 164
204 169
204 191
204 200
204 201
205 7
205 14
205 16
205 17
205 30
205 39
205 53
205 62
205 110
205 123
205 141
205 165
205 176
206 14
206 36
206 38
206 70
206 77
206 82
206 90
206 122
206 125
206 138
206 172
206 187
206 189
206 195
206 197
207 5
207 30
207 36
207 49
207 55
207 112
207 166
207 168
207 189
208 1
208 12
208 14
208 17
208 37
208 38
208 54
208 81
208 93
208 94
208 119
208 122
208 125
208 127
208 137
208 144
208 200
208 206
209 26
209 37
209 41
209 85
209 90
209 93
209 175
209 198
209 206
210 26
210 41
210 43
210 49
210 57
210 70
210 82
210 85
210 116
210 123
210 138
210 141
210 149
210 169
210 183
210 197
210 206
211 2
211 49
211 53
211 74
211 98
211 105
211 125
211 147
211 154
211 175
211 188
212 14
212 16
212 18
212 40
212 46
212 70
212 74
212 76
212 79
212 83
212 88
212 115
212 127
212 135
212 144
212 157
212 177
212 178
212 183
212 188
212 195
212 201
212 203
213 60
213 67
213 86
213 119
213 165
213 172
213 176
214 5
214 16
214 23
214 87
214 125
214 141
214 143
214 147
214 150
214 152
214 190
214 196
214 211
215 1
215 12
215 21
215 32
215 43
215 70
215 82
215 87
215 91
215 96
215 97
215 99
215 100
215 113
215 118
215 122
215 135
215 138
215 145
215 153
215 164
215 172
215 197
215 199
215 204
215 206
215 210
216 5
216 7
216 32
216 37
216 39
216 41
216 44
216 70
216 74
216 89
216 106
216 114
216 120
216 122
216 127
216 135
216 149
216 162
216 168
216 175
216 178
216 190
216 212
217 2
217 4
217 15
217 26
217 41
217 45
217 63
217 64
217 68
217 73
217 75
217 76
217 89
217 98
217 114
217 115
217 120
217 146
217 153
217 156
217 164
217 167
217 175
217 182
218 3
218 4
218 11
218 22
218 32
218 35
218 44
218 61
218 75
218 96
218 99
218 117
218 125
218 133
218 145
218 165
218 170
218 183
219 7
219 32
219 35
219 37
219 41
219 63
219 72
219 73
219 76
219 77
219 87
219 89
219 111
219 113
219 120
219 132
219 149
219 160
219 164
219 175
219 178
219 182
219 184
219 186
219 215
219 216
219 217
220 19
220 43
220 54
220 66
220 84
220 87
220 102
220 128
220 133
220 149
220 156
220 169
220 185
220 200
220 203
220 210
221 7
221 16
221 32
221 39
221 49
221 53
221 89
221 95
221 105
221 107
221 110
221 111
221 125
221 132
221 138
221 164
221 168
221 175
221 178
221 181
221 184
221 187
221 201
221 205
221 211
221 216
221 219
222 4
222 14
222 22
222 32
222 35
222 38
222 45
222 64
222 65
222 76
222 79
222 96
222 99
222 122
222 125
222 128
222 131
222 133
222 145
222 165
222 178
222 181
222 183
222 199
222 206
222 208
222 218
223 32
223 56
223 67
223 115
223 120
223 123
223 136
223 152
223 159
224 2
224 3
224 15
224 22
224 24
224 41
224 45
224 56
224 60
224 64
224 68
224 79
224 114
224 120
224 137
224 181
224 190
224 217
224 222
225 7
225 21
225 38
225 41
225 52
225 61
225 65
225 79
225 111
225 117
225 144
225 152
225 164
225 178
225 184
225 219
225 221
226 11
226 17
226 35
226 54
226 72
226 73
226 77
226 81
226 94
226 98
226 100
226 137
226 153
226 155
226 160
226 162
226 202
226 208
226 219
227 6
227 13
227 100
227 103
227 111
227 189
228 5
228 25
228 32
228 35
228 44
228 53
228 70
228 71
228 106
228 115
228 132
228 134
228 146
228 156
228 162
228 167
228 182
228 187
228 216
228 224
229 11
229 32
229 38
229 74
229 75
229 78
229 87
229 96
229 97
229 112
229 133
229 145
229 147
229 151
229 153
229 158
229 165
229 174
229 192
229 194
229 200
229 215
230 9
230 16
230 23
230 40
230 79
230 87
230 114
230 117
230 177
230 188
230 196
230 201
230 212
230 214
231 15
231 24
231 28
231 47
231 56
231 85
231 137
231 189
231 190
231 205
231 224
232 10
232 30
232 31
232 39
232 42
232 45
232 75
232 77
232 78
232 79
232 102
232 104
232 119
232 124
232 143
232 147
232 150
232 161
232 165
232 168
232 169
232 178
232 181
232 222
232 224
233 12
233 74
233 96
233 105
233 109
233 117
233 118
233 122
233 125
233 135
233 145
233 166
233 172
233 175
233 182
233 199
233 211
233 215
233 221
234 72
234 86
234 88
234 96
234 121
234 130
234 140
234 188
235 4
235 17
235 32
235 35
235 54
235 72
235 81
235 86
235 88
235 94
235 99
235 121
235 133
235 137
235 140
235 188
235 189
235 208
235 218
235 222
235 226
235 227
235 234
236 202
237 49
237 53
237 80
237 91
237 104
237 105
237 125
237 142
237 175
237 183
237 211
237 221
237 233
238 14
238 21
238 25
238 35
238 47
238 53
238 62
238 75
238 81
238 84
238 106
238 110
238 115
238 117
238 123
238 125
238 126
238 132
238 139
238 146
238 151
238 156
238 160
238 166
238 167
238 169
238 170
238 174
238 176
238 179
238 180
238 183
238 191
238 200
238 228
239 1
239 15
239 17
239 18
239 25
239 30
239 39
239 49
239 69
239 76
239 79
239 84
239 86
239 95
239 100
239 115
239 118
239 123
239 135
239 137
239 138
239 139
239 146
239 148
239 157
239 162
239 171
239 185
239 187
239 189
239 200
239 201
239 203
239 205
239 212
240 2
240 7
240 35
240 53
240 55
240 56
240 94
240 115
240 123
240 132
240 146
240 156
240 164
240 167
240 193
240 228
240 238
240 239
241 37
241 65
241 75
241 124
241 143
241 164
241 165
241 170
241 177
241 232
242 14
242 21
242 24
242 26
242 28
242 30
242 46
242 55
242 71
242 78
242 85
242 90
242 113
242 117
242 118
242 127
242 141
242 160
242 169
242 174
242 183
242 194
242 204
243 1
243 17
243 43
243 49
243 53
243 56
243 59
243 84
243 86
243 95
243 115
243 135
243 146
243 148
243 149
243 165
243 171
243 176
243 189
243 205
243 210
243 211
243 217
243 220
243 237
243 239
244 1
244 5
244 16
244 32
244 37
244 42
244 68
244 77
244 86
244 87
244 90
244 95
244 110
244 115
244 136
244 145
244 147
244 148
244 157
244 170
244 171
244 172
244 173
244 176
244 180
244 189
244 196
244 198
244 239
244 243
245 2
245 10
245 18
245 23
245 31
245 39
245 74
245 81
245 87
245 90
245 121
245 124
245 154
245 157
245 173
245 188
245 203
245 211
246 58
246 62
246 100
246 114
246 115
246 220
246 242
247 14
247 21
247 30
247 46
247 62
247 71
247 83
247 84
247 93
247 109
247 113
247 115
247 160
247 176
247 179
247 183
247 194
247 195
247 212
247 238
248 30
248 42
248 54
248 70
248 81
248 82
248 84
248 106
248 110
248 121
248 124
248 125
248 138
248 141
248 147
248 153
248 190
248 193
248 197
248 200
248 202
248 206
248 210
248 211
248 214
248 215
248 238
249 23
249 34
249 71
249 196
249 208
250 2
250 6
250 13
250 19
250 20
250 41
250 47
250 64
250 68
250 76
250 83
250 84
250 87
250 113
250 114
250 120
250 121
250 132
250 133
250 157
250 169
250 174
250 176
250 179
250 185
250 186
250 217
250 219
250 224
251 5
251 17
251 30
251 32
251 37
251 39
251 44
251 45
251 63
251 70
251 73
251 74
251 89
251 106
251 123
251 127
251 135
251 150
251 153
251 162
251 164
251 175
251 178
251 182
251 205
251 208
251 212
251 216
251 217
251 219
251 228
251 239
252 1
252 17
252 32
252 54
252 81
252 84
252 94
252 96
252 106
252 110
252 121
252 124
252 133
252 141
252 145
252 158
252 174
252 193
252 200
252 208
252 226
252 229
252 235
252 238
252 248
253 8
253 9
253 10
253 36
253 37
253 42
253 46
253 63
253 77
253 99
253 112
253 131
253 145
253 155
253 173
253 180
253 182
253 189
253 195
253 198
253 199
253 206
253 244
254 11
254 33
254 49
254 53
254 72
254 95
254 97
254 98
254 105
254 107
254 132
254 138
254 150
254 153
254 181
254 185
254 187
254 199
254 201
254 202
254 221
254 226
255 3
255 4
255 22
255 25
255 63
255 71
255 73
255 74
255 89
255 97
255 134
255 138
255 147
255 149
255 153
255 158
255 161
255 175
255 182
255 200
255 217
255 219
255 228
255 229
255 251
256 23
256 30
256 38
256 45
256 102
256 139
256 142
256 153
256 183
256 190
256 192
256 200
256 202
256 248
257 36
257 157
257 181
257 200
258 2
258 7
258 55
258 70
258 74
258 111
258 112
258 124
258 127
258 135
258 143
258 154
258 164
258 165
258 178
258 184
258 188
258 193
258 211
258 212
258 216
258 219
258 221
258 225
258 232
258 240
258 241
258 245
258 251
259 14
259 31
259 46
259 72
259 83
259 86
259 88
259 105
259 115
259 121
259 140
259 183
259 188
259 195
259 212
259 234
259 235
259 247
260 10
260 11
260 14
260 17
260 30
260 39
260 46
260 54
260 72
260 78
260 81
260 83
260 94
260 98
260 104
260 115
260 136
260 147
260 153
260 161
260 169
260 178
260 183
260 195
260 202
260 208
260 212
260 226
260 232
260 235
260 247
260 252
260 254
260 259
261 8
261 10
261 30
261 39
261 45
261 46
261 63
261 72
261 77
261 78
261 86
261 88
261 104
261 112
261 115
261 119
261 121
261 131
261 140
261 147
261 155
261 161
261 167
261 169
261 178
261 188
261 199
261 232
261 234
261 235
261 253
261 259
261 260
262 14
262 18
262 58
262 72
262 74
262 86
262 88
262 108
262 109
262 117
262 121
262 140
262 166
262 182
262 188
262 191
262 198
262 201
262 204
262 206
262 233
262 234
262 235
262 259
262 261
263 1
263 14
263 25
263 42
263 49
263 57
263 62
263 100
263 116
263 123
263 137
263 139
263 146
263 151
263 162
263 170
263 180
263 183
263 191
263 200
263 210
263 226
263 238
263 239
264 2
264 13
264 14
264 25
264 46
264 62
264 66
264 71
264 80
264 83
264 100
264 115
264 134
264 139
264 151
264 170
264 180
264 182
264 183
264 191
264 195
264 212
264 227
264 228
264 238
264 247
264 255
264 259
264 260
264 263
265 1
265 6
265 18
265 21
265 24
265 58
265 62
265 76
265 79
265 88
265 111
265 129
265 135
265 137
265 144
265 157
265 191
265 200
265 201
265 203
265 204
265 208
265 212
265 239
265 252
265 262
266 3
266 23
266 35
266 44
266 45
266 49
266 53
266 79
266 124
266 136
266 142
266 143
266 165
266 181
266 183
266 192
266 211
266 222
266 224
266 232
266 237
266 241
266 243
266 256
266 258
267 2
267 5
267 6
267 16
267 32
267 41
267 47
267 64
267 68
267 70
267 82
267 83
267 94
267 114
267 115
267 120
267 133
267 136
267 138
267 158
267 169
267 172
267 173
267 174
267 184
267 185
267 197
267 206
267 210
267 215
267 217
267 224
267 244
267 248
267 250
268 5
268 9
268 18
268 24
268 30
268 36
268 49
268 55
268 76
268 79
268 112
268 135
268 157
268 168
268 189
268 201
268 203
268 204
268 207
268 212
268 239
268 261
268 265
269 5
269 16
269 17
269 21
269 30
269 32
269 37
269 38
269 40
269 41
269 52
269 61
269 65
269 71
269 105
269 109
269 113
269 115
269 117
269 125
269 144
269 152
269 168
269 172
269 173
269 175
269 208
269 211
269 221
269 225
269 233
269 237
269 244
269 247
269 251
269 267
270 1
270 5
270 12
270 13
270 17
270 18
270 19
270 20
270 32
270 37
270 44
270 67
270 70
270 71
270 84
270 86
270 87
270 93
270 95
270 104
270 106
270 110
270 113
270 115
270 119
270 121
270 127
270 139
270 144
270 148
270 157
270 162
270 171
270 176
270 179
270 183
270 189
270 194
270 196
270 198
270 208
270 216
270 228
270 239
270 243
270 244
270 247
270 250
270 251
270 269
271 12
271 27
271 95
271 96
271 118
271 122
271 124
271 135
271 145
271 172
271 199
271 200
271 215
271 233
272 1
272 10
272 19
272 54
272 66
272 82
272 84
272 86
272 87
272 95
272 102
272 104
272 115
272 128
272 133
272 148
272 169
272 171
272 185
272 189
272 191
272 200
272 203
272 220
272 223
272 238
272 239
272 243
272 244
272 270
273 11
273 21
273 22
273 30
273 62
273 71
273 74
273 75
273 84
273 109
273 113
273 160
273 176
273 179
273 238
273 247
273 269
274 11
274 32
274 56
274 67
274 72
274 98
274 104
274 110
274 120
274 123
274 136
274 142
274 153
274 183
274 196
274 202
274 203
274 223
274 226
274 237
274 254
274 260
275 11
275 21
275 32
275 46
275 55
275 69
275 75
275 78
275 87
275 96
275 109
275 112
275 113
275 118
275 133
275 136
275 145
275 151
275 158
275 174
275 192
275 194
275 229
275 242
275 244
275 247
275 252
275 269
275 273
276 2
276 25
276 37
276 41
276 42
276 64
276 68
276 71
276 74
276 77
276 114
276 120
276 134
276 145
276 154
276 173
276 180
276 182
276 188
276 198
276 211
276 217
276 224
276 228
276 244
276 245
276 250
276 253
276 255
276 257
276 258
276 264
276 267
277 14
277 38
277 105
277 108
277 122
277 125
277 175
277 206
277 208
277 211
277 221
277 222
277 233
277 237
277 269
278 11
278 15
278 17
278 49
278 62
278 69
278 72
278 75
278 78
278 84
278 100
278 112
278 118
278 137
278 138
278 139
278 151
278 165
278 166
278 176
278 185
278 187
278 192
278 194
278 200
278 205
278 229
278 238
278 239
278 243
278 275
279 28
279 33
279 37
279 42
279 43
279 77
279 80
279 126
279 145
279 148
279 173
279 175
279 180
279 198
279 244
279 253
279 261
279 268
279 276
280 21
280 36
280 47
280 58
280 62
280 77
280 99
280 111
280 114
280 117
280 119
280 125
280 126
280 133
280 137
280 169
280 189
280 195
280 206
280 215
280 224
280 238
280 253
281 31
281 75
281 102
281 104
281 142
281 168
281 180
281 183
281 232
281 237
281 238
281 274
282 3
282 4
282 14
282 25
282 26
282 31
282 35
282 37
282 44
282 45
282 46
282 50
282 62
282 78
282 83
282 89
282 98
282 136
282 139
282 140
282 142
282 151
282 170
282 173
282 180
282 183
282 188
282 191
282 238
282 245
282 256
282 259
282 263
282 264
282 266
283 2
283 41
283 49
283 53
283 64
283 68
283 95
283 100
283 105
283 107
283 114
283 120
283 122
283 132
283 138
283 175
283 181
283 187
283 201
283 204
283 216
283 217
283 221
283 224
283 227
283 246
283 250
283 254
283 267
283 276
284 4
284 23
284 32
284 45
284 96
284 125
284 142
284 145
284 157
284 160
284 165
284 176
284 183
284 192
284 198
284 218
284 222
284 256
284 266
285 21
285 27
285 49
285 53
285 62
285 72
285 80
285 84
285 86
285 88
285 112
285 121
285 138
285 140
285 149
285 154
285 158
285 160
285 166
285 168
285 176
285 179
285 188
285 202
285 211
285 234
285 235
285 237
285 238
285 243
285 247
285 259
285 261
285 262
285 266
285 273
285 274
286 5
286 30
286 36
286 49
286 55
286 62
286 79
286 110
286 112
286 117
286 125
286 126
286 168
286 169
286 189
286 207
286 222
286 230
286 238
286 268
286 280
287 10
287 18
287 23
287 39
287 53
287 58
287 76
287 81
287 84
287 87
287 90
287 105
287 106
287 110
287 121
287 123
287 124
287 125
287 132
287 146
287 157
287 175
287 186
287 201
287 211
287 219
287 221
287 233
287 237
287 238
287 240
287 245
287 248
287 250
287 252
287 269
287 277
288 4
288 13
288 14
288 17
288 19
288 20
288 26
288 31
288 36
288 37
288 84
288 87
288 89
288 98
288 105
288 113
288 121
288 125
288 157
288 175
288 176
288 179
288 181
288 191
288 200
288 208
288 211
288 221
288 233
288 237
288 250
288 251
288 257
288 262
288 269
288 270
288 277
288 282
288 287
289 8
289 21
289 30
289 55
289 87
289 113
289 118
289 174
289 215
289 219
289 242
289 275
290 22
290 37
290 42
290 61
290 75
290 78
290 79
290 83
290 124
290 131
290 139
290 143
290 151
290 162
290 164
290 165
290 183
290 189
290 204
290 222
290 232
290 241
290 258
290 263
290 266
290 282
291 1
291 2
291 7
291 55
291 164
291 193
291 200
291 208
291 240
291 252
291 258
291 265
291 280
292 33
292 131
292 164
293 1
293 32
293 36
293 43
293 76
293 86
293 87
293 95
293 97
293 100
293 110
293 115
293 136
293 148
293 153
293 154
293 155
293 157
293 164
293 171
293 176
293 181
293 189
293 196
293 197
293 198
293 200
293 204
293 215
293 239
293 243
293 244
293 257
293 270
293 272
293 275
293 288
294 5
294 43
294 58
294 68
294 95
294 147
294 149
294 163
294 167
294 182
294 185
294 196
294 210
294 220
294 243
294 275
294 283
295 12
295 14
295 17
295 93
295 119
295 127
295 134
295 144
295 208
295 216
295 270
296 10
296 14
296 18
296 23
296 36
296 39
296 46
296 59
296 67
296 81
296 83
296 87
296 90
296 109
296 113
296 115
296 121
296 124
296 138
296 157
296 168
296 181
296 183
296 195
296 200
296 212
296 245
296 247
296 257
296 259
296 260
296 264
296 269
296 273
296 275
296 287
296 288
296 293
297 8
297 10
297 34
297 46
297 62
297 63
297 77
297 84
297 98
297 112
297 124
297 131
297 155
297 166
297 199
297 200
297 238
297 253
297 261
297 271
297 278
298 17
298 26
298 30
298 39
298 85
298 90
298 100
298 122
298 123
298 127
298 129
298 137
298 141
298 162
298 165
298 176
298 183
298 194
298 205
298 219
298 226
298 239
298 242
298 243
298 251
298 263
298 278
299 21
299 37
299 42
299 60
299 67
299 70
299 75
299 77
299 93
299 99
299 127
299 135
299 145
299 160
299 173
299 176
299 180
299 198
299 213
299 215
299 238
299 244
299 250
299 251
299 253
299 276
299 279
299 280
299 281
300 10
300 11
300 18
300 58
300 72
300 82
300 98
300 104
300 142
300 148
300 153
300 171
300 183
300 189
300 191
300 201
300 202
300 204
300 226
300 237
300 254
300 260
300 262
300 265
300 272
300 274
300 281
300 289
301 4
301 6
301 8
301 14
301 17
301 20
301 32
301 37
301 38
301 42
301 45
301 47
301 54
301 77
301 79
301 96
301 119
301 122
301 125
301 128
301 130
301 132
301 145
301 161
301 165
301 173
301 176
301 178
301 180
301 183
301 184
301 188
301 198
301 199
301 205
301 206
301 208
301 218
301 222
301 243
301 244
301 245
301 253
301 276
301 277
301 278
301 279
301 284
301 298
301 299
302 7
302 16
302 53
302 84
302 96
302 110
302 115
302 130
302 163
302 205
302 216
302 221
302 234
302 239
302 243
302 253
303 14
303 38
303 67
303 104
303 122
303 125
303 150
303 172
303 176
303 206
303 208
303 222
303 251
303 270
303 277
303 292
303 301
304 3
304 21
304 23
304 35
304 38
304 41
304 44
304 45
304 52
304 61
304 65
304 81
304 84
304 106
304 110
304 117
304 136
304 142
304 144
304 152
304 183
304 192
304 225
304 238
304 248
304 252
304 256
304 266
304 269
304 282
304 284
304 287
305 23
305 45
305 49
305 57
305 68
305 74
305 76
305 109
305 116
305 117
305 132
305 142
305 147
305 166
305 182
305 183
305 186
305 192
305 204
305 210
305 219
305 233
305 244
305 250
305 256
305 262
305 263
305 266
305 284
305 287
305 304
306 12
306 17
306 37
306 70
306 73
306 76
306 82
306 87
306 88
306 93
306 105
306 113
306 119
306 125
306 127
306 129
306 138
306 144
306 154
306 175
306 190
306 197
306 200
306 206
306 208
306 210
306 211
306 215
306 219
306 221
306 233
306 237
306 248
306 251
306 267
306 269
306 270
306 277
306 287
306 288
306 289
306 293
306 295
307 5
307 26
307 32
307 35
307 44
307 48
307 53
307 70
307 90
307 106
307 115
307 132
307 138
307 146
307 156
307 162
307 167
307 209
307 216
307 228
307 238
307 240
307 251
307 270
308 22
308 45
308 79
308 102
308 131
308 181
308 183
308 207
308 222
308 224
308 232
308 266
308 290
309 20
309 26
309 30
309 81
309 85
309 90
309 100
309 115
309 127
309 137
309 141
309 153
309 162
309 183
309 190
309 194
309 200
309 202
309 226
309 242
309 248
309 256
309 263
309 298
310 23
310 28
310 34
310 58
310 71
310 137
310 189
310 196
310 231
310 249
310 287
311 5
311 16
311 21
311 32
311 82
311 84
311 99
311 105
311 115
311 172
311 173
311 215
311 239
311 243
311 244
311 267
311 269
311 280
311 299
311 302
312 5
312 18
312 23
312 36
312 76
312 79
312 135
312 141
312 152
312 154
312 157
312 181
312 190
312 196
312 197
312 200
312 201
312 203
312 212
312 214
312 239
312 257
312 265
312 268
312 288
312 293
312 296
312 301
312 306
313 4
313 6
313 8
313 21
313 25
313 32
313 36
313 38
313 41
313 45
313 47
313 52
313 54
313 55
313 61
313 65
313 66
313 76
313 80
313 87
313 96
313 117
313 119
313 125
313 130
313 132
313 144
313 145
313 152
313 157
313 161
313 165
313 169
313 181
313 183
313 185
313 199
313 200
313 203
313 218
313 220
313 222
313 225
313 234
313 257
313 269
313 272
313 284
313 288
313 293
313 296
313 301
313 304
313 312
314 3
314 22
314 32
314 56
314 67
314 85
314 120
314 123
314 136
314 223
314 255
314 274
315 36
315 42
315 59
315 79
315 116
315 138
315 157
315 168
315 172
315 181
315 184
315 200
315 206
315 232
315 257
315 288
315 290
315 293
315 296
315 303
315 312
315 313
316 10
316 21
316 30
316 39
316 50
316 55
316 57
316 78
316 104
316 109
316 113
316 118
316 142
316 147
316 161
316 169
316 174
316 178
316 183
316 203
316 232
316 237
316 242
316 247
316 260
316 261
316 269
316 273
316 274
316 275
316 281
316 289
316 296
316 300
317 7
317 111
317 128
317 164
317 178
317 184
317 219
317 221
317 222
317 225
317 231
317 258
317 268
317 301
318 6
318 8
318 11
318 26
318 45
318 47
318 54
318 90
318 119
318 130
318 161
318 199
318 202
318 209
318 301
318 307
318 313
319 7
319 14
319 16
319 35
319 38
319 53
319 100
319 110
319 115
319 122
319 123
319 125
319 132
319 137
319 146
319 150
319 156
319 162
319 167
319 205
319 206
319 208
319 221
319 222
319 226
319 228
319 238
319 240
319 263
319 277
319 287
319 298
319 301
319 302
319 303
319 307
319 309
320 1
320 2
320 9
320 19
320 41
320 45
320 53
320 64
320 68
320 72
320 79
320 91
320 94
320 98
320 113
320 114
320 120
320 123
320 124
320 146
320 162
320 181
320 217
320 222
320 224
320 232
320 238
320 240
320 250
320 266
320 267
320 271
320 276
320 283
320 287
320 297
320 308
320 319
321 23
321 34
321 71
321 75
321 122
321 196
321 205
321 212
321 238
321 249
321 281
321 299
321 310
322 15
322 24
322 43
322 49
322 53
322 56
322 63
322 75
322 135
322 137
322 149
322 190
322 210
322 211
322 220
322 224
322 231
322 237
322 238
322 243
322 266
322 281
322 285
322 294
322 299
322 321
323 4
323 7
323 12
323 21
323 25
323 32
323 54
323 56
323 67
323 76
323 80
323 94
323 96
323 99
323 104
323 111
323 120
323 123
323 132
323 136
323 142
323 164
323 178
323 183
323 184
323 186
323 215
323 219
323 221
323 223
323 225
323 237
323 250
323 258
323 274
323 280
323 281
323 287
323 299
323 300
323 305
323 311
323 313
323 314
323 316
323 317
324 4
324 32
324 88
324 96
324 115
324 125
324 137
324 145
324 165
324 183
324 208
324 218
324 222
324 235
324 284
324 301
324 302
324 305
324 313
325 2
325 13
325 14
325 38
325 59
325 66
325 122
325 125
325 164
325 206
325 208
325 222
325 246
325 264
325 269
325 277
325 301
325 303
325 319
326 1
326 2
326 7
326 15
326 32
326 43
326 49
326 55
326 69
326 97
326 100
326 118
326 137
326 138
326 153
326 164
326 185
326 187
326 193
326 204
326 215
326 239
326 240
326 258
326 278
326 291
326 293
327 38
327 170
327 196
327 218
327 244
327 308
328 4
328 23
328 34
328 47
328 62
328 63
328 69
328 71
328 75
328 76
328 89
328 98
328 105
328 115
328 125
328 141
328 156
328 159
328 167
328 175
328 196
328 205
328 211
328 217
328 221
328 233
328 237
328 249
328 269
328 277
328 287
328 288
328 306
328 310
328 321
329 5
329 10
329 18
329 36
329 53
329 68
329 70
329 71
329 77
329 82
329 100
329 122
329 123
329 131
329 138
329 146
329 157
329 189
329 193
329 195
329 197
329 206
329 210
329 215
329 217
329 238
329 240
329 243
329 248
329 253
329 267
329 270
329 280
329 287
329 306
329 319
329 320
330 7
330 8
330 10
330 16
330 41
330 46
330 53
330 63
330 77
330 84
330 94
330 110
330 112
330 115
330 131
330 134
330 155
330 199
330 205
330 221
330 239
330 243
330 253
330 261
330 297
330 302
330 311
330 319
331 7
331 32
331 65
331 96
331 111
331 124
331 133
331 139
331 143
331 145
331 158
331 162
331 164
331 170
331 174
331 178
331 184
331 219
331 221
331 225
331 229
331 252
331 258
331 263
331 275
331 290
331 317
331 323
332 13
332 19
332 20
332 21
332 54
332 84
332 85
332 87
332 99
332 100
332 113
332 114
332 121
332 124
332 141
332 157
332 176
332 179
332 193
332 215
332 246
332 248
332 250
332 252
332 270
332 280
332 283
332 288
332 299
332 311
332 323
333 2
333 15
333 24
333 41
333 44
333 56
333 64
333 68
333 97
333 112
333 114
333 120
333 131
333 134
333 137
333 190
333 217
333 224
333 231
333 250
333 267
333 276
333 283
333 320
333 322
333 330
334 1
334 5
334 17
334 31
334 32
334 37
334 43
334 53
334 68
334 75
334 97
334 100
334 102
334 122
334 123
334 131
334 147
334 153
334 163
334 164
334 165
334 168
334 173
334 176
334 182
334 193
334 196
334 204
334 205
334 215
334 232
334 241
334 243
334 245
334 278
334 281
334 282
334 290
334 293
334 294
334 298
334 301
334 326
334 329
335 12
335 16
335 17
335 23
335 34
335 71
335 93
335 106
335 113
335 119
335 127
335 144
335 184
335 196
335 208
335 249
335 267
335 270
335 295
335 306
335 310
335 321
335 328
336 13
336 15
336 47
336 49
336 69
336 100
336 118
336 128
336 137
336 138
336 148
336 162
336 178
336 185
336 187
336 220
336 222
336 226
336 227
336 239
336 263
336 264
336 278
336 298
336 301
336 309
336 317
336 319
336 326
337 14
337 30
337 46
337 71
337 78
337 83
337 117
337 151
337 168
337 169
337 176
337 204
337 242
337 281
337 282
337 290
337 296
337 315
338 1
338 4
338 19
338 20
338 27
338 94
338 97
338 121
338 150
338 153
338 185
338 199
338 200
338 208
338 252
338 254
338 265
338 291
339 4
339 62
339 63
339 70
339 75
339 76
339 82
339 89
339 98
339 115
339 138
339 141
339 156
339 167
339 197
339 205
339 206
339 208
339 210
339 215
339 217
339 223
339 230
339 248
339 267
339 306
339 320
339 328
339 329
340 5
340 32
340 56
340 67
340 68
340 74
340 81
340 84
340 106
340 110
340 120
340 122
340 123
340 131
340 133
340 136
340 152
340 157
340 165
340 171
340 176
340 193
340 223
340 238
340 248
340 252
340 261
340 268
340 274
340 279
340 287
340 304
340 314
340 323
340 329
340 334
340 336
341 3
341 5
341 7
341 22
341 30
341 33
341 36
341 49
341 55
341 97
341 112
341 150
341 153
341 164
341 168
341 185
341 189
341 190
341 199
341 200
341 202
341 207
341 248
341 254
341 255
341 256
341 268
341 286
341 292
341 309
341 314
341 338
342 7
342 111
342 124
342 143
342 164
342 170
342 178
342 184
342 219
342 221
342 225
342 233
342 258
342 317
342 323
342 331
343 7
343 10
343 16
343 25
343 45
343 53
343 71
343 74
343 76
343 77
343 84
343 109
343 110
343 115
343 117
343 119
343 134
343 154
343 161
343 166
343 182
343 197
343 200
343 205
343 221
343 228
343 232
343 233
343 239
343 243
343 255
343 261
343 262
343 264
343 276
343 293
343 302
343 305
343 306
343 311
343 312
343 319
343 330
344 25
344 30
344 72
344 86
344 88
344 115
344 121
344 140
344 153
344 188
344 190
344 200
344 202
344 205
344 234
344 235
344 248
344 256
344 258
344 259
344 261
344 262
344 273
344 280
344 285
344 295
344 309
344 341
345 1
345 22
345 32
345 37
345 41
345 43
345 56
345 74
345 93
345 97
345 100
345 109
345 117
345 131
345 146
345 153
345 164
345 166
345 182
345 183
345 204
345 209
345 215
345 222
345 229
345 233
345 262
345 290
345 293
345 305
345 308
345 311
345 326
345 334
345 343
346 4
346 6
346 47
346 54
346 66
346 72
346 80
346 83
346 87
346 94
346 97
346 133
346 150
346 153
346 162
346 169
346 174
346 177
346 185
346 199
346 200
346 203
346 220
346 250
346 254
346 267
346 272
346 313
346 338
346 341
347 36
347 193
347 208
348 45
348 59
348 79
348 112
348 149
348 150
348 161
348 181
348 222
348 224
348 232
348 239
348 266
348 308
348 314
348 320
348 329
349 12
349 17
349 22
349 75
349 78
349 83
349 87
349 93
349 119
349 121
349 127
349 131
349 144
349 151
349 183
349 188
349 203
349 208
349 222
349 245
349 255
349 270
349 282
349 290
349 295
349 306
349 308
349 335
349 337
349 345
350 31
350 75
350 102
350 159
350 168
350 211
350 232
350 281
350 301
350 334
351 9
351 10
351 28
351 74
351 84
351 115
351 133
351 137
351 152
351 157
351 165
351 176
351 189
351 208
351 223
351 227
351 235
351 324
351 332
351 340
352 2
352 14
352 21
352 25
352 62
352 74
352 78
352 90
352 99
352 139
352 151
352 154
352 170
352 180
352 183
352 188
352 191
352 206
352 209
352 211
352 215
352 238
352 245
352 258
352 263
352 264
352 273
352 276
352 280
352 282
352 299
352 311
352 323
352 332
352 348
353 34
353 46
353 50
353 57
353 109
353 162
353 282
354 16
354 40
354 53
354 75
354 79
354 118
354 123
354 146
354 177
354 188
354 201
354 212
354 230
354 238
354 240
354 281
354 287
354 299
354 319
354 320
354 321
354 322
354 329
355 2
355 9
355 28
355 74
355 81
355 137
355 148
355 154
355 188
355 189
355 194
355 209
355 211
355 245
355 258
355 276
355 351
355 352
356 3
356 12
356 17
356 22
356 27
356 49
356 60
356 80
356 93
356 112
356 119
356 127
356 138
356 144
356 149
356 158
356 166
356 168
356 202
356 208
356 224
356 270
356 285
356 295
356 306
356 335
356 349
357 7
357 16
357 20
357 21
357 32
357 37
357 53
357 56
357 67
357 75
357 97
357 99
357 110
357 120
357 121
357 123
357 124
357 136
357 143
357 146
357 150
357 153
357 164
357 165
357 185
357 199
357 205
357 215
357 221
357 223
357 232
357 238
357 240
357 241
357 254
357 258
357 266
357 274
357 280
357 287
357 290
357 299
357 302
357 311
357 314
357 319
357 320
357 323
357 329
357 330
357 332
357 334
357 338
357 340
357 341
357 343
357 346
357 352
357 354
358 14
358 16
358 33
358 40
358 46
358 79
358 83
358 115
358 126
358 175
358 177
358 183
358 188
358 195
358 201
358 212
358 230
358 247
358 259
358 260
358 264
358 279
358 296
358 317
358 354
359 5
359 8
359 10
359 12
359 25
359 30
359 36
359 46
359 48
359 49
359 55
359 63
359 77
359 96
359 112
359 115
359 118
359 122
359 130
359 131
359 135
359 145
359 146
359 155
359 168
359 172
359 189
359 191
359 199
359 205
359 207
359 215
359 233
359 253
359 261
359 262
359 268
359 271
359 285
359 286
359 288
359 295
359 297
359 330
359 341
359 356
360 1
360 19
360 123
360 124
360 139
360 146
360 162
360 200
360 217
360 239
360 243
360 244
360 263
360 326
360 329
360 341
360 349
360 359
361 2
361 19
361 21
361 41
361 53
361 64
361 66
361 68
361 70
361 82
361 84
361 87
361 99
361 102
361 113
361 114
361 120
361 123
361 128
361 133
361 138
361 146
361 197
361 200
361 206
361 210
361 215
361 217
361 219
361 220
361 224
361 229
361 238
361 240
361 248
361 250
361 267
361 272
361 276
361 280
361 283
361 287
361 289
361 299
361 306
361 311
361 319
361 320
361 323
361 329
361 332
361 333
361 339
361 352
361 354
361 357
362 1
362 28
362 51
362 66
362 118
362 200
362 208
362 252
362 265
362 291
362 298
362 338
363 32
363 36
363 37
363 41
363 77
363 120
363 149
363 189
363 195
363 206
363 216
363 219
363 239
363 253
363 280
363 329
363 352
364 5
364 21
364 32
364 44
364 70
364 76
364 98
364 99
364 106
364 125
364 132
364 162
364 186
364 203
364 211
364 215
364 216
364 218
364 219
364 228
364 250
364 251
364 270
364 280
364 287
364 299
364 305
364 307
364 311
364 316
364 323
364 332
364 352
364 357
364 361
365 4
365 6
365 8
365 17
365 26
365 31
365 37
365 42
365 45
365 47
365 49
365 53
365 54
365 69
365 77
365 89
365 98
365 119
365 121
365 124
365 128
365 130
365 141
365 145
365 161
365 165
365 173
365 176
365 178
365 180
365 193
365 198
365 199
365 205
365 211
365 222
365 237
365 243
365 244
365 248
365 252
365 253
365 266
365 276
365 278
365 279
365 282
365 285
365 288
365 298
365 299
365 301
365 313
365 317
365 318
365 322
365 332
365 334
365 336
366 13
366 14
366 19
366 20
366 25
366 30
366 46
366 62
366 71
366 78
366 84
366 87
366 113
366 117
366 121
366 129
366 139
366 145
366 151
366 152
366 157
366 166
366 169
366 170
366 176
366 179
366 180
366 183
366 191
366 200
366 204
366 238
366 242
366 250
366 263
366 264
366 265
366 270
366 278
366 282
366 288
366 297
366 332
366 337
366 352
367 3
367 4
367 32
367 36
367 49
367 57
367 77
367 93
367 96
367 101
367 116
367 125
367 145
367 165
367 183
367 189
367 195
367 206
367 210
367 218
367 221
367 222
367 253
367 263
367 280
367 284
367 301
367 305
367 313
367 324
367 326
367 329
367 341
367 363
368 3
368 34
368 35
368 44
368 45
368 65
368 72
368 73
368 74
368 77
368 97
368 124
368 136
368 142
368 153
368 160
368 165
368 166
368 214
368 219
368 226
368 266
368 271
368 282
368 297
368 304
368 320
369 2
369 8
369 10
369 18
369 28
369 46
369 47
369 51
369 63
369 74
369 76
369 77
369 79
369 100
369 111
369 112
369 131
369 133
369 135
369 137
369 148
369 154
369 155
369 157
369 188
369 199
369 201
369 203
369 211
369 212
369 239
369 245
369 253
369 258
369 261
369 265
369 268
369 276
369 280
369 297
369 312
369 330
369 336
369 352
369 355
369 359
369 362
370 14
370 30
370 46
370 62
370 71
370 78
370 84
370 96
370 104
370 117
370 166
370 169
370 200
370 204
370 238
370 242
370 278
370 297
370 337
370 366
371 4
371 33
371 37
371 42
371 47
371 58
371 63
371 75
371 76
371 77
371 89
371 98
371 111
371 114
371 115
371 126
371 145
371 156
371 164
371 167
371 173
371 175
371 180
371 198
371 217
371 241
371 244
371 253
371 276
371 279
371 280
371 290
371 299
371 301
371 328
371 334
371 339
371 357
371 358
371 365
372 5
372 30
372 46
372 68
372 110
372 122
372 123
372 131
372 153
372 190
372 193
372 200
372 202
372 248
372 256
372 309
372 329
372 334
372 338
372 340
372 341
372 344
373 2
373 21
373 74
373 85
373 99
373 141
373 154
373 188
373 189
373 211
373 215
373 227
373 235
373 245
373 258
373 276
373 279
373 280
373 299
373 311
373 323
373 332
373 351
373 352
373 355
373 357
373 361
373 364
373 369
374 22
374 23
374 34
374 40
374 49
374 57
374 71
374 78
374 83
374 110
374 116
374 131
374 150
374 151
374 157
374 172
374 176
374 183
374 196
374 198
374 206
374 210
374 222
374 244
374 249
374 251
374 263
374 270
374 282
374 290
374 293
374 303
374 305
374 308
374 310
374 315
374 321
374 328
374 335
374 337
374 345
374 349
374 367
375 2
375 14
375 23
375 33
375 34
375 49
375 71
375 74
375 154
375 161
375 164
375 188
375 196
375 211
375 245
375 249
375 258
375 262
375 276
375 288
375 292
375 310
375 321
375 328
375 335
375 341
375 352
375 355
375 369
375 373
375 374
376 5
376 12
376 17
376 68
376 93
376 102
376 110
376 119
376 122
376 123
376 127
376 131
376 144
376 193
376 208
376 230
376 270
376 295
376 306
376 329
376 334
376 335
376 340
376 349
376 350
376 356
376 372
377 30
377 43
377 81
377 87
377 113
377 115
377 133
377 149
377 153
377 186
377 190
377 200
377 202
377 210
377 215
377 219
377 220
377 243
377 248
377 256
377 289
377 294
377 306
377 309
377 313
377 322
377 341
377 344
377 361
377 372
378 37
378 52
378 72
378 74
378 75
378 84
378 86
378 88
378 109
378 117
378 121
378 133
378 140
378 152
378 157
378 164
378 165
378 166
378 176
378 182
378 188
378 233
378 234
378 235
378 241
378 259
378 261
378 262
378 285
378 290
378 305
378 334
378 340
378 343
378 344
378 345
378 351
378 357
378 371
379 1
379 15
379 46
379 50
379 105
379 113
379 125
379 128
379 175
379 178
379 195
379 200
379 208
379 211
379 221
379 222
379 233
379 237
379 252
379 265
379 269
379 277
379 282
379 287
379 288
379 291
379 301
379 306
379 317
379 328
379 336
379 338
379 353
379 362
379 365
380 14
380 30
380 32
380 46
380 56
380 67
380 71
380 78
380 84
380 100
380 104
380 117
380 120
380 123
380 136
380 137
380 142
380 162
380 169
380 183
380 189
380 203
380 204
380 223
380 226
380 237
380 242
380 263
380 274
380 281
380 298
380 300
380 309
380 314
380 316
380 319
380 323
380 336
380 337
380 340
380 357
380 364
380 366
380 370
381 35
381 40
381 54
381 55
381 58
381 72
381 73
381 77
381 160
381 167
381 219
381 226
381 257
381 265
381 294
381 368
382 18
382 108
382 341
382 356
382 378
383 5
383 30
383 36
383 49
383 55
383 87
383 112
383 168
383 189
383 192
383 207
383 215
383 229
383 268
383 286
383 312
383 341
383 359
383 361
384 58
384 96
384 145
384 163
384 260
384 287
384 310
384 350
385 7
385 14
385 21
385 38
385 41
385 49
385 52
385 53
385 58
385 61
385 65
385 95
385 105
385 107
385 111
385 117
385 132
385 134
385 138
385 144
385 152
385 164
385 167
385 178
385 181
385 184
385 187
385 201
385 219
385 221
385 225
385 254
385 258
385 269
385 283
385 294
385 304
385 313
385 317
385 323
385 331
385 342
385 381
386 42
386 43
386 52
386 79
386 142
386 149
386 210
386 220
386 232
386 243
386 290
386 294
386 315
386 322
386 377
387 14
387 46
387 83
387 115
387 166
387 183
387 195
387 212
387 247
387 259
387 260
387 263
387 264
387 296
387 358
388 14
388 15
388 21
388 24
388 30
388 46
388 56
388 71
388 78
388 111
388 114
388 117
388 137
388 160
388 169
388 190
388 204
388 224
388 231
388 242
388 265
388 294
388 322
388 333
388 337
388 366
388 370
388 380
388 384
389 7
389 16
389 42
389 53
389 79
389 93
389 110
389 112
389 116
389 145
389 205
389 221
389 232
389 290
389 302
389 315
389 319
389 330
389 343
389 357
389 386
390 49
390 86
390 157
390 176
390 198
390 266
390 284
390 289
390 356
391 117
392 18
392 23
392 34
392 58
392 71
392 75
392 96
392 145
392 148
392 189
392 191
392 196
392 201
392 204
392 238
392 249
392 262
392 265
392 281
392 299
392 300
392 310
392 321
392 322
392 328
392 335
392 336
392 354
392 355
392 374
392 375
392 384
393 5
393 12
393 16
393 21
393 32
393 38
393 41
393 47
393 52
393 58
393 61
393 65
393 96
393 111
393 114
393 115
393 117
393 118
393 122
393 135
393 144
393 145
393 146
393 152
393 172
393 173
393 199
393 215
393 225
393 233
393 244
393 267
393 269
393 271
393 277
393 280
393 304
393 311
393 313
393 359
393 360
393 371
393 385
394 23
394 30
394 35
394 70
394 72
394 73
394 77
394 82
394 138
394 153
394 160
394 190
394 197
394 200
394 202
394 206
394 210
394 215
394 219
394 226
394 248
394 256
394 267
394 306
394 309
394 329
394 339
394 341
394 344
394 353
394 361
394 368
394 372
394 377
394 381
395 7
395 111
395 164
395 178
395 184
395 219
395 221
395 225
395 258
395 317
395 323
395 331
395 339
395 342
395 385
396 5
396 63
396 68
396 70
396 73
396 74
396 89
396 92
396 109
396 117
396 147
396 163
396 166
396 175
396 182
396 196
396 217
396 219
396 233
396 251
396 255
396 262
396 294
396 295
396 305
396 334
396 343
396 345
396 362
396 378
397 1
397 5
397 17
397 26
397 30
397 33
397 39
397 47
397 53
397 58
397 68
397 85
397 111
397 114
397 122
397 123
397 126
397 131
397 139
397 141
397 146
397 150
397 162
397 175
397 193
397 200
397 205
397 210
397 238
397 239
397 240
397 251
397 263
397 279
397 280
397 287
397 298
397 303
397 319
397 320
397 329
397 334
397 340
397 354
397 357
397 358
397 359
397 360
397 361
397 371
397 372
397 374
397 376
397 393
398 16
398 31
398 64
398 75
398 102
398 154
398 168
398 170
398 181
398 207
398 222
398 232
398 244
398 281
398 327
398 334
398 335
398 350
399 5
399 16
399 17
399 23
399 32
399 44
399 49
399 53
399 68
399 70
399 73
399 74
399 95
399 105
399 106
399 107
399 115
399 122
399 123
399 127
399 128
399 131
399 132
399 135
399 138
399 141
399 152
399 162
399 165
399 172
399 173
399 176
399 178
399 181
399 185
399 187
399 190
399 193
399 196
399 201
399 205
399 212
399 214
399 216
399 221
399 222
399 228
399 243
399 244
399 251
399 254
399 258
399 267
399 269
399 270
399 275
399 278
399 283
399 298
399 301
399 307
399 311
399 312
399 317
399 329
399 334
399 336
399 340
399 364
399 365
399 372
399 376
399 379
399 385
399 393
399 397
400 5
400 17
400 32
400 36
400 37
400 41
400 68
400 73
400 74
400 76
400 87
400 109
400 113
400 117
400 120
400 129
400 147
400 149
400 154
400 157
400 163
400 166
400 181
400 182
400 196
400 197
400 200
400 208
400 215
400 216
400 219
400 233
400 251
400 254
400 257
400 262
400 269
400 270
400 288
400 289
400 293
400 294
400 296
400 305
400 306
400 312
400 313
400 315
400 334
400 343
400 345
400 361
400 363
400 374
400 377
400 378
400 396
401 78
401 83
401 105
401 151
401 225
401 282
401 290
401 337
401 349
401 374
402 4
402 6
402 8
402 17
402 45
402 47
402 54
402 63
402 65
402 74
402 75
402 76
402 79
402 89
402 97
402 98
402 115
402 119
402 124
402 125
402 130
402 153
402 156
402 161
402 165
402 167
402 176
402 188
402 199
402 205
402 217
402 243
402 278
402 298
402 301
402 313
402 318
402 328
402 334
402 339
402 365
402 368
402 371
402 399
403 5
403 7
403 16
403 23
403 30
403 32
403 37
403 39
403 41
403 44
403 70
403 81
403 87
403 89
403 106
403 113
403 115
403 120
403 141
403 149
403 152
403 153
403 162
403 168
403 172
403 173
403 175
403 190
403 196
403 200
403 202
403 214
403 215
403 216
403 219
403 221
403 228
403 244
403 248
403 251
403 256
403 257
403 267
403 269
403 270
403 289
403 306
403 307
403 309
403 311
403 312
403 341
403 344
403 361
403 363
403 364
403 372
403 377
403 393
403 394
403 399
403 400
404 3
404 11
404 22
404 35
404 53
404 108
404 115
404 132
404 146
404 150
404 156
404 160
404 161
404 167
404 180
404 228
404 232
404 238
404 240
404 250
404 307
404 319
404 348
405 11
405 47
405 58
405 111
405 114
405 119
405 191
405 199
405 202
405 262
405 280
405 288
405 318
405 359
405 371
405 393
405 397
406 4
406 32
406 35
406 53
406 99
406 115
406 132
406 133
406 146
406 155
406 156
406 167
406 218
406 222
406 228
406 235
406 238
406 240
406 260
406 307
406 312
406 319
406 380
406 402
406 404
407 6
407 163
408 10
408 14
408 23
408 34
408 71
408 82
408 104
408 148
408 171
408 189
408 191
408 196
408 202
408 249
408 272
408 284
408 300
408 307
408 310
408 321
408 328
408 335
408 374
408 375
408 392
409 38
409 53
409 62
409 84
409 166
409 200
409 225
409 238
409 278
409 297
409 315
409 366
409 370
410 4
410 38
410 63
410 75
410 76
410 89
410 94
410 98
410 102
410 114
410 115
410 129
410 139
410 156
410 167
410 217
410 256
410 267
410 328
410 339
410 346
410 354
410 371
410 402
411 17
411 30
411 39
411 58
411 107
411 123
411 153
411 165
411 176
411 190
411 200
411 202
411 205
411 239
411 243
411 248
411 251
411 256
411 278
411 287
411 298
411 301
411 309
411 310
411 334
411 341
411 344
411 365
411 372
411 377
411 384
411 394
411 397
411 399
411 402
411 403
412 6
412 8
412 41
412 45
412 47
412 54
412 119
412 130
412 138
412 161
412 199
412 228
412 301
412 313
412 318
412 365
412 402
412 408
413 12
413 14
413 17
413 30
413 37
413 46
413 62
413 71
413 75
413 78
413 79
413 80
413 93
413 117
413 119
413 125
413 126
413 127
413 144
413 164
413 169
413 204
413 208
413 230
413 237
413 238
413 241
413 242
413 259
413 270
413 280
413 286
413 290
413 295
413 306
413 334
413 335
413 337
413 342
413 349
413 356
413 357
413 366
413 370
413 371
413 376
413 378
413 380
413 388
414 1
414 2
414 5
414 7
414 17
414 26
414 36
414 37
414 55
414 85
414 88
414 123
414 141
414 157
414 164
414 181
414 190
414 193
414 197
414 200
414 208
414 210
414 240
414 251
414 252
414 257
414 258
414 265
414 269
414 270
414 288
414 291
414 293
414 296
414 306
414 312
414 313
414 315
414 326
414 338
414 362
414 379
414 380
414 397
414 400
415 24
415 28
415 44
415 51
415 54
415 121
415 124
415 141
415 163
415 193
415 231
415 248
415 252
415 284
415 332
415 362
415 365
415 369
416 12
416 18
416 74
416 76
416 79
416 96
416 109
416 117
416 118
416 122
416 135
416 145
416 157
416 166
416 172
416 182
416 199
416 201
416 203
416 212
416 215
416 233
416 239
416 240
416 262
416 265
416 268
416 271
416 305
416 312
416 343
416 345
416 352
416 359
416 360
416 369
416 378
416 393
416 396
416 400
417 2
417 15
417 21
417 23
417 34
417 49
417 55
417 69
417 71
417 74
417 98
417 100
417 109
417 110
417 113
417 118
417 125
417 137
417 138
417 154
417 157
417 174
417 176
417 185
417 187
417 188
417 196
417 198
417 203
417 211
417 239
417 242
417 244
417 245
417 247
417 249
417 258
417 269
417 270
417 273
417 274
417 275
417 276
417 278
417 289
417 293
417 296
417 310
417 316
417 321
417 326
417 328
417 335
417 336
417 352
417 355
417 364
417 369
417 373
417 374
417 375
417 380
417 383
417 392
417 408
418 10
418 18
418 23
418 39
418 62
418 76
418 81
418 87
418 90
418 121
418 124
418 129
418 132
418 157
418 186
418 219
418 245
418 250
418 265
418 287
418 296
418 305
418 323
418 364
418 366
418 414
419 10
419 17
419 18
419 23
419 26
419 39
419 49
419 53
419 56
419 58
419 70
419 81
419 85
419 87
419 90
419 121
419 123
419 124
419 135
419 138
419 141
419 157
419 165
419 176
419 191
419 201
419 204
419 205
419 210
419 211
419 237
419 243
419 245
419 262
419 265
419 266
419 278
419 285
419 287
419 296
419 298
419 300
419 301
419 322
419 334
419 363
419 365
419 392
419 397
419 399
419 402
419 411
419 414
419 418
420 14
420 33
420 38
420 112
420 116
420 122
420 125
420 126
420 175
420 206
420 208
420 214
420 222
420 277
420 279
420 301
420 303
420 319
420 325
420 358
420 371
420 389
420 397
421 22
421 42
421 50
421 57
421 65
421 74
421 79
421 97
421 124
421 128
421 131
421 153
421 165
421 170
421 183
421 199
421 222
421 232
421 237
421 244
421 290
421 308
421 312
421 315
421 327
421 345
421 349
421 368
421 374
421 386
421 389
421 395
421 398
421 402
422 21
422 24
422 26
422 33
422 73
422 85
422 88
422 123
422 126
422 141
422 163
422 175
422 178
422 210
422 246
422 268
422 279
422 358
422 366
422 371
422 397
422 414
422 415
422 419
422 420
423 75
423 119
423 194
423 238
423 281
423 284
423 299
423 321
423 322
423 337
423 354
423 392
424 16
424 36
424 45
424 68
424 110
424 157
424 173
424 181
424 200
424 257
424 288
424 293
424 296
424 312
424 313
424 315
424 335
424 372
424 376
424 398
424 400
424 405
424 414
424 420
425 4
425 18
425 34
425 76
425 79
425 91
425 135
425 144
425 157
425 162
425 166
425 201
425 203
425 212
425 239
425 264
425 265
425 268
425 297
425 312
425 346
425 354
425 368
425 369
425 416
426 1
426 7
426 14
426 16
426 17
426 32
426 38
426 43
426 53
426 97
426 100
426 110
426 122
426 123
426 125
426 129
426 146
426 149
426 153
426 164
426 204
426 205
426 206
426 208
426 210
426 212
426 215
426 220
426 221
426 222
426 238
426 240
426 243
426 277
426 287
426 293
426 294
426 298
426 301
426 302
426 303
426 319
426 320
426 322
426 325
426 326
426 329
426 330
426 334
426 343
426 345
426 354
426 357
426 361
426 377
426 386
426 389
426 397
426 420
427 17
427 23
427 25
427 34
427 59
427 71
427 134
427 138
427 149
427 165
427 176
427 182
427 196
427 205
427 228
427 243
427 249
427 255
427 264
427 276
427 278
427 296
427 298
427 301
427 310
427 315
427 321
427 328
427 333
427 334
427 335
427 343
427 365
427 374
427 375
427 392
427 399
427 401
427 402
427 408
427 411
427 417
427 419
427 423
428 10
428 17
428 27
428 30
428 39
428 42
428 54
428 78
428 79
428 81
428 94
428 104
428 132
428 147
428 161
428 169
428 178
428 208
428 226
428 232
428 235
428 252
428 260
428 261
428 290
428 315
428 316
428 349
428 372
428 386
428 389
428 421
429 2
429 7
429 10
429 14
429 16
429 32
429 38
429 45
429 53
429 56
429 66
429 67
429 76
429 77
429 103
429 105
429 110
429 115
429 119
429 120
429 122
429 123
429 125
429 136
429 152
429 154
429 161
429 175
429 197
429 200
429 205
429 206
429 208
429 211
429 215
429 221
429 222
429 223
429 232
429 233
429 237
429 261
429 269
429 274
429 277
429 287
429 288
429 293
429 301
429 302
429 303
429 306
429 312
429 314
429 319
429 323
429 325
429 328
429 330
429 340
429 343
429 351
429 357
429 379
429 380
429 389
429 400
429 420
429 426
430 2
430 51
430 59
430 66
430 74
430 75
430 103
430 179
430 231
430 238
430 281
430 299
430 321
430 322
430 354
430 392
430 423
430 429
431 2
431 7
431 14
431 74
431 97
431 147
431 150
431 153
431 154
431 158
431 164
431 188
431 200
431 211
431 229
431 245
431 255
431 258
431 262
431 270
431 276
431 288
431 352
431 355
431 367
431 369
431 373
431 375
431 417
432 1
432 19
432 23
432 32
432 43
432 86
432 95
432 97
432 100
432 106
432 113
432 115
432 148
432 153
432 164
432 171
432 184
432 189
432 204
432 215
432 239
432 243
432 244
432 270
432 272
432 293
432 320
432 326
432 334
432 335
432 345
432 398
432 426
433 26
433 54
433 77
433 85
433 96
433 115
433 123
433 130
433 141
433 160
433 210
433 234
433 302
433 324
433 381
433 397
433 407
433 414
433 419
433 422
434 15
434 33
434 48
434 124
434 126
434 143
434 146
434 153
434 165
434 175
434 217
434 232
434 241
434 258
434 266
434 279
434 290
434 355
434 357
434 358
434 371
434 378
434 397
434 420
434 422
435 4
435 5
435 26
435 31
435 37
435 68
435 89
435 98
435 109
435 113
435 116
435 122
435 123
435 131
435 193
435 206
435 209
435 229
435 247
435 269
435 273
435 275
435 282
435 288
435 296
435 307
435 316
435 318
435 329
435 334
435 340
435 365
435 372
435 376
435 386
435 397
435 399
435 401
435 417
436 15
436 49
436 57
436 68
436 69
436 74
436 80
436 97
436 100
436 116
436 118
436 137
436 138
436 147
436 153
436 158
436 183
436 185
436 187
436 200
436 210
436 229
436 237
436 239
436 244
436 255
436 263
436 278
436 305
436 326
436 327
436 336
436 342
436 367
436 374
436 410
436 413
436 417
436 425
436 431
436 432
437 5
437 10
437 30
437 36
437 39
437 49
437 51
437 55
437 72
437 78
437 86
437 88
437 104
437 112
437 121
437 140
437 147
437 156
437 161
437 168
437 169
437 178
437 188
437 189
437 207
437 232
437 234
437 235
437 259
437 260
437 261
437 262
437 268
437 279
437 285
437 286
437 316
437 340
437 341
437 344
437 359
437 378
437 383
437 428
438 7
438 10
438 16
438 21
438 29
438 42
438 45
438 53
438 77
438 79
438 90
438 99
438 110
438 112
438 116
438 119
438 127
438 135
438 161
438 205
438 206
438 209
438 215
438 221
438 232
438 251
438 261
438 280
438 290
438 299
438 302
438 311
438 315
438 319
438 323
438 330
438 332
438 337
438 343
438 352
438 357
438 361
438 364
438 373
438 386
438 389
438 420
438 421
438 426
438 428
438 429
439 60
439 80
439 83
439 237
439 308
439 413
439 420
439 436
440 1
440 54
440 57
440 64
440 91
440 181
440 184
440 222
440 271
440 384
440 398
441 4
441 5
441 14
441 16
441 32
441 35
441 46
441 56
441 67
441 68
441 83
441 84
441 99
441 115
441 120
441 122
441 123
441 131
441 133
441 136
441 148
441 172
441 173
441 183
441 189
441 193
441 195
441 212
441 218
441 222
441 223
441 235
441 239
441 243
441 244
441 247
441 259
441 260
441 264
441 267
441 269
441 274
441 296
441 302
441 311
441 314
441 323
441 324
441 329
441 330
441 334
441 340
441 343
441 355
441 357
441 358
441 372
441 376
441 380
441 387
441 392
441 393
441 397
441 399
441 403
441 406
441 429
441 433
441 435
442 1
442 84
442 86
442 95
442 115
442 148
442 150
442 153
442 164
442 171
442 189
442 239
442 243
442 244
442 270
442 272
442 293
442 302
442 311
442 330
442 343
442 416
442 431
442 432
442 441
443 1
443 4
443 5
443 16
443 20
443 32
443 42
443 44
443 57
443 70
443 91
443 94
443 106
443 162
443 184
443 216
443 228
443 251
443 267
443 270
443 274
443 282
443 301
443 307
443 320
443 335
443 346
443 364
443 387
443 399
443 403
443 410
443 425
443 440
444 12
444 13
444 35
444 53
444 62
444 74
444 96
444 109
444 115
444 117
444 118
444 122
444 125
444 126
444 132
444 133
444 135
444 145
444 146
444 156
444 166
444 167
444 169
444 172
444 182
444 199
444 215
444 228
444 233
444 238
444 240
444 262
444 271
444 280
444 286
444 305
444 307
444 319
444 343
444 345
444 358
444 359
444 378
444 393
444 396
444 400
444 404
444 406
444 413
444 416
445 53
445 66
445 89
445 123
445 128
445 146
445 178
445 194
445 222
445 238
445 240
445 287
445 301
445 317
445 319
445 320
445 329
445 336
445 354
445 357
445 361
445 365
445 379
445 397
445 399
445 426
446 4
446 32
446 45
446 60
446 65
446 74
446 96
446 97
446 124
446 125
446 145
446 153
446 165
446 183
446 187
446 218
446 222
446 270
446 284
446 285
446 301
446 313
446 324
446 367
446 368
446 402
446 421
447 16
447 38
447 128
447 136
447 218
447 308
447 335
447 346
447 361
447 398
447 424
448 69
448 70
448 82
448 92
448 138
448 197
448 206
448 210
448 212
448 215
448 248
448 249
448 267
448 306
448 317
448 329
448 339
448 361
448 394
448 422
448 429
449 31
449 36
449 47
449 48
449 58
449 75
449 102
449 111
449 114
449 157
449 168
449 181
449 200
449 232
449 257
449 280
449 281
449 288
449 293
449 296
449 312
449 313
449 315
449 334
449 337
449 350
449 371
449 393
449 397
449 398
449 400
449 405
449 414
449 424
450 5
450 7
450 16
450 19
450 21
450 32
450 39
450 78
450 83
450 89
450 99
450 115
450 131
450 151
450 168
450 172
450 173
450 175
450 215
450 216
450 221
450 244
450 267
450 269
450 280
450 282
450 290
450 299
450 311
450 323
450 332
450 337
450 349
450 352
450 357
450 361
450 364
450 373
450 374
450 393
450 399
450 401
450 403
450 438
450 441
15