5 3
9 4
10 2
13 6
14 7
17 11
18 4
18 9
19 8
20 10
21 4
21 9
21 18
23 6
24 10
24 20
25 20
26 4
26 18
26 21
29 15
30 10
30 20
30 24
30 25
31 1
32 12
33 16
36 22
36 25
37 12
37 32
38 10
38 20
38 24
38 25
38 30
38 36
39 19
40 4
40 15
40 18
40 21
40 26
41 10
41 24
41 30
41 38
42 11
43 8
43 19
44 31
45 2
45 10
45 20
46 20
46 25
47 37
48 5
49 21
50 11
50 17
50 42
52 28
52 45
53 10
53 20
53 24
53 25
53 30
53 38
53 41
53 46
54 15
54 29
55 1
56 23
57 44
57 55
58 20
58 25
58 30
58 46
58 53
59 11
59 42
60 6
60 13
60 23
60 56
61 22
61 24
61 25
61 30
61 36
61 38
61 53
61 58
62 8
62 28
62 43
62 52
63 42
63 50
66 28
66 45
66 52
67 55
67 57
67 64
68 28
68 52
68 62
68 66
69 20
69 45
69 52
69 53
69 58
69 66
70 64
71 6
71 13
71 23
71 60
72 44
73 8
73 19
73 39
73 43
75 2
75 10
76 27
76 62
76 68
77 15
77 29
77 54
78 19
78 39
78 73
79 74
80 1
81 42
81 50
81 63
82 20
82 22
82 25
82 30
82 36
82 38
82 46
82 53
82 58
82 61
83 46
83 58
83 69
85 11
85 17
85 42
85 50
85 59
86 22
86 25
86 36
86 38
86 53
86 58
86 61
86 82
87 5
88 8
88 27
88 62
88 68
88 76
89 6
89 13
89 23
89 56
89 60
89 71
90 79
90 80
91 7
91 8
91 28
91 43
91 52
91 62
91 68
91 88
92 28
92 45
92 52
92 62
92 66
92 68
92 76
92 88
92 91
93 2
93 10
93 24
93 30
93 75
93 84
94 20
94 25
94 46
94 53
94 58
94 69
94 82
94 83
95 56
95 60
96 13
96 71
96 84
97 65
97 74
97 78
98 1
98 31
98 44
98 55
98 57
99 7
99 28
99 52
99 62
99 91
100 8
100 19
100 39
100 43
100 73
100 78
101 19
101 73
101 78
101 100
102 79
102 80
102 90
103 31
103 44
103 55
103 57
103 98
104 4
104 9
104 18
104 21
104 26
104 49
105 39
105 74
105 78
105 97
106 56
106 60
106 95
107 75
107 92
108 27
108 79
108 90
109 1
109 80
109 90
109 98
109 108
110 27
110 79
110 90
110 108
111 2
111 10
111 75
111 84
111 93
111 96
113 2
113 10
113 20
113 24
113 30
113 38
113 45
113 53
113 75
113 93
114 39
114 43
114 74
114 78
114 100
115 20
115 28
115 45
115 52
115 66
115 69
115 92
115 113
116 10
116 20
116 24
116 25
116 30
116 38
116 41
116 53
116 58
116 61
116 82
116 86
116 94
116 113
117 74
117 97
117 105
118 22
118 25
118 36
118 46
118 58
118 61
118 82
118 86
119 44
119 72
120 31
120 44
120 72
121 34
122 64
122 67
122 70
123 2
123 28
123 45
123 52
123 66
123 68
123 69
123 92
123 113
123 115
124 4
124 9
124 18
124 21
124 26
124 40
124 104
125 39
125 65
125 78
125 97
125 105
126 20
126 28
126 45
126 52
126 66
126 69
126 92
126 113
126 115
126 123
127 2
127 75
127 84
127 93
127 96
127 107
127 111
128 8
128 27
128 43
128 76
128 88
8