5 3
8 7
9 3
9 4
10 2
13 6
14 7
14 8
15 4
16 12
17 11
18 4
18 9
18 15
19 7
19 8
19 14
20 2
20 10
21 4
21 9
21 15
21 18
22 20
23 6
23 13
24 2
24 10
24 20
24 22
25 2
25 10
25 20
25 22
25 24
26 4
26 9
26 15
26 18
26 21
27 8
28 2
28 7
28 8
28 10
28 14
28 20
28 27
29 4
29 9
29 15
29 21
29 26
30 2
30 10
30 20
30 22
30 24
30 25
30 28
31 1
31 12
32 5
32 12
32 16
33 12
33 16
33 32
35 16
35 33
36 10
36 20
36 22
36 24
36 25
36 30
37 12
37 32
37 33
38 2
38 10
38 20
38 22
38 24
38 25
38 30
38 36
39 8
39 19
39 27
40 4
40 9
40 15
40 18
40 21
40 26
40 29
41 2
41 10
41 20
41 24
41 25
41 30
41 36
41 38
42 11
42 17
43 7
43 8
43 14
43 19
43 27
43 28
43 39
44 1
44 31
45 2
45 10
45 20
45 24
45 25
45 28
45 30
45 38
45 41
46 10
46 20
46 22
46 24
46 25
46 30
46 36
46 38
46 41
46 45
47 12
47 31
47 32
47 37
48 3
48 5
48 32
49 4
49 9
49 18
49 21
49 26
49 40
50 11
50 17
50 42
51 34
52 2
52 7
52 8
52 10
52 14
52 20
52 24
52 25
52 27
52 28
52 30
52 43
52 45
52 46
53 2
53 10
53 20
53 22
53 24
53 25
53 28
53 30
53 36
53 38
53 41
53 45
53 46
53 52
54 4
54 15
54 26
54 29
54 40
55 1
55 31
55 44
56 6
56 13
56 23
57 1
57 31
57 44
57 55
58 2
58 10
58 20
58 22
58 24
58 25
58 28
58 30
58 36
58 38
58 41
58 45
58 46
58 52
58 53
59 11
59 17
59 42
59 49
59 50
60 6
60 13
60 23
60 56
61 2
61 10
61 20
61 22
61 24
61 25
61 30
61 36
61 38
61 41
61 45
61 46
61 53
61 58
62 7
62 8
62 14
62 19
62 27
62 28
62 39
62 43
62 45
62 52
63 11
63 17
63 42
63 50
63 59
64 23
64 27
64 55
64 57
65 19
65 34
65 39
65 51
66 2
66 7
66 8
66 10
66 20
66 24
66 25
66 28
66 30
66 38
66 41
66 43
66 45
66 46
66 52
66 53
66 58
66 62
67 1
67 23
67 44
67 55
67 57
67 64
68 2
68 7
68 8
68 20
68 27
68 28
68 43
68 45
68 52
68 62
68 66
69 2
69 10
69 20
69 24
69 25
69 28
69 30
69 36
69 38
69 41
69 45
69 46
69 52
69 53
69 58
69 61
69 62
69 66
69 68
70 6
70 13
70 23
70 55
70 57
70 60
70 64
70 67
71 6
71 13
71 23
71 56
71 60
71 64
71 70
72 1
72 31
72 44
72 55
72 57
73 7
73 8
73 14
73 19
73 27
73 28
73 39
73 43
73 62
73 68
74 8
74 16
74 19
74 33
74 39
74 43
74 65
74 73
75 2
75 10
75 13
75 20
75 24
75 28
75 30
75 38
75 41
75 45
75 52
75 53
75 66
75 68
75 69
75 71
76 8
76 27
76 28
76 43
76 45
76 52
76 62
76 64
76 66
76 68
76 73
77 4
77 15
77 18
77 21
77 26
77 29
77 40
77 54
78 8
78 19
78 39
78 43
78 51
78 65
78 73
78 74
79 1
79 27
79 39
79 43
79 74
79 76
79 78
80 1
80 12
80 27
80 31
80 33
80 44
80 55
80 74
80 79
81 3
81 11
81 17
81 42
81 49
81 50
81 59
81 63
82 2
82 10
82 20
82 22
82 24
82 25
82 30
82 36
82 38
82 41
82 45
82 46
82 53
82 58
82 61
82 66
82 69
83 7
83 20
83 22
83 24
83 25
83 28
83 30
83 38
83 45
83 46
83 52
83 53
83 58
83 61
83 62
83 66
83 68
83 69
83 82
84 2
84 6
84 10
84 13
84 24
84 30
84 41
84 60
84 71
84 75
85 11
85 17
85 42
85 50
85 59
85 63
85 81
86 10
86 20
86 22
86 24
86 25
86 30
86 36
86 38
86 41
86 46
86 53
86 58
86 61
86 69
86 82
86 83
87 3
87 5
87 16
87 32
87 33
87 35
87 48
88 7
88 8
88 19
88 27
88 28
88 43
88 45
88 52
88 62
88 64
88 66
88 68
88 73
88 76
88 79
89 6
89 13
89 23
89 56
89 60
89 64
89 70
89 71
89 84
90 1
90 27
90 31
90 33
90 39
90 74
90 76
90 79
90 80
90 88
91 7
91 8
91 14
91 19
91 27
91 28
91 39
91 43
91 45
91 52
91 62
91 66
91 68
91 69
91 73
91 76
91 83
91 88
92 2
92 7
92 8
92 10
92 20
92 27
92 28
92 30
92 43
92 45
92 52
92 62
92 66
92 68
92 69
92 75
92 76
92 83
92 88
92 91
93 2
93 10
93 13
93 20
93 24
93 25
93 30
93 38
93 41
93 45
93 53
93 58
93 61
93 66
93 69
93 75
93 82
93 84
93 86
94 2
94 10
94 20
94 22
94 24
94 25
94 28
94 30
94 36
94 38
94 41
94 45
94 46
94 52
94 53
94 58
94 61
94 66
94 68
94 69
94 82
94 83
94 86
94 92
94 93
95 6
95 13
95 23
95 56
95 60
95 71
95 89
96 2
96 6
96 10
96 13
96 23
96 41
96 60
96 70
96 71
96 75
96 84
96 89
96 93
97 19
97 39
97 51
97 65
97 73
97 74
97 78
97 79
97 90
98 1
98 31
98 44
98 55
98 57
98 67
98 72
98 79
98 80
98 90
99 7
99 8
99 14
99 28
99 43
99 45
99 52
99 62
99 66
99 68
99 69
99 76
99 83
99 88
99 91
99 92
99 94
100 8
100 14
100 19
100 27
100 28
100 39
100 43
100 52
100 62
100 68
100 73
100 74
100 76
100 78
100 79
100 88
100 91
100 92
100 97
100 99
101 7
101 8
101 14
101 19
101 39
101 43
101 62
101 65
101 73
101 74
101 78
101 91
101 97
101 100
102 1
102 12
102 16
102 27
102 31
102 33
102 74
102 79
102 80
102 90
102 97
102 98
103 1
103 31
103 44
103 55
103 57
103 64
103 67
103 72
103 80
103 98
104 4
104 9
104 18
104 21
104 26
104 40
104 49
104 59
105 19
105 39
105 43
105 51
105 65
105 73
105 74
105 78
105 79
105 80
105 90
105 97
105 100
105 101
105 102
106 6
106 13
106 23
106 56
106 60
106 71
106 89
106 95
107 2
107 10
107 28
107 45
107 52
107 62
107 66
107 68
107 69
107 71
107 75
107 76
107 84
107 88
107 91
107 92
107 93
107 96
107 99
108 1
108 27
108 31
108 55
108 57
108 64
108 67
108 74
108 76
108 79
108 80
108 88
108 90
108 98
108 102
108 103
109 1
109 27
109 31
109 44
109 55
109 57
109 74
109 79
109 80
109 90
109 98
109 102
109 103
109 108
110 1
110 8
110 27
110 39
110 43
110 55
110 64
110 68
110 74
110 76
110 78
110 79
110 80
110 88
110 90
110 98
110 102
110 105
110 108
110 109
111 2
111 6
111 10
111 13
111 20
111 24
111 30
111 38
111 41
111 45
111 53
111 71
111 75
111 84
111 93
111 96
111 107
112 29
112 47
112 54
113 2
113 10
113 20
113 24
113 25
113 28
113 30
113 36
113 38
113 41
113 45
113 46
113 52
113 53
113 58
113 61
113 66
113 68
113 69
113 75
113 82
113 83
113 84
113 86
113 92
113 93
113 94
113 96
113 107
113 111
114 8
114 19
114 27
114 39
114 43
114 62
114 65
114 73
114 74
114 76
114 78
114 79
114 88
114 90
114 91
114 97
114 100
114 101
114 102
114 105
114 108
114 110
115 2
115 7
115 8
115 10
115 20
115 24
115 25
115 28
115 30
115 38
115 41
115 43
115 45
115 46
115 52
115 53
115 58
115 62
115 66
115 68
115 69
115 75
115 76
115 82
115 83
115 88
115 91
115 92
115 93
115 94
115 99
115 107
115 113
116 2
116 10
116 20
116 22
116 24
116 25
116 30
116 36
116 38
116 41
116 45
116 46
116 52
116 53
116 58
116 61
116 66
116 69
116 75
116 82
116 83
116 86
116 93
116 94
116 111
116 113
116 115
117 16
117 33
117 39
117 43
117 65
117 74
117 78
117 79
117 80
117 90
117 97
117 100
117 102
117 105
117 110
117 114
118 10
118 20
118 22
118 24
118 25
118 30
118 36
118 38
118 41
118 46
118 53
118 58
118 61
118 69
118 82
118 83
118 86
118 94
118 113
118 116
119 31
119 44
119 55
119 57
119 72
119 98
119 103
120 1
120 31
120 44
120 47
120 55
120 57
120 72
120 98
120 103
120 119
121 34
121 51
121 65
122 6
122 13
122 23
122 27
122 55
122 57
122 64
122 67
122 70
122 71
122 76
122 89
122 96
123 2
123 7
123 8
123 10
123 20
123 24
123 25
123 28
123 30
123 38
123 41
123 45
123 46
123 52
123 53
123 58
123 62
123 66
123 68
123 69
123 75
123 76
123 83
123 88
123 91
123 92
123 93
123 94
123 99
123 107
123 111
123 113
123 115
123 116
124 4
124 9
124 15
124 18
124 21
124 26
124 29
124 40
124 49
124 77
124 104
125 8
125 19
125 39
125 43
125 51
125 65
125 73
125 74
125 78
125 79
125 97
125 100
125 101
125 105
125 114
125 117
126 2
126 7
126 8
126 10
126 20
126 24
126 25
126 28
126 30
126 38
126 41
126 45
126 46
126 52
126 53
126 58
126 61
126 62
126 66
126 68
126 69
126 75
126 76
126 82
126 83
126 88
126 91
126 92
126 93
126 94
126 99
126 107
126 111
126 113
126 115
126 116
126 123
127 2
127 6
127 10
127 13
127 20
127 24
127 30
127 38
127 41
127 45
127 68
127 71
127 75
127 84
127 89
127 92
127 93
127 96
127 107
127 111
127 113
127 115
127 123
127 126
128 7
128 8
128 19
128 27
128 28
128 39
128 43
128 52
128 62
128 64
128 68
128 73
128 74
128 76
128 78
128 79
128 88
128 90
128 91
128 92
128 99
128 100
128 101
128 102
128 108
128 110
128 114
128 123
20