2 1
3 1
3 2
4 1
4 2
4 3
5 1
5 2
5 3
5 4
6 1
6 2
6 3
6 4
6 5
7 1
7 2
7 3
7 4
7 5
7 6
8 1
8 2
8 3
8 4
8 5
8 6
8 7
9 1
9 2
9 3
9 4
9 5
9 6
9 7
9 8
10 1
10 2
10 3
10 4
10 5
10 6
10 7
10 8
10 9
11 1
11 2
11 3
11 4
11 5
11 6
11 7
11 8
11 9
11 10
12 1
12 2
12 3
12 4
12 5
12 6
12 7
12 8
12 9
12 10
12 11
13 1
13 2
13 3
13 4
13 5
13 6
13 7
13 8
13 9
13 10
13 11
13 12
14 1
14 2
14 3
14 4
14 5
14 6
14 7
14 8
14 9
14 10
14 11
14 12
14 13
15 1
15 2
15 3
15 4
15 5
15 6
15 7
15 8
15 9
15 10
15 11
15 12
15 13
15 14
16 1
16 2
16 3
16 4
16 5
16 6
16 7
16 8
16 9
16 10
16 11
16 12
16 13
16 14
16 15
17 1
17 2
18 1
18 2
18 3
18 17
19 2
19 3
19 4
19 17
19 18
20 3
20 4
20 5
20 17
20 18
20 19
21 4
21 5
21 6
21 17
21 18
21 19
21 20
22 5
22 6
22 7
22 17
22 18
22 19
22 20
22 21
23 6
23 7
23 8
23 17
23 18
23 19
23 20
23 21
23 22
24 7
24 8
24 9
24 17
24 18
24 19
24 20
24 21
24 22
24 23
25 8
25 9
25 10
25 17
25 18
25 19
25 20
25 21
25 22
25 23
25 24
26 9
26 10
26 11
26 17
26 18
26 19
26 20
26 21
26 22
26 23
26 24
26 25
27 10
27 11
27 12
27 17
27 18
27 19
27 20
27 21
27 22
27 23
27 24
27 25
27 26
28 11
28 12
28 13
28 17
28 18
28 19
28 20
28 21
28 22
28 23
28 24
28 25
28 26
28 27
29 12
29 13
29 14
29 17
29 18
29 19
29 20
29 21
29 22
29 23
29 24
29 25
29 26
29 27
29 28
30 13
30 14
30 15
30 17
30 18
30 19
30 20
30 21
30 22
30 23
30 24
30 25
30 26
30 27
30 28
30 29
31 14
31 15
31 16
31 17
31 18
31 19
31 20
31 21
31 22
31 23
31 24
31 25
31 26
31 27
31 28
31 29
31 30
32 15
32 16
32 17
32 18
32 19
32 20
32 21
32 22
32 23
32 24
32 25
32 26
32 27
32 28
32 29
32 30
32 31
33 1
33 3
33 17
33 18
34 2
34 4
34 17
34 18
34 19
34 33
35 1
35 3
35 5
35 18
35 19
35 20
35 33
35 34
36 2
36 4
36 6
36 19
36 20
36 21
36 33
36 34
36 35
37 3
37 5
37 7
37 20
37 21
37 22
37 33
37 34
37 35
37 36
38 4
38 6
38 8
38 21
38 22
38 23
38 33
38 34
38 35
38 36
38 37
39 5
39 7
39 9
39 22
39 23
39 24
39 33
39 34
39 35
39 36
39 37
39 38
40 6
40 8
40 10
40 23
40 24
40 25
40 33
40 34
40 35
40 36
40 37
40 38
40 39
41 7
41 9
41 11
41 24
41 25
41 26
41 33
41 34
41 35
41 36
41 37
41 38
41 39
41 40
42 8
42 10
42 12
42 25
42 26
42 27
42 33
42 34
42 35
42 36
42 37
42 38
42 39
42 40
42 41
43 9
43 11
43 13
43 26
43 27
43 28
43 33
43 34
43 35
43 36
43 37
43 38
43 39
43 40
43 41
43 42
44 10
44 12
44 14
44 27
44 28
44 29
44 33
44 34
44 35
44 36
44 37
44 38
44 39
44 40
44 41
44 42
44 43
45 11
45 13
45 15
45 28
45 29
45 30
45 33
45 34
45 35
45 36
45 37
45 38
45 39
45 40
45 41
45 42
45 43
45 44
46 12
46 14
46 16
46 29
46 30
46 31
46 33
46 34
46 35
46 36
46 37
46 38
46 39
46 40
46 41
46 42
46 43
46 44
46 45
47 13
47 15
47 30
47 31
47 32
47 33
47 34
47 35
47 36
47 37
47 38
47 39
47 40
47 41
47 42
47 43
47 44
47 45
47 46
48 14
48 16
48 31
48 32
48 33
48 34
48 35
48 36
48 37
48 38
48 39
48 40
48 41
48 42
48 43
48 44
48 45
48 46
48 47
49 1
49 4
49 17
49 19
49 33
49 34
50 2
50 5
50 18
50 20
50 33
50 34
50 35
50 49
51 3
51 6
51 17
51 19
51 21
51 34
51 35
51 36
51 49
51 50
52 1
52 4
52 7
52 18
52 20
52 22
52 35
52 36
52 37
52 49
52 50
52 51
53 2
53 5
53 8
53 19
53 21
53 23
53 36
53 37
53 38
53 49
53 50
53 51
53 52
54 3
54 6
54 9
54 20
54 22
54 24
54 37
54 38
54 39
54 49
54 50
54 51
54 52
54 53
55 4
55 7
55 10
55 21
55 23
55 25
55 38
55 39
55 40
55 49
55 50
55 51
55 52
55 53
55 54
56 5
56 8
56 11
56 22
56 24
56 26
56 39
56 40
56 41
56 49
56 50
56 51
56 52
56 53
56 54
56 55
57 6
57 9
57 12
57 23
57 25
57 27
57 40
57 41
57 42
57 49
57 50
57 51
57 52
57 53
57 54
57 55
57 56
58 7
58 10
58 13
58 24
58 26
58 28
58 41
58 42
58 43
58 49
58 50
58 51
58 52
58 53
58 54
58 55
58 56
58 57
59 8
59 11
59 14
59 25
59 27
59 29
59 42
59 43
59 44
59 49
59 50
59 51
59 52
59 53
59 54
59 55
59 56
59 57
59 58
60 9
60 12
60 15
60 26
60 28
60 30
60 43
60 44
60 45
60 49
60 50
60 51
60 52
60 53
60 54
60 55
60 56
60 57
60 58
60 59
61 10
61 13
61 16
61 27
61 29
61 31
61 44
61 45
61 46
61 49
61 50
61 51
61 52
61 53
61 54
61 55
61 56
61 57
61 58
61 59
61 60
62 11
62 14
62 28
62 30
62 32
62 45
62 46
62 47
62 49
62 50
62 51
62 52
62 53
62 54
62 55
62 56
62 57
62 58
62 59
62 60
62 61
63 12
63 15
63 29
63 31
63 46
63 47
63 48
63 49
63 50
63 51
63 52
63 53
63 54
63 55
63 56
63 57
63 58
63 59
63 60
63 61
63 62
64 13
64 16
64 30
64 32
64 47
64 48
64 49
64 50
64 51
64 52
64 53
64 54
64 55
64 56
64 57
64 58
64 59
64 60
64 61
64 62
64 63
65 1
65 5
65 17
65 20
65 33
65 35
65 49
65 50
66 2
66 6
66 18
66 21
66 34
66 36
66 49
66 50
66 51
66 65
67 3
67 7
67 19
67 22
67 33
67 35
67 37
67 50
67 51
67 52
67 65
67 66
68 4
68 8
68 17
68 20
68 23
68 34
68 36
68 38
68 51
68 52
68 53
68 65
68 66
68 67
69 1
69 5
69 9
69 18
69 21
69 24
69 35
69 37
69 39
69 52
69 53
69 54
69 65
69 66
69 67
69 68
70 2
70 6
70 10
70 19
70 22
70 25
70 36
70 38
70 40
70 53
70 54
70 55
70 65
70 66
70 67
70 68
70 69
71 3
71 7
71 11
71 20
71 23
71 26
71 37
71 39
71 41
71 54
71 55
71 56
71 65
71 66
71 67
71 68
71 69
71 70
72 4
72 8
72 12
72 21
72 24
72 27
72 38
72 40
72 42
72 55
72 56
72 57
72 65
72 66
72 67
72 68
72 69
72 70
72 71
73 5
73 9
73 13
73 22
73 25
73 28
73 39
73 41
73 43
73 56
73 57
73 58
73 65
73 66
73 67
73 68
73 69
73 70
73 71
73 72
74 6
74 10
74 14
74 23
74 26
74 29
74 40
74 42
74 44
74 57
74 58
74 59
74 65
74 66
74 67
74 68
74 69
74 70
74 71
74 72
74 73
75 7
75 11
75 15
75 24
75 27
75 30
75 41
75 43
75 45
75 58
75 59
75 60
75 65
75 66
75 67
75 68
75 69
75 70
75 71
75 72
75 73
75 74
76 8
76 12
76 16
76 25
76 28
76 31
76 42
76 44
76 46
76 59
76 60
76 61
76 65
76 66
76 67
76 68
76 69
76 70
76 71
76 72
76 73
76 74
76 75
77 9
77 13
77 26
77 29
77 32
77 43
77 45
77 47
77 60
77 61
77 62
77 65
77 66
77 67
77 68
77 69
77 70
77 71
77 72
77 73
77 74
77 75
77 76
78 10
78 14
78 27
78 30
78 44
78 46
78 48
78 61
78 62
78 63
78 65
78 66
78 67
78 68
78 69
78 70
78 71
78 72
78 73
78 74
78 75
78 76
78 77
79 11
79 15
79 28
79 31
79 45
79 47
79 62
79 63
79 64
79 65
79 66
79 67
79 68
79 69
79 70
79 71
79 72
79 73
79 74
79 75
79 76
79 77
79 78
80 12
80 16
80 29
80 32
80 46
80 48
80 63
80 64
80 65
80 66
80 67
80 68
80 69
80 70
80 71
80 72
80 73
80 74
80 75
80 76
80 77
80 78
80 79
81 1
81 6
81 17
81 21
81 33
81 36
81 49
81 51
81 65
81 66
82 2
82 7
82 18
82 22
82 34
82 37
82 50
82 52
82 65
82 66
82 67
82 81
83 3
83 8
83 19
83 23
83 35
83 38
83 49
83 51
83 53
83 66
83 67
83 68
83 81
83 82
84 4
84 9
84 20
84 24
84 33
84 36
84 39
84 50
84 52
84 54
84 67
84 68
84 69
84 81
84 82
84 83
85 5
85 10
85 17
85 21
85 25
85 34
85 37
85 40
85 51
85 53
85 55
85 68
85 69
85 70
85 81
85 82
85 83
85 84
86 1
86 6
86 11
86 18
86 22
86 26
86 35
86 38
86 41
86 52
86 54
86 56
86 69
86 70
86 71
86 81
86 82
86 83
86 84
86 85
87 2
87 7
87 12
87 19
87 23
87 27
87 36
87 39
87 42
87 53
87 55
87 57
87 70
87 71
87 72
87 81
87 82
87 83
87 84
87 85
87 86
88 3
88 8
88 13
88 20
88 24
88 28
88 37
88 40
88 43
88 54
88 56
88 58
88 71
88 72
88 73
88 81
88 82
88 83
88 84
88 85
88 86
88 87
89 4
89 9
89 14
89 21
89 25
89 29
89 38
89 41
89 44
89 55
89 57
89 59
89 72
89 73
89 74
89 81
89 82
89 83
89 84
89 85
89 86
89 87
89 88
90 5
90 10
90 15
90 22
90 26
90 30
90 39
90 42
90 45
90 56
90 58
90 60
90 73
90 74
90 75
90 81
90 82
90 83
90 84
90 85
90 86
90 87
90 88
90 89
91 6
91 11
91 16
91 23
91 27
91 31
91 40
91 43
91 46
91 57
91 59
91 61
91 74
91 75
91 76
91 81
91 82
91 83
91 84
91 85
91 86
91 87
91 88
91 89
91 90
92 7
92 12
92 24
92 28
92 32
92 41
92 44
92 47
92 58
92 60
92 62
92 75
92 76
92 77
92 81
92 82
92 83
92 84
92 85
92 86
92 87
92 88
92 89
92 90
92 91
93 8
93 13
93 25
93 29
93 42
93 45
93 48
93 59
93 61
93 63
93 76
93 77
93 78
93 81
93 82
93 83
93 84
93 85
93 86
93 87
93 88
93 89
93 90
93 91
93 92
94 9
94 14
94 26
94 30
94 43
94 46
94 60
94 62
94 64
94 77
94 78
94 79
94 81
94 82
94 83
94 84
94 85
94 86
94 87
94 88
94 89
94 90
94 91
94 92
94 93
95 10
95 15
95 27
95 31
95 44
95 47
95 61
95 63
95 78
95 79
95 80
95 81
95 82
95 83
95 84
95 85
95 86
95 87
95 88
95 89
95 90
95 91
95 92
95 93
95 94
96 11
96 16
96 28
96 32
96 45
96 48
96 62
96 64
96 79
96 80
96 81
96 82
96 83
96 84
96 85
96 86
96 87
96 88
96 89
96 90
96 91
96 92
96 93
96 94
96 95
97 1
97 7
97 17
97 22
97 33
97 37
97 49
97 52
97 65
97 67
97 81
97 82
98 2
98 8
98 18
98 23
98 34
98 38
98 50
98 53
98 66
98 68
98 81
98 82
98 83
98 97
99 3
99 9
99 19
99 24
99 35
99 39
99 51
99 54
99 65
99 67
99 69
99 82
99 83
99 84
99 97
99 98
100 4
100 10
100 20
100 25
100 36
100 40
100 49
100 52
100 55
100 66
100 68
100 70
100 83
100 84
100 85
100 97
100 98
100 99
101 5
101 11
101 21
101 26
101 33
101 37
101 41
101 50
101 53
101 56
101 67
101 69
101 71
101 84
101 85
101 86
101 97
101 98
101 99
101 100
102 6
102 12
102 17
102 22
102 27
102 34
102 38
102 42
102 51
102 54
102 57
102 68
102 70
102 72
102 85
102 86
102 87
102 97
102 98
102 99
102 100
102 101
103 1
103 7
103 13
103 18
103 23
103 28
103 35
103 39
103 43
103 52
103 55
103 58
103 69
103 71
103 73
103 86
103 87
103 88
103 97
103 98
103 99
103 100
103 101
103 102
104 2
104 8
104 14
104 19
104 24
104 29
104 36
104 40
104 44
104 53
104 56
104 59
104 70
104 72
104 74
104 87
104 88
104 89
104 97
104 98
104 99
104 100
104 101
104 102
104 103
105 3
105 9
105 15
105 20
105 25
105 30
105 37
105 41
105 45
105 54
105 57
105 60
105 71
105 73
105 75
105 88
105 89
105 90
105 97
105 98
105 99
105 100
105 101
105 102
105 103
105 104
106 4
106 10
106 16
106 21
106 26
106 31
106 38
106 42
106 46
106 55
106 58
106 61
106 72
106 74
106 76
106 89
106 90
106 91
106 97
106 98
106 99
106 100
106 101
106 102
106 103
106 104
106 105
107 5
107 11
107 22
107 27
107 32
107 39
107 43
107 47
107 56
107 59
107 62
107 73
107 75
107 77
107 90
107 91
107 92
107 97
107 98
107 99
107 100
107 101
107 102
107 103
107 104
107 105
107 106
108 6
108 12
108 23
108 28
108 40
108 44
108 48
108 57
108 60
108 63
108 74
108 76
108 78
108 91
108 92
108 93
108 97
108 98
108 99
108 100
108 101
108 102
108 103
108 104
108 105
108 106
108 107
109 7
109 13
109 24
109 29
109 41
109 45
109 58
109 61
109 64
109 75
109 77
109 79
109 92
109 93
109 94
109 97
109 98
109 99
109 100
109 101
109 102
109 103
109 104
109 105
109 106
109 107
109 108
110 8
110 14
110 25
110 30
110 42
110 46
110 59
110 62
110 76
110 78
110 80
110 93
110 94
110 95
110 97
110 98
110 99
110 100
110 101
110 102
110 103
110 104
110 105
110 106
110 107
110 108
110 109
111 9
111 15
111 26
111 31
111 43
111 47
111 60
111 63
111 77
111 79
111 94
111 95
111 96
111 97
111 98
111 99
111 100
111 101
111 102
111 103
111 104
111 105
111 106
111 107
111 108
111 109
111 110
112 10
112 16
112 27
112 32
112 44
112 48
112 61
112 64
112 78
112 80
112 95
112 96
112 97
112 98
112 99
112 100
112 101
112 102
112 103
112 104
112 105
112 106
112 107
112 108
112 109
112 110
112 111
113 1
113 8
113 17
113 23
113 33
113 38
113 49
113 53
113 65
113 68
113 81
113 83
113 97
113 98
114 2
114 9
114 18
114 24
114 34
114 39
114 50
114 54
114 66
114 69
114 82
114 84
114 97
114 98
114 99
114 113
115 3
115 10
115 19
115 25
115 35
115 40
115 51
115 55
115 67
115 70
115 81
115 83
115 85
115 98
115 99
115 100
115 113
115 114
116 4
116 11
116 20
116 26
116 36
116 41
116 52
116 56
116 65
116 68
116 71
116 82
116 84
116 86
116 99
116 100
116 101
116 113
116 114
116 115
117 5
117 12
117 21
117 27
117 37
117 42
117 49
117 53
117 57
117 66
117 69
117 72
117 83
117 85
117 87
117 100
117 101
117 102
117 113
117 114
117 115
117 116
118 6
118 13
118 22
118 28
118 33
118 38
118 43
118 50
118 54
118 58
118 67
118 70
118 73
118 84
118 86
118 88
118 101
118 102
118 103
118 113
118 114
118 115
118 116
118 117
119 7
119 14
119 17
119 23
119 29
119 34
119 39
119 44
119 51
119 55
119 59
119 68
119 71
119 74
119 85
119 87
119 89
119 102
119 103
119 104
119 113
119 114
119 115
119 116
119 117
119 118
120 1
120 8
120 15
120 18
120 24
120 30
120 35
120 40
120 45
120 52
120 56
120 60
120 69
120 72
120 75
120 86
120 88
120 90
120 103
120 104
120 105
120 113
120 114
120 115
120 116
120 117
120 118
120 119
121 2
121 9
121 16
121 19
121 25
121 31
121 36
121 41
121 46
121 53
121 57
121 61
121 70
121 73
121 76
121 87
121 89
121 91
121 104
121 105
121 106
121 113
121 114
121 115
121 116
121 117
121 118
121 119
121 120
122 3
122 10
122 20
122 26
122 32
122 37
122 42
122 47
122 54
122 58
122 62
122 71
122 74
122 77
122 88
122 90
122 92
122 105
122 106
122 107
122 113
122 114
122 115
122 116
122 117
122 118
122 119
122 120
122 121
123 4
123 11
123 21
123 27
123 38
123 43
123 48
123 55
123 59
123 63
123 72
123 75
123 78
123 89
123 91
123 93
123 106
123 107
123 108
123 113
123 114
123 115
123 116
123 117
123 118
123 119
123 120
123 121
123 122
124 5
124 12
124 22
124 28
124 39
124 44
124 56
124 60
124 64
124 73
124 76
124 79
124 90
124 92
124 94
124 107
124 108
124 109
124 113
124 114
124 115
124 116
124 117
124 118
124 119
124 120
124 121
124 122
124 123
125 6
125 13
125 23
125 29
125 40
125 45
125 57
125 61
125 74
125 77
125 80
125 91
125 93
125 95
125 108
125 109
125 110
125 113
125 114
125 115
125 116
125 117
125 118
125 119
125 120
125 121
125 122
125 123
125 124
126 7
126 14
126 24
126 30
126 41
126 46
126 58
126 62
126 75
126 78
126 92
126 94
126 96
126 109
126 110
126 111
126 113
126 114
126 115
126 116
126 117
126 118
126 119
126 120
126 121
126 122
126 123
126 124
126 125
127 8
127 15
127 25
127 31
127 42
127 47
127 59
127 63
127 76
127 79
127 93
127 95
127 110
127 111
127 112
127 113
127 114
127 115
127 116
127 117
127 118
127 119
127 120
127 121
127 122
127 123
127 124
127 125
127 126
128 9
128 16
128 26
128 32
128 43
128 48
128 60
128 64
128 77
128 80
128 94
128 96
128 111
128 112
128 113
128 114
128 115
128 116
128 117
128 118
128 119
128 120
128 121
128 122
128 123
128 124
128 125
128 126
128 127
129 1
129 9
129 17
129 24
129 33
129 39
129 49
129 54
129 65
129 69
129 81
129 84
129 97
129 99
129 113
129 114
130 2
130 10
130 18
130 25
130 34
130 40
130 50
130 55
130 66
130 70
130 82
130 85
130 98
130 100
130 113
130 114
130 115
130 129
131 3
131 11
131 19
131 26
131 35
131 41
131 51
131 56
131 67
131 71
131 83
131 86
131 97
131 99
131 101
131 114
131 115
131 116
131 129
131 130
132 4
132 12
132 20
132 27
132 36
132 42
132 52
132 57
132 68
132 72
132 81
132 84
132 87
132 98
132 100
132 102
132 115
132 116
132 117
132 129
132 130
132 131
133 5
133 13
133 21
133 28
133 37
133 43
133 53
133 58
133 65
133 69
133 73
133 82
133 85
133 88
133 99
133 101
133 103
133 116
133 117
133 118
133 129
133 130
133 131
133 132
134 6
134 14
134 22
134 29
134 38
134 44
134 49
134 54
134 59
134 66
134 70
134 74
134 83
134 86
134 89
134 100
134 102
134 104
134 117
134 118
134 119
134 129
134 130
134 131
134 132
134 133
135 7
135 15
135 23
135 30
135 33
135 39
135 45
135 50
135 55
135 60
135 67
135 71
135 75
135 84
135 87
135 90
135 101
135 103
135 105
135 118
135 119
135 120
135 129
135 130
135 131
135 132
135 133
135 134
136 8
136 16
136 17
136 24
136 31
136 34
136 40
136 46
136 51
136 56
136 61
136 68
136 72
136 76
136 85
136 88
136 91
136 102
136 104
136 106
136 119
136 120
136 121
136 129
136 130
136 131
136 132
136 133
136 134
136 135
137 1
137 9
137 18
137 25
137 32
137 35
137 41
137 47
137 52
137 57
137 62
137 69
137 73
137 77
137 86
137 89
137 92
137 103
137 105
137 107
137 120
137 121
137 122
137 129
137 130
137 131
137 132
137 133
137 134
137 135
137 136
138 2
138 10
138 19
138 26
138 36
138 42
138 48
138 53
138 58
138 63
138 70
138 74
138 78
138 87
138 90
138 93
138 104
138 106
138 108
138 121
138 122
138 123
138 129
138 130
138 131
138 132
138 133
138 134
138 135
138 136
138 137
139 3
139 11
139 20
139 27
139 37
139 43
139 54
139 59
139 64
139 71
139 75
139 79
139 88
139 91
139 94
139 105
139 107
139 109
139 122
139 123
139 124
139 129
139 130
139 131
139 132
139 133
139 134
139 135
139 136
139 137
139 138
140 4
140 12
140 21
140 28
140 38
140 44
140 55
140 60
140 72
140 76
140 80
140 89
140 92
140 95
140 106
140 108
140 110
140 123
140 124
140 125
140 129
140 130
140 131
140 132
140 133
140 134
140 135
140 136
140 137
140 138
140 139
141 5
141 13
141 22
141 29
141 39
141 45
141 56
141 61
141 73
141 77
141 90
141 93
141 96
141 107
141 109
141 111
141 124
141 125
141 126
141 129
141 130
141 131
141 132
141 133
141 134
141 135
141 136
141 137
141 138
141 139
141 140
142 6
142 14
142 23
142 30
142 40
142 46
142 57
142 62
142 74
142 78
142 91
142 94
142 108
142 110
142 112
142 125
142 126
142 127
142 129
142 130
142 131
142 132
142 133
142 134
142 135
142 136
142 137
142 138
142 139
142 140
142 141
143 7
143 15
143 24
143 31
143 41
143 47
143 58
143 63
143 75
143 79
143 92
143 95
143 109
143 111
143 126
143 127
143 128
143 129
143 130
143 131
143 132
143 133
143 134
143 135
143 136
143 137
143 138
143 139
143 140
143 141
143 142
144 8
144 16
144 25
144 32
144 42
144 48
144 59
144 64
144 76
144 80
144 93
144 96
144 110
144 112
144 127
144 128
144 129
144 130
144 131
144 132
144 133
144 134
144 135
144 136
144 137
144 138
144 139
144 140
144 141
144 142
144 143
145 1
145 10
145 17
145 25
145 33
145 40
145 49
145 55
145 65
145 70
145 81
145 85
145 97
145 100
145 113
145 115
145 129
145 130
146 2
146 11
146 18
146 26
146 34
146 41
146 50
146 56
146 66
146 71
146 82
146 86
146 98
146 101
146 114
146 116
146 129
146 130
146 131
146 145
147 3
147 12
147 19
147 27
147 35
147 42
147 51
147 57
147 67
147 72
147 83
147 87
147 99
147 102
147 113
147 115
147 117
147 130
147 131
147 132
147 145
147 146
148 4
148 13
148 20
148 28
148 36
148 43
148 52
148 58
148 68
148 73
148 84
148 88
148 97
148 100
148 103
148 114
148 116
148 118
148 131
148 132
148 133
148 145
148 146
148 147
149 5
149 14
149 21
149 29
149 37
149 44
149 53
149 59
149 69
149 74
149 81
149 85
149 89
149 98
149 101
149 104
149 115
149 117
149 119
149 132
149 133
149 134
149 145
149 146
149 147
149 148
150 6
150 15
150 22
150 30
150 38
150 45
150 54
150 60
150 65
150 70
150 75
150 82
150 86
150 90
150 99
150 102
150 105
150 116
150 118
150 120
150 133
150 134
150 135
150 145
150 146
150 147
150 148
150 149
151 7
151 16
151 23
151 31
151 39
151 46
151 49
151 55
151 61
151 66
151 71
151 76
151 83
151 87
151 91
151 100
151 103
151 106
151 117
151 119
151 121
151 134
151 135
151 136
151 145
151 146
151 147
151 148
151 149
151 150
152 8
152 24
152 32
152 33
152 40
152 47
152 50
152 56
152 62
152 67
152 72
152 77
152 84
152 88
152 92
152 101
152 104
152 107
152 118
152 120
152 122
152 135
152 136
152 137
152 145
152 146
152 147
152 148
152 149
152 150
152 151
153 9
153 17
153 25
153 34
153 41
153 48
153 51
153 57
153 63
153 68
153 73
153 78
153 85
153 89
153 93
153 102
153 105
153 108
153 119
153 121
153 123
153 136
153 137
153 138
153 145
153 146
153 147
153 148
153 149
153 150
153 151
153 152
154 1
154 10
154 18
154 26
154 35
154 42
154 52
154 58
154 64
154 69
154 74
154 79
154 86
154 90
154 94
154 103
154 106
154 109
154 120
154 122
154 124
154 137
154 138
154 139
154 145
154 146
154 147
154 148
154 149
154 150
154 151
154 152
154 153
155 2
155 11
155 19
155 27
155 36
155 43
155 53
155 59
155 70
155 75
155 80
155 87
155 91
155 95
155 104
155 107
155 110
155 121
155 123
155 125
155 138
155 139
155 140
155 145
155 146
155 147
155 148
155 149
155 150
155 151
155 152
155 153
155 154
156 3
156 12
156 20
156 28
156 37
156 44
156 54
156 60
156 71
156 76
156 88
156 92
156 96
156 105
156 108
156 111
156 122
156 124
156 126
156 139
156 140
156 141
156 145
156 146
156 147
156 148
156 149
156 150
156 151
156 152
156 153
156 154
156 155
157 4
157 13
157 21
157 29
157 38
157 45
157 55
157 61
157 72
157 77
157 89
157 93
157 106
157 109
157 112
157 123
157 125
157 127
157 140
157 141
157 142
157 145
157 146
157 147
157 148
157 149
157 150
157 151
157 152
157 153
157 154
157 155
157 156
158 5
158 14
158 22
158 30
158 39
158 46
158 56
158 62
158 73
158 78
158 90
158 94
158 107
158 110
158 124
158 126
158 128
158 141
158 142
158 143
158 145
158 146
158 147
158 148
158 149
158 150
158 151
158 152
158 153
158 154
158 155
158 156
158 157
159 6
159 15
159 23
159 31
159 40
159 47
159 57
159 63
159 74
159 79
159 91
159 95
159 108
159 111
159 125
159 127
159 142
159 143
159 144
159 145
159 146
159 147
159 148
159 149
159 150
159 151
159 152
159 153
159 154
159 155
159 156
159 157
159 158
160 7
160 16
160 24
160 32
160 41
160 48
160 58
160 64
160 75
160 80
160 92
160 96
160 109
160 112
160 126
160 128
160 143
160 144
160 145
160 146
160 147
160 148
160 149
160 150
160 151
160 152
160 153
160 154
160 155
160 156
160 157
160 158
160 159
161 1
161 11
161 17
161 26
161 33
161 41
161 49
161 56
161 65
161 71
161 81
161 86
161 97
161 101
161 113
161 116
161 129
161 131
161 145
161 146
162 2
162 12
162 18
162 27
162 34
162 42
162 50
162 57
162 66
162 72
162 82
162 87
162 98
162 102
162 114
162 117
162 130
162 132
162 145
162 146
162 147
162 161
163 3
163 13
163 19
163 28
163 35
163 43
163 51
163 58
163 67
163 73
163 83
163 88
163 99
163 103
163 115
163 118
163 129
163 131
163 133
163 146
163 147
163 148
163 161
163 162
164 4
164 14
164 20
164 29
164 36
164 44
164 52
164 59
164 68
164 74
164 84
164 89
164 100
164 104
164 113
164 116
164 119
164 130
164 132
164 134
164 147
164 148
164 149
164 161
164 162
164 163
165 5
165 15
165 21
165 30
165 37
165 45
165 53
165 60
165 69
165 75
165 85
165 90
165 97
165 101
165 105
165 114
165 117
165 120
165 131
165 133
165 135
165 148
165 149
165 150
165 161
165 162
165 163
165 164
166 6
166 16
166 22
166 31
166 38
166 46
166 54
166 61
166 70
166 76
166 81
166 86
166 91
166 98
166 102
166 106
166 115
166 118
166 121
166 132
166 134
166 136
166 149
166 150
166 151
166 161
166 162
166 163
166 164
166 165
167 7
167 23
167 32
167 39
167 47
167 55
167 62
167 65
167 71
167 77
167 82
167 87
167 92
167 99
167 103
167 107
167 116
167 119
167 122
167 133
167 135
167 137
167 150
167 151
167 152
167 161
167 162
167 163
167 164
167 165
167 166
168 8
168 24
168 40
168 48
168 49
168 56
168 63
168 66
168 72
168 78
168 83
168 88
168 93
168 100
168 104
168 108
168 117
168 120
168 123
168 134
168 136
168 138
168 151
168 152
168 153
168 161
168 162
168 163
168 164
168 165
168 166
168 167
169 9
169 25
169 33
169 41
169 50
169 57
169 64
169 67
169 73
169 79
169 84
169 89
169 94
169 101
169 105
169 109
169 118
169 121
169 124
169 135
169 137
169 139
169 152
169 153
169 154
169 161
169 162
169 163
169 164
169 165
169 166
169 167
169 168
170 10
170 17
170 26
170 34
170 42
170 51
170 58
170 68
170 74
170 80
170 85
170 90
170 95
170 102
170 106
170 110
170 119
170 122
170 125
170 136
170 138
170 140
170 153
170 154
170 155
170 161
170 162
170 163
170 164
170 165
170 166
170 167
170 168
170 169
171 1
171 11
171 18
171 27
171 35
171 43
171 52
171 59
171 69
171 75
171 86
171 91
171 96
171 103
171 107
171 111
171 120
171 123
171 126
171 137
171 139
171 141
171 154
171 155
171 156
171 161
171 162
171 163
171 164
171 165
171 166
171 167
171 168
171 169
171 170
172 2
172 12
172 19
172 28
172 36
172 44
172 53
172 60
172 70
172 76
172 87
172 92
172 104
172 108
172 112
172 121
172 124
172 127
172 138
172 140
172 142
172 155
172 156
172 157
172 161
172 162
172 163
172 164
172 165
172 166
172 167
172 168
172 169
172 170
172 171
173 3
173 13
173 20
173 29
173 37
173 45
173 54
173 61
173 71
173 77
173 88
173 93
173 105
173 109
173 122
173 125
173 128
173 139
173 141
173 143
173 156
173 157
173 158
173 161
173 162
173 163
173 164
173 165
173 166
173 167
173 168
173 169
173 170
173 171
173 172
174 4
174 14
174 21
174 30
174 38
174 46
174 55
174 62
174 72
174 78
174 89
174 94
174 106
174 110
174 123
174 126
174 140
174 142
174 144
174 157
174 158
174 159
174 161
174 162
174 163
174 164
174 165
174 166
174 167
174 168
174 169
174 170
174 171
174 172
174 173
175 5
175 15
175 22
175 31
175 39
175 47
175 56
175 63
175 73
175 79
175 90
175 95
175 107
175 111
175 124
175 127
175 141
175 143
175 158
175 159
175 160
175 161
175 162
175 163
175 164
175 165
175 166
175 167
175 168
175 169
175 170
175 171
175 172
175 173
175 174
176 6
176 16
176 23
176 32
176 40
176 48
176 57
176 64
176 74
176 80
176 91
176 96
176 108
176 112
176 125
176 128
176 142
176 144
176 159
176 160
176 161
176 162
176 163
176 164
176 165
176 166
176 167
176 168
176 169
176 170
176 171
176 172
176 173
176 174
176 175
177 1
177 12
177 17
177 27
177 33
177 42
177 49
177 57
177 65
177 72
177 81
177 87
177 97
177 102
177 113
177 117
177 129
177 132
177 145
177 147
177 161
177 162
178 2
178 13
178 18
178 28
178 34
178 43
178 50
178 58
178 66
178 73
178 82
178 88
178 98
178 103
178 114
178 118
178 130
178 133
178 146
178 148
178 161
178 162
178 163
178 177
179 3
179 14
179 19
179 29
179 35
179 44
179 51
179 59
179 67
179 74
179 83
179 89
179 99
179 104
179 115
179 119
179 131
179 134
179 145
179 147
179 149
179 162
179 163
179 164
179 177
179 178
180 4
180 15
180 20
180 30
180 36
180 45
180 52
180 60
180 68
180 75
180 84
180 90
180 100
180 105
180 116
180 120
180 129
180 132
180 135
180 146
180 148
180 150
180 163
180 164
180 165
180 177
180 178
180 179
181 5
181 16
181 21
181 31
181 37
181 46
181 53
181 61
181 69
181 76
181 85
181 91
181 101
181 106
181 113
181 117
181 121
181 130
181 133
181 136
181 147
181 149
181 151
181 164
181 165
181 166
181 177
181 178
181 179
181 180
182 6
182 22
182 32
182 38
182 47
182 54
182 62
182 70
182 77
182 86
182 92
182 97
182 102
182 107
182 114
182 118
182 122
182 131
182 134
182 137
182 148
182 150
182 152
182 165
182 166
182 167
182 177
182 178
182 179
182 180
182 181
183 7
183 23
183 39
183 48
183 55
183 63
183 71
183 78
183 81
183 87
183 93
183 98
183 103
183 108
183 115
183 119
183 123
183 132
183 135
183 138
183 149
183 151
183 153
183 166
183 167
183 168
183 177
183 178
183 179
183 180
183 181
183 182
184 8
184 24
184 40
184 56
184 64
184 65
184 72
184 79
184 82
184 88
184 94
184 99
184 104
184 109
184 116
184 120
184 124
184 133
184 136
184 139
184 150
184 152
184 154
184 167
184 168
184 169
184 177
184 178
184 179
184 180
184 181
184 182
184 183
185 9
185 25
185 41
185 49
185 57
185 66
185 73
185 80
185 83
185 89
185 95
185 100
185 105
185 110
185 117
185 121
185 125
185 134
185 137
185 140
185 151
185 153
185 155
185 168
185 169
185 170
185 177
185 178
185 179
185 180
185 181
185 182
185 183
185 184
186 10
186 26
186 33
186 42
186 50
186 58
186 67
186 74
186 84
186 90
186 96
186 101
186 106
186 111
186 118
186 122
186 126
186 135
186 138
186 141
186 152
186 154
186 156
186 169
186 170
186 171
186 177
186 178
186 179
186 180
186 181
186 182
186 183
186 184
186 185
187 11
187 17
187 27
187 34
187 43
187 51
187 59
187 68
187 75
187 85
187 91
187 102
187 107
187 112
187 119
187 123
187 127
187 136
187 139
187 142
187 153
187 155
187 157
187 170
187 171
187 172
187 177
187 178
187 179
187 180
187 181
187 182
187 183
187 184
187 185
187 186
188 1
188 12
188 18
188 28
188 35
188 44
188 52
188 60
188 69
188 76
188 86
188 92
188 103
188 108
188 120
188 124
188 128
188 137
188 140
188 143
188 154
188 156
188 158
188 171
188 172
188 173
188 177
188 178
188 179
188 180
188 181
188 182
188 183
188 184
188 185
188 186
188 187
189 2
189 13
189 19
189 29
189 36
189 45
189 53
189 61
189 70
189 77
189 87
189 93
189 104
189 109
189 121
189 125
189 138
189 141
189 144
189 155
189 157
189 159
189 172
189 173
189 174
189 177
189 178
189 179
189 180
189 181
189 182
189 183
189 184
189 185
189 186
189 187
189 188
190 3
190 14
190 20
190 30
190 37
190 46
190 54
190 62
190 71
190 78
190 88
190 94
190 105
190 110
190 122
190 126
190 139
190 142
190 156
190 158
190 160
190 173
190 174
190 175
190 177
190 178
190 179
190 180
190 181
190 182
190 183
190 184
190 185
190 186
190 187
190 188
190 189
191 4
191 15
191 21
191 31
191 38
191 47
191 55
191 63
191 72
191 79
191 89
191 95
191 106
191 111
191 123
191 127
191 140
191 143
191 157
191 159
191 174
191 175
191 176
191 177
191 178
191 179
191 180
191 181
191 182
191 183
191 184
191 185
191 186
191 187
191 188
191 189
191 190
192 5
192 16
192 22
192 32
192 39
192 48
192 56
192 64
192 73
192 80
192 90
192 96
192 107
192 112
192 124
192 128
192 141
192 144
192 158
192 160
192 175
192 176
192 177
192 178
192 179
192 180
192 181
192 182
192 183
192 184
192 185
192 186
192 187
192 188
192 189
192 190
192 191
193 1
193 13
193 17
193 28
193 33
193 43
193 49
193 58
193 65
193 73
193 81
193 88
193 97
193 103
193 113
193 118
193 129
193 133
193 145
193 148
193 161
193 163
193 177
193 178
194 2
194 14
194 18
194 29
194 34
194 44
194 50
194 59
194 66
194 74
194 82
194 89
194 98
194 104
194 114
194 119
194 130
194 134
194 146
194 149
194 162
194 164
194 177
194 178
194 179
194 193
195 3
195 15
195 19
195 30
195 35
195 45
195 51
195 60
195 67
195 75
195 83
195 90
195 99
195 105
195 115
195 120
195 131
195 135
195 147
195 150
195 161
195 163
195 165
195 178
195 179
195 180
195 193
195 194
196 4
196 16
196 20
196 31
196 36
196 46
196 52
196 61
196 68
196 76
196 84
196 91
196 100
196 106
196 116
196 121
196 132
196 136
196 145
196 148
196 151
196 162
196 164
196 166
196 179
196 180
196 181
196 193
196 194
196 195
197 5
197 21
197 32
197 37
197 47
197 53
197 62
197 69
197 77
197 85
197 92
197 101
197 107
197 117
197 122
197 129
197 133
197 137
197 146
197 149
197 152
197 163
197 165
197 167
197 180
197 181
197 182
197 193
197 194
197 195
197 196
198 6
198 22
198 38
198 48
198 54
198 63
198 70
198 78
198 86
198 93
198 102
198 108
198 113
198 118
198 123
198 130
198 134
198 138
198 147
198 150
198 153
198 164
198 166
198 168
198 181
198 182
198 183
198 193
198 194
198 195
198 196
198 197
199 7
199 23
199 39
199 55
199 64
199 71
199 79
199 87
199 94
199 97
199 103
199 109
199 114
199 119
199 124
199 131
199 135
199 139
199 148
199 151
199 154
199 165
199 167
199 169
199 182
199 183
199 184
199 193
199 194
199 195
199 196
199 197
199 198
200 8
200 24
200 40
200 56
200 72
200 80
200 81
200 88
200 95
200 98
200 104
200 110
200 115
200 120
200 125
200 132
200 136
200 140
200 149
200 152
200 155
200 166
200 168
200 170
200 183
200 184
200 185
200 193
200 194
200 195
200 196
200 197
200 198
200 199
201 9
201 25
201 41
201 57
201 65
201 73
201 82
201 89
201 96
201 99
201 105
201 111
201 116
201 121
201 126
201 133
201 137
201 141
201 150
201 153
201 156
201 167
201 169
201 171
201 184
201 185
201 186
201 193
201 194
201 195
201 196
201 197
201 198
201 199
201 200
202 10
202 26
202 42
202 49
202 58
202 66
202 74
202 83
202 90
202 100
202 106
202 112
202 117
202 122
202 127
202 134
202 138
202 142
202 151
202 154
202 157
202 168
202 170
202 172
202 185
202 186
202 187
202 193
202 194
202 195
202 196
202 197
202 198
202 199
202 200
202 201
203 11
203 27
203 33
203 43
203 50
203 59
203 67
203 75
203 84
203 91
203 101
203 107
203 118
203 123
203 128
203 135
203 139
203 143
203 152
203 155
203 158
203 169
203 171
203 173
203 186
203 187
203 188
203 193
203 194
203 195
203 196
203 197
203 198
203 199
203 200
203 201
203 202
204 12
204 17
204 28
204 34
204 44
204 51
204 60
204 68
204 76
204 85
204 92
204 102
204 108
204 119
204 124
204 136
204 140
204 144
204 153
204 156
204 159
204 170
204 172
204 174
204 187
204 188
204 189
204 193
204 194
204 195
204 196
204 197
204 198
204 199
204 200
204 201
204 202
204 203
205 1
205 13
205 18
205 29
205 35
205 45
205 52
205 61
205 69
205 77
205 86
205 93
205 103
205 109
205 120
205 125
205 137
205 141
205 154
205 157
205 160
205 171
205 173
205 175
205 188
205 189
205 190
205 193
205 194
205 195
205 196
205 197
205 198
205 199
205 200
205 201
205 202
205 203
205 204
206 2
206 14
206 19
206 30
206 36
206 46
206 53
206 62
206 70
206 78
206 87
206 94
206 104
206 110
206 121
206 126
206 138
206 142
206 155
206 158
206 172
206 174
206 176
206 189
206 190
206 191
206 193
206 194
206 195
206 196
206 197
206 198
206 199
206 200
206 201
206 202
206 203
206 204
206 205
207 3
207 15
207 20
207 31
207 37
207 47
207 54
207 63
207 71
207 79
207 88
207 95
207 105
207 111
207 122
207 127
207 139
207 143
207 156
207 159
207 173
207 175
207 190
207 191
207 192
207 193
207 194
207 195
207 196
207 197
207 198
207 199
207 200
207 201
207 202
207 203
207 204
207 205
207 206
208 4
208 16
208 21
208 32
208 38
208 48
208 55
208 64
208 72
208 80
208 89
208 96
208 106
208 112
208 123
208 128
208 140
208 144
208 157
208 160
208 174
208 176
208 191
208 192
208 193
208 194
208 195
208 196
208 197
208 198
208 199
208 200
208 201
208 202
208 203
208 204
208 205
208 206
208 207
209 1
209 14
209 17
209 29
209 33
209 44
209 49
209 59
209 65
209 74
209 81
209 89
209 97
209 104
209 113
209 119
209 129
209 134
209 145
209 149
209 161
209 164
209 177
209 179
209 193
209 194
210 2
210 15
210 18
210 30
210 34
210 45
210 50
210 60
210 66
210 75
210 82
210 90
210 98
210 105
210 114
210 120
210 130
210 135
210 146
210 150
210 162
210 165
210 178
210 180
210 193
210 194
210 195
210 209
211 3
211 16
211 19
211 31
211 35
211 46
211 51
211 61
211 67
211 76
211 83
211 91
211 99
211 106
211 115
211 121
211 131
211 136
211 147
211 151
211 163
211 166
211 177
211 179
211 181
211 194
211 195
211 196
211 209
211 210
212 4
212 20
212 32
212 36
212 47
212 52
212 62
212 68
212 77
212 84
212 92
212 100
212 107
212 116
212 122
212 132
212 137
212 148
212 152
212 161
212 164
212 167
212 178
212 180
212 182
212 195
212 196
212 197
212 209
212 210
212 211
213 5
213 21
213 37
213 48
213 53
213 63
213 69
213 78
213 85
213 93
213 101
213 108
213 117
213 123
213 133
213 138
213 145
213 149
213 153
213 162
213 165
213 168
213 179
213 181
213 183
213 196
213 197
213 198
213 209
213 210
213 211
213 212
214 6
214 22
214 38
214 54
214 64
214 70
214 79
214 86
214 94
214 102
214 109
214 118
214 124
214 129
214 134
214 139
214 146
214 150
214 154
214 163
214 166
214 169
214 180
214 182
214 184
214 197
214 198
214 199
214 209
214 210
214 211
214 212
214 213
215 7
215 23
215 39
215 55
215 71
215 80
215 87
215 95
215 103
215 110
215 113
215 119
215 125
215 130
215 135
215 140
215 147
215 151
215 155
215 164
215 167
215 170
215 181
215 183
215 185
215 198
215 199
215 200
215 209
215 210
215 211
215 212
215 213
215 214
216 8
216 24
216 40
216 56
216 72
216 88
216 96
216 97
216 104
216 111
216 114
216 120
216 126
216 131
216 136
216 141
216 148
216 152
216 156
216 165
216 168
216 171
216 182
216 184
216 186
216 199
216 200
216 201
216 209
216 210
216 211
216 212
216 213
216 214
216 215
217 9
217 25
217 41
217 57
217 73
217 81
217 89
217 98
217 105
217 112
217 115
217 121
217 127
217 132
217 137
217 142
217 149
217 153
217 157
217 166
217 169
217 172
217 183
217 185
217 187
217 200
217 201
217 202
217 209
217 210
217 211
217 212
217 213
217 214
217 215
217 216
218 10
218 26
218 42
218 58
218 65
218 74
218 82
218 90
218 99
218 106
218 116
218 122
218 128
218 133
218 138
218 143
218 150
218 154
218 158
218 167
218 170
218 173
218 184
218 186
218 188
218 201
218 202
218 203
218 209
218 210
218 211
218 212
218 213
218 214
218 215
218 216
218 217
219 11
219 27
219 43
219 49
219 59
219 66
219 75
219 83
219 91
219 100
219 107
219 117
219 123
219 134
219 139
219 144
219 151
219 155
219 159
219 168
219 171
219 174
219 185
219 187
219 189
219 202
219 203
219 204
219 209
219 210
219 211
219 212
219 213
219 214
219 215
219 216
219 217
219 218
220 12
220 28
220 33
220 44
220 50
220 60
220 67
220 76
220 84
220 92
220 101
220 108
220 118
220 124
220 135
220 140
220 152
220 156
220 160
220 169
220 172
220 175
220 186
220 188
220 190
220 203
220 204
220 205
220 209
220 210
220 211
220 212
220 213
220 214
220 215
220 216
220 217
220 218
220 219
221 13
221 17
221 29
221 34
221 45
221 51
221 61
221 68
221 77
221 85
221 93
221 102
221 109
221 119
221 125
221 136
221 141
221 153
221 157
221 170
221 173
221 176
221 187
221 189
221 191
221 204
221 205
221 206
221 209
221 210
221 211
221 212
221 213
221 214
221 215
221 216
221 217
221 218
221 219
221 220
222 1
222 14
222 18
222 30
222 35
222 46
222 52
222 62
222 69
222 78
222 86
222 94
222 103
222 110
222 120
222 126
222 137
222 142
222 154
222 158
222 171
222 174
222 188
222 190
222 192
222 205
222 206
222 207
222 209
222 210
222 211
222 212
222 213
222 214
222 215
222 216
222 217
222 218
222 219
222 220
222 221
223 2
223 15
223 19
223 31
223 36
223 47
223 53
223 63
223 70
223 79
223 87
223 95
223 104
223 111
223 121
223 127
223 138
223 143
223 155
223 159
223 172
223 175
223 189
223 191
223 206
223 207
223 208
223 209
223 210
223 211
223 212
223 213
223 214
223 215
223 216
223 217
223 218
223 219
223 220
223 221
223 222
224 3
224 16
224 20
224 32
224 37
224 48
224 54
224 64
224 71
224 80
224 88
224 96
224 105
224 112
224 122
224 128
224 139
224 144
224 156
224 160
224 173
224 176
224 190
224 192
224 207
224 208
224 209
224 210
224 211
224 212
224 213
224 214
224 215
224 216
224 217
224 218
224 219
224 220
224 221
224 222
224 223
225 1
225 15
225 17
225 30
225 33
225 45
225 49
225 60
225 65
225 75
225 81
225 90
225 97
225 105
225 113
225 120
225 129
225 135
225 145
225 150
225 161
225 165
225 177
225 180
225 193
225 195
225 209
225 210
226 2
226 16
226 18
226 31
226 34
226 46
226 50
226 61
226 66
226 76
226 82
226 91
226 98
226 106
226 114
226 121
226 130
226 136
226 146
226 151
226 162
226 166
226 178
226 181
226 194
226 196
226 209
226 210
226 211
226 225
227 3
227 19
227 32
227 35
227 47
227 51
227 62
227 67
227 77
227 83
227 92
227 99
227 107
227 115
227 122
227 131
227 137
227 147
227 152
227 163
227 167
227 179
227 182
227 193
227 195
227 197
227 210
227 211
227 212
227 225
227 226
228 4
228 20
228 36
228 48
228 52
228 63
228 68
228 78
228 84
228 93
228 100
228 108
228 116
228 123
228 132
228 138
228 148
228 153
228 164
228 168
228 177
228 180
228 183
228 194
228 196
228 198
228 211
228 212
228 213
228 225
228 226
228 227
229 5
229 21
229 37
229 53
229 64
229 69
229 79
229 85
229 94
229 101
229 109
229 117
229 124
229 133
229 139
229 149
229 154
229 161
229 165
229 169
229 178
229 181
229 184
229 195
229 197
229 199
229 212
229 213
229 214
229 225
229 226
229 227
229 228
230 6
230 22
230 38
230 54
230 70
230 80
230 86
230 95
230 102
230 110
230 118
230 125
230 134
230 140
230 145
230 150
230 155
230 162
230 166
230 170
230 179
230 182
230 185
230 196
230 198
230 200
230 213
230 214
230 215
230 225
230 226
230 227
230 228
230 229
231 7
231 23
231 39
231 55
231 71
231 87
231 96
231 103
231 111
231 119
231 126
231 129
231 135
231 141
231 146
231 151
231 156
231 163
231 167
231 171
231 180
231 183
231 186
231 197
231 199
231 201
231 214
231 215
231 216
231 225
231 226
231 227
231 228
231 229
231 230
232 8
232 24
232 40
232 56
232 72
232 88
232 104
232 112
232 113
232 120
232 127
232 130
232 136
232 142
232 147
232 152
232 157
232 164
232 168
232 172
232 181
232 184
232 187
232 198
232 200
232 202
232 215
232 216
232 217
232 225
232 226
232 227
232 228
232 229
232 230
232 231
233 9
233 25
233 41
233 57
233 73
233 89
233 97
233 105
233 114
233 121
233 128
233 131
233 137
233 143
233 148
233 153
233 158
233 165
233 169
233 173
233 182
233 185
233 188
233 199
233 201
233 203
233 216
233 217
233 218
233 225
233 226
233 227
233 228
233 229
233 230
233 231
233 232
234 10
234 26
234 42
234 58
234 74
234 81
234 90
234 98
234 106
234 115
234 122
234 132
234 138
234 144
234 149
234 154
234 159
234 166
234 170
234 174
234 183
234 186
234 189
234 200
234 202
234 204
234 217
234 218
234 219
234 225
234 226
234 227
234 228
234 229
234 230
234 231
234 232
234 233
235 11
235 27
235 43
235 59
235 65
235 75
235 82
235 91
235 99
235 107
235 116
235 123
235 133
235 139
235 150
235 155
235 160
235 167
235 171
235 175
235 184
235 187
235 190
235 201
235 203
235 205
235 218
235 219
235 220
235 225
235 226
235 227
235 228
235 229
235 230
235 231
235 232
235 233
235 234
236 12
236 28
236 44
236 49
236 60
236 66
236 76
236 83
236 92
236 100
236 108
236 117
236 124
236 134
236 140
236 151
236 156
236 168
236 172
236 176
236 185
236 188
236 191
236 202
236 204
236 206
236 219
236 220
236 221
236 225
236 226
236 227
236 228
236 229
236 230
236 231
236 232
236 233
236 234
236 235
237 13
237 29
237 33
237 45
237 50
237 61
237 67
237 77
237 84
237 93
237 101
237 109
237 118
237 125
237 135
237 141
237 152
237 157
237 169
237 173
237 186
237 189
237 192
237 203
237 205
237 207
237 220
237 221
237 222
237 225
237 226
237 227
237 228
237 229
237 230
237 231
237 232
237 233
237 234
237 235
237 236
238 14
238 17
238 30
238 34
238 46
238 51
238 62
238 68
238 78
238 85
238 94
238 102
238 110
238 119
238 126
238 136
238 142
238 153
238 158
238 170
238 174
238 187
238 190
238 204
238 206
238 208
238 221
238 222
238 223
238 225
238 226
238 227
238 228
238 229
238 230
238 231
238 232
238 233
238 234
238 235
238 236
238 237
239 1
239 15
239 18
239 31
239 35
239 47
239 52
239 63
239 69
239 79
239 86
239 95
239 103
239 111
239 120
239 127
239 137
239 143
239 154
239 159
239 171
239 175
239 188
239 191
239 205
239 207
239 222
239 223
239 224
239 225
239 226
239 227
239 228
239 229
239 230
239 231
239 232
239 233
239 234
239 235
239 236
239 237
239 238
240 2
240 16
240 19
240 32
240 36
240 48
240 53
240 64
240 70
240 80
240 87
240 96
240 104
240 112
240 121
240 128
240 138
240 144
240 155
240 160
240 172
240 176
240 189
240 192
240 206
240 208
240 223
240 224
240 225
240 226
240 227
240 228
240 229
240 230
240 231
240 232
240 233
240 234
240 235
240 236
240 237
240 238
240 239
241 1
241 16
241 17
241 31
241 33
241 46
241 49
241 61
241 65
241 76
241 81
241 91
241 97
241 106
241 113
241 121
241 129
241 136
241 145
241 151
241 161
241 166
241 177
241 181
241 193
241 196
241 209
241 211
241 225
241 226
242 2
242 18
242 32
242 34
242 47
242 50
242 62
242 66
242 77
242 82
242 92
242 98
242 107
242 114
242 122
242 130
242 137
242 146
242 152
242 162
242 167
242 178
242 182
242 194
242 197
242 210
242 212
242 225
242 226
242 227
242 241
243 3
243 19
243 35
243 48
243 51
243 63
243 67
243 78
243 83
243 93
243 99
243 108
243 115
243 123
243 131
243 138
243 147
243 153
243 163
243 168
243 179
243 183
243 195
243 198
243 209
243 211
243 213
243 226
243 227
243 228
243 241
243 242
244 4
244 20
244 36
244 52
244 64
244 68
244 79
244 84
244 94
244 100
244 109
244 116
244 124
244 132
244 139
244 148
244 154
244 164
244 169
244 180
244 184
244 193
244 196
244 199
244 210
244 212
244 214
244 227
244 228
244 229
244 241
244 242
244 243
245 5
245 21
245 37
245 53
245 69
245 80
245 85
245 95
245 101
245 110
245 117
245 125
245 133
245 140
245 149
245 155
245 165
245 170
245 177
245 181
245 185
245 194
245 197
245 200
245 211
245 213
245 215
245 228
245 229
245 230
245 241
245 242
245 243
245 244
246 6
246 22
246 38
246 54
246 70
246 86
246 96
246 102
246 111
246 118
246 126
246 134
246 141
246 150
246 156
246 161
246 166
246 171
246 178
246 182
246 186
246 195
246 198
246 201
246 212
246 214
246 216
246 229
246 230
246 231
246 241
246 242
246 243
246 244
246 245
247 7
247 23
247 39
247 55
247 71
247 87
247 103
247 112
247 119
247 127
247 135
247 142
247 145
247 151
247 157
247 162
247 167
247 172
247 179
247 183
247 187
247 196
247 199
247 202
247 213
247 215
247 217
247 230
247 231
247 232
247 241
247 242
247 243
247 244
247 245
247 246
248 8
248 24
248 40
248 56
248 72
248 88
248 104
248 120
248 128
248 129
248 136
248 143
248 146
248 152
248 158
248 163
248 168
248 173
248 180
248 184
248 188
248 197
248 200
248 203
248 214
248 216
248 218
248 231
248 232
248 233
248 241
248 242
248 243
248 244
248 245
248 246
248 247
249 9
249 25
249 41
249 57
249 73
249 89
249 105
249 113
249 121
249 130
249 137
249 144
249 147
249 153
249 159
249 164
249 169
249 174
249 181
249 185
249 189
249 198
249 201
249 204
249 215
249 217
249 219
249 232
249 233
249 234
249 241
249 242
249 243
249 244
249 245
249 246
249 247
249 248
250 10
250 26
250 42
250 58
250 74
250 90
250 97
250 106
250 114
250 122
250 131
250 138
250 148
250 154
250 160
250 165
250 170
250 175
250 182
250 186
250 190
250 199
250 202
250 205
250 216
250 218
250 220
250 233
250 234
250 235
250 241
250 242
250 243
250 244
250 245
250 246
250 247
250 248
250 249
251 11
251 27
251 43
251 59
251 75
251 81
251 91
251 98
251 107
251 115
251 123
251 132
251 139
251 149
251 155
251 166
251 171
251 176
251 183
251 187
251 191
251 200
251 203
251 206
251 217
251 219
251 221
251 234
251 235
251 236
251 241
251 242
251 243
251 244
251 245
251 246
251 247
251 248
251 249
251 250
252 12
252 28
252 44
252 60
252 65
252 76
252 82
252 92
252 99
252 108
252 116
252 124
252 133
252 140
252 150
252 156
252 167
252 172
252 184
252 188
252 192
252 201
252 204
252 207
252 218
252 220
252 222
252 235
252 236
252 237
252 241
252 242
252 243
252 244
252 245
252 246
252 247
252 248
252 249
252 250
252 251
253 13
253 29
253 45
253 49
253 61
253 66
253 77
253 83
253 93
253 100
253 109
253 117
253 125
253 134
253 141
253 151
253 157
253 168
253 173
253 185
253 189
253 202
253 205
253 208
253 219
253 221
253 223
253 236
253 237
253 238
253 241
253 242
253 243
253 244
253 245
253 246
253 247
253 248
253 249
253 250
253 251
253 252
254 14
254 30
254 33
254 46
254 50
254 62
254 67
254 78
254 84
254 94
254 101
254 110
254 118
254 126
254 135
254 142
254 152
254 158
254 169
254 174
254 186
254 190
254 203
254 206
254 220
254 222
254 224
254 237
254 238
254 239
254 241
254 242
254 243
254 244
254 245
254 246
254 247
254 248
254 249
254 250
254 251
254 252
254 253
255 15
255 17
255 31
255 34
255 47
255 51
255 63
255 68
255 79
255 85
255 95
255 102
255 111
255 119
255 127
255 136
255 143
255 153
255 159
255 170
255 175
255 187
255 191
255 204
255 207
255 221
255 223
255 238
255 239
255 240
255 241
255 242
255 243
255 244
255 245
255 246
255 247
255 248
255 249
255 250
255 251
255 252
255 253
255 254
256 1
256 16
256 18
256 32
256 35
256 48
256 52
256 64
256 69
256 80
256 86
256 96
256 103
256 112
256 120
256 128
256 137
256 144
256 154
256 160
256 171
256 176
256 188
256 192
256 205
256 208
256 222
256 224
256 239
256 240
256 241
256 242
256 243
256 244
256 245
256 246
256 247
256 248
256 249
256 250
256 251
256 252
256 253
256 254
256 255
?